Date,Energy Generated,Efficiency,Energy Exported,Energy Used,Peak Power,Peak Time,Condition,Min. Temperature,Max. Temperature,Peak Energy Import,Off-Peak Energy Import,Shoulder Energy Import,High-Shoulder Energy Import,Insolation
20220409,14373,4.991,12012,0,2193,14:30,Partly Cloudy,0,0,NaN,NaN,NaN,NaN,12908
20220408,12389,4.302,10588,0,2468,14:50,Partly Cloudy,0,0,NaN,NaN,NaN,NaN,12779
20220407,13009,4.517,11301,0,2107,14:20,Partly Cloudy,0,0,NaN,NaN,NaN,NaN,12649
20220406,11851,4.115,9700,0,2002,14:05,Partly Cloudy,0,0,NaN,NaN,NaN,NaN,12518
20220405,15048,5.225,13008,0,2068,14:15,Fine,0,0,NaN,NaN,NaN,NaN,12387
20220404,11545,4.009,9680,0,2469,14:15,Partly Cloudy,0,0,NaN,NaN,NaN,NaN,12255
20220403,10109,3.510,7023,0,2419,13:55,Mostly Cloudy,0,0,NaN,NaN,NaN,NaN,12122
20220402,5191,1.802,2669,0,777,13:00,Cloudy,0,0,NaN,NaN,NaN,NaN,11989
20220401,8513,2.956,7112,0,2291,13:05,Mostly Cloudy,0,0,NaN,NaN,NaN,NaN,11856
20220331,7162,2.487,5664,0,2167,13:50,Cloudy,0,0,NaN,NaN,NaN,NaN,11721
20220330,4006,1.391,2801,0,1415,14:10,Cloudy,0,0,NaN,NaN,NaN,NaN,11587
20220329,10726,3.724,9123,0,1827,13:45,Mostly Cloudy,0,0,NaN,NaN,NaN,NaN,11452
20220328,11873,4.123,10438,0,1761,14:15,Partly Cloudy,0,0,NaN,NaN,NaN,NaN,11316
20220327,11516,3.999,9207,0,1880,15:30,Mostly Cloudy,0,0,NaN,NaN,NaN,NaN,11180
20220326,11945,4.148,9699,0,1766,13:40,Partly Cloudy,0,0,NaN,NaN,NaN,NaN,11044
20220325,12470,4.330,10627,0,1862,13:20,Partly Cloudy,0,0,NaN,NaN,NaN,NaN,10908
20220324,12521,4.348,11018,0,1824,13:25,Partly Cloudy,0,0,NaN,NaN,NaN,NaN,10772
20220323,12540,4.354,10562,0,1816,13:30,Partly Cloudy,0,0,NaN,NaN,NaN,NaN,10635
20220322,12310,4.274,10782,0,1816,13:40,Partly Cloudy,0,0,NaN,NaN,NaN,NaN,10499
20220321,11560,4.014,10037,0,1834,13:25,Partly Cloudy,0,0,NaN,NaN,NaN,NaN,10362
20220320,11694,4.060,9521,0,1767,13:35,Partly Cloudy,0,0,NaN,NaN,NaN,NaN,10225
20220319,11421,3.966,7532,0,1757,13:45,Mostly Cloudy,0,0,NaN,NaN,NaN,NaN,10089
20220318,5356,1.860,3689,0,1333,13:15,Cloudy,0,0,NaN,NaN,NaN,NaN,9952
20220317,3569,1.239,2374,0,918,14:20,Cloudy,0,0,NaN,NaN,NaN,NaN,9816
20220316,8234,2.859,6565,0,1416,13:50,Mostly Cloudy,0,0,NaN,NaN,NaN,NaN,9680
20220315,4439,1.541,3028,0,952,11:10,Cloudy,0,0,NaN,NaN,NaN,NaN,9544
20220314,6734,2.338,5414,0,1282,13:30,Cloudy,0,0,NaN,NaN,NaN,NaN,9408
20220313,9766,3.391,7354,0,1939,14:40,Mostly Cloudy,0,0,NaN,NaN,NaN,NaN,9273
20220312,6696,2.325,3601,0,1467,13:55,Cloudy,0,0,NaN,NaN,NaN,NaN,9138
20220311,5651,1.962,4252,0,1500,11:30,Cloudy,0,0,NaN,NaN,NaN,NaN,9004
20220310,11039,3.833,9600,0,1734,13:55,Mostly Cloudy,0,0,NaN,NaN,NaN,NaN,8870
20220309,11519,4.000,10046,0,1824,13:50,Mostly Cloudy,0,0,NaN,NaN,NaN,NaN,8736
20220308,6196,2.151,4976,0,1784,14:05,Cloudy,0,0,NaN,NaN,NaN,NaN,8604
20220307,10758,3.735,9286,0,1711,13:55,Mostly Cloudy,0,0,NaN,NaN,NaN,NaN,8471
20220306,9949,3.455,8169,0,1836,12:50,Mostly Cloudy,0,0,NaN,NaN,NaN,NaN,8340
20220305,10470,3.635,7315,0,1969,14:00,Mostly Cloudy,0,0,NaN,NaN,NaN,NaN,8209
20220304,8588,2.982,6737,0,1686,13:50,Mostly Cloudy,0,0,NaN,NaN,NaN,NaN,8079
20220303,10231,3.552,8563,0,1675,13:50,Mostly Cloudy,0,0,NaN,NaN,NaN,NaN,7950
20220302,8785,3.050,7166,0,1916,14:15,Mostly Cloudy,0,0,NaN,NaN,NaN,NaN,7822
20220301,11032,3.831,9589,0,1738,13:35,Mostly Cloudy,0,0,NaN,NaN,NaN,NaN,7694
20220228,10593,3.678,9074,0,1710,13:50,Mostly Cloudy,0,0,NaN,NaN,NaN,NaN,7568
20220227,10493,3.643,8605,0,1689,13:10,Mostly Cloudy,0,0,NaN,NaN,NaN,NaN,7442
20220226,10681,3.709,7850,0,1725,14:00,Mostly Cloudy,0,0,NaN,NaN,NaN,NaN,7318
20220225,9169,3.184,7886,0,1623,14:35,Mostly Cloudy,0,0,NaN,NaN,NaN,NaN,7194
20220224,6919,2.402,5679,0,1729,14:30,Cloudy,0,0,NaN,NaN,NaN,NaN,7072
20220223,9812,3.407,8670,0,1610,13:35,Mostly Cloudy,0,0,NaN,NaN,NaN,NaN,6951
20220222,10136,3.519,8746,0,1690,13:35,Mostly Cloudy,0,0,NaN,NaN,NaN,NaN,6831
20220221,9418,3.270,7748,0,1754,12:05,Mostly Cloudy,0,0,NaN,NaN,NaN,NaN,6713
20220220,6684,2.321,5092,0,1599,14:15,Cloudy,0,0,NaN,NaN,NaN,NaN,6596
20220219,5685,1.974,3754,0,1478,13:40,Cloudy,0,0,NaN,NaN,NaN,NaN,6480
20220218,3703,1.286,2458,0,1082,13:20,Cloudy,0,0,NaN,NaN,NaN,NaN,6365
20220217,9281,3.223,7998,0,1585,14:00,Mostly Cloudy,0,0,NaN,NaN,NaN,NaN,6252
20220216,7336,2.547,5819,0,1905,14:30,Mostly Cloudy,0,0,NaN,NaN,NaN,NaN,6140
20220215,1889,0.656,704,0,391,12:40,Showers,0,0,NaN,NaN,NaN,NaN,6030
20220214,1650,0.573,678,0,435,12:55,Showers,0,0,NaN,NaN,NaN,NaN,5921
20220213,8184,2.842,5810,0,1454,13:45,Mostly Cloudy,0,0,NaN,NaN,NaN,NaN,5814
20220212,8088,2.808,5789,0,1469,13:30,Mostly Cloudy,0,0,NaN,NaN,NaN,NaN,5709
20220211,6478,2.249,5222,0,1558,12:50,Cloudy,0,0,NaN,NaN,NaN,NaN,5605
20220210,3425,1.189,2101,0,1305,14:50,Cloudy,0,0,NaN,NaN,NaN,NaN,5503
20220209,7736,2.686,6567,0,1444,13:50,Mostly Cloudy,0,0,NaN,NaN,NaN,NaN,5402
20220208,7976,2.769,6750,0,1438,13:35,Mostly Cloudy,0,0,NaN,NaN,NaN,NaN,5303
20220207,8424,2.925,7132,0,1494,13:35,Mostly Cloudy,0,0,NaN,NaN,NaN,NaN,5206
20220206,3630,1.260,1611,0,1496,13:25,Cloudy,0,0,NaN,NaN,NaN,NaN,5111
20220205,5940,2.062,3617,0,1239,13:05,Cloudy,0,0,NaN,NaN,NaN,NaN,5017
20220204,6068,2.107,4886,0,1315,12:10,Cloudy,0,0,NaN,NaN,NaN,NaN,4926
20220203,5556,1.929,4354,0,1344,14:45,Cloudy,0,0,NaN,NaN,NaN,NaN,4836
20220202,7227,2.509,6119,0,1378,13:45,Mostly Cloudy,0,0,NaN,NaN,NaN,NaN,4748
20220201,7265,2.523,6080,0,1402,13:40,Mostly Cloudy,0,0,NaN,NaN,NaN,NaN,4662
20220131,6347,2.204,5150,0,1337,13:35,Cloudy,0,0,NaN,NaN,NaN,NaN,4578
20220130,6434,2.234,4769,0,1347,13:40,Cloudy,0,0,NaN,NaN,NaN,NaN,4495
20220129,6056,2.103,4166,0,1296,13:35,Cloudy,0,0,NaN,NaN,NaN,NaN,4415
20220128,6968,2.419,5802,0,1368,13:40,Cloudy,0,0,NaN,NaN,NaN,NaN,4337
20220127,3261,1.132,2173,0,1072,13:55,Cloudy,0,0,NaN,NaN,NaN,NaN,4260
20220126,1510,0.524,498,0,343,13:05,Showers,0,0,NaN,NaN,NaN,NaN,4186
20220125,4690,1.628,3433,0,1143,13:45,Cloudy,0,0,NaN,NaN,NaN,NaN,4114
20220124,5456,1.894,4201,0,1199,13:05,Cloudy,0,0,NaN,NaN,NaN,NaN,4043
20220123,4279,1.486,2214,0,1194,13:25,Cloudy,0,0,NaN,NaN,NaN,NaN,3975
20220122,3874,1.345,2572,0,1223,13:55,Cloudy,0,0,NaN,NaN,NaN,NaN,3909
20220121,3545,1.231,2297,0,1144,14:25,Cloudy,0,0,NaN,NaN,NaN,NaN,3844
20220120,4154,1.442,2952,0,1176,12:50,Cloudy,0,0,NaN,NaN,NaN,NaN,3782
20220119,4903,1.702,3810,0,1083,13:35,Cloudy,0,0,NaN,NaN,NaN,NaN,3722
20220118,5162,1.792,4046,0,1134,13:40,Cloudy,0,0,NaN,NaN,NaN,NaN,3664
20220117,5843,2.029,4735,0,1252,11:35,Cloudy,0,0,NaN,NaN,NaN,NaN,3608
20220116,3524,1.224,1755,0,1135,13:30,Cloudy,0,0,NaN,NaN,NaN,NaN,3554
20220115,4578,1.590,1955,0,1167,13:45,Cloudy,0,0,NaN,NaN,NaN,NaN,3502
20220114,5070,1.760,3965,0,1161,13:45,Cloudy,0,0,NaN,NaN,NaN,NaN,3453
20220113,5467,1.898,4338,0,1174,13:30,Cloudy,0,0,NaN,NaN,NaN,NaN,3405
20220112,5538,1.923,4422,0,1144,13:50,Cloudy,0,0,NaN,NaN,NaN,NaN,3359
20220111,5602,1.945,4438,0,1137,14:10,Cloudy,0,0,NaN,NaN,NaN,NaN,3316
20220110,5080,1.764,4032,0,1153,13:55,Cloudy,0,0,NaN,NaN,NaN,NaN,3274
20220109,4967,1.725,2626,0,1171,13:35,Cloudy,0,0,NaN,NaN,NaN,NaN,3235
20220108,5261,1.827,3284,0,1134,13:20,Cloudy,0,0,NaN,NaN,NaN,NaN,3197
20220107,3565,1.238,1526,0,1525,13:55,Cloudy,0,0,NaN,NaN,NaN,NaN,3162
20220106,5556,1.929,3701,0,1168,13:05,Cloudy,0,0,NaN,NaN,NaN,NaN,3129
20220105,1159,0.402,10,0,475,11:15,Showers,0,0,NaN,NaN,NaN,NaN,3098
20220104,558,0.194,0,0,165,11:45,Showers,0,0,NaN,NaN,NaN,NaN,3069
20220103,1745,0.606,575,0,505,12:40,Showers,0,0,NaN,NaN,NaN,NaN,3042
20220102,3307,1.148,1165,0,1213,12:30,Cloudy,0,0,NaN,NaN,NaN,NaN,3017
20220101,5031,1.747,1668,0,1058,13:05,Cloudy,0,0,NaN,NaN,NaN,NaN,2994
20211231,4876,1.693,2099,0,1108,13:00,Cloudy,0,0,NaN,NaN,NaN,NaN,2973
20211230,0,0.000,0,0,0,22:10,Not Sure,0,0,NaN,NaN,NaN,NaN,2954
20211228,1919,0.666,405,0,834,13:45,Showers,0,0,NaN,NaN,NaN,NaN,2922
20211227,864,0.300,0,0,362,12:05,Showers,0,0,NaN,NaN,NaN,NaN,2910
20211226,2649,0.920,470,0,1084,12:55,Showers,0,0,NaN,NaN,NaN,NaN,2899
20211225,816,0.283,0,0,225,10:40,Showers,0,0,NaN,NaN,NaN,NaN,2890
20211224,585,0.203,0,0,236,13:45,Showers,0,0,NaN,NaN,NaN,NaN,2884
20211223,3213,1.116,1183,0,1052,11:55,Cloudy,0,0,NaN,NaN,NaN,NaN,2879
20211222,4677,1.624,2456,0,1178,12:40,Cloudy,0,0,NaN,NaN,NaN,NaN,2877
20211221,1037,0.360,0,0,225,12:40,Showers,0,0,NaN,NaN,NaN,NaN,2876
20211220,4701,1.632,2529,0,1076,12:55,Cloudy,0,0,NaN,NaN,NaN,NaN,2877
20211219,4921,1.709,3056,0,1081,13:20,Cloudy,0,0,NaN,NaN,NaN,NaN,2881
20211218,4651,1.615,2437,0,1032,13:15,Cloudy,0,0,NaN,NaN,NaN,NaN,2886
20211217,4565,1.585,2332,0,1046,13:25,Cloudy,0,0,NaN,NaN,NaN,NaN,2894
20211216,4588,1.593,3266,0,993,13:15,Cloudy,0,0,NaN,NaN,NaN,NaN,2904
20211215,4702,1.633,3432,0,1053,13:05,Cloudy,0,0,NaN,NaN,NaN,NaN,2915
20211214,3686,1.280,2181,0,1099,12:40,Cloudy,0,0,NaN,NaN,NaN,NaN,2929
20211213,4898,1.701,3712,0,1047,13:15,Cloudy,0,0,NaN,NaN,NaN,NaN,2944
20211212,5200,1.806,3827,0,1085,13:00,Cloudy,0,0,NaN,NaN,NaN,NaN,2962
20211211,5020,1.743,2952,0,1099,13:00,Cloudy,0,0,NaN,NaN,NaN,NaN,2982
20211210,415,0.144,0,0,130,13:45,Showers,0,0,NaN,NaN,NaN,NaN,3004
20211209,2768,0.961,1654,0,1204,13:45,Showers,0,0,NaN,NaN,NaN,NaN,3027
20211208,305,0.106,0,0,164,12:10,Showers,0,0,NaN,NaN,NaN,NaN,3053
20211207,5299,1.840,3160,0,1124,13:15,Cloudy,0,0,NaN,NaN,NaN,NaN,3081
20211206,5063,1.758,3788,0,1080,13:00,Cloudy,0,0,NaN,NaN,NaN,NaN,3111
20211205,5107,1.773,2845,0,1086,13:05,Cloudy,0,0,NaN,NaN,NaN,NaN,3143
20211204,1814,0.630,276,0,634,11:00,Showers,0,0,NaN,NaN,NaN,NaN,3177
20211203,5111,1.775,4060,0,1121,13:40,Cloudy,0,0,NaN,NaN,NaN,NaN,3213
20211202,3763,1.307,2754,0,1172,13:10,Cloudy,0,0,NaN,NaN,NaN,NaN,3251
20211201,1459,0.507,696,0,575,10:50,Showers,0,0,NaN,NaN,NaN,NaN,3291
20211130,5741,1.993,4719,0,1271,13:40,Cloudy,0,0,NaN,NaN,NaN,NaN,3333
20211129,5627,1.954,4169,0,1252,13:25,Cloudy,0,0,NaN,NaN,NaN,NaN,3377
20211128,3013,1.046,1274,0,957,15:10,Cloudy,0,0,NaN,NaN,NaN,NaN,3423
20211127,3348,1.162,1942,0,1292,12:40,Cloudy,0,0,NaN,NaN,NaN,NaN,3472
20211126,4119,1.430,3142,0,1330,13:15,Cloudy,0,0,NaN,NaN,NaN,NaN,3522
20211125,612,0.212,42,0,166,13:25,Showers,0,0,NaN,NaN,NaN,NaN,3574
20211124,5396,1.874,4353,0,1101,13:20,Cloudy,0,0,NaN,NaN,NaN,NaN,3629
20211123,4566,1.585,3559,0,1517,12:40,Cloudy,0,0,NaN,NaN,NaN,NaN,3685
20211122,1209,0.420,426,0,420,11:25,Showers,0,0,NaN,NaN,NaN,NaN,3744
20211121,1839,0.639,500,0,1024,12:45,Showers,0,0,NaN,NaN,NaN,NaN,3804
20211120,3576,1.242,1218,0,1209,13:40,Cloudy,0,0,NaN,NaN,NaN,NaN,3867
20211119,2120,0.736,1138,0,459,11:15,Showers,0,0,NaN,NaN,NaN,NaN,3931
20211118,5470,1.899,4449,0,1275,13:00,Cloudy,0,0,NaN,NaN,NaN,NaN,3998
20211117,2188,0.760,1374,0,1526,13:15,Showers,0,0,NaN,NaN,NaN,NaN,4067
20211116,3171,1.101,2107,0,797,13:10,Cloudy,0,0,NaN,NaN,NaN,NaN,4137
20211115,972,0.338,274,0,309,11:15,Showers,0,0,NaN,NaN,NaN,NaN,4210
20211114,557,0.193,0,0,194,10:50,Showers,0,0,NaN,NaN,NaN,NaN,4284
20211113,3551,1.233,1485,0,1452,11:50,Cloudy,0,0,NaN,NaN,NaN,NaN,4361
20211112,5984,2.078,4569,0,1271,12:20,Cloudy,0,0,NaN,NaN,NaN,NaN,4439
20211111,2739,0.951,1704,0,1403,12:35,Showers,0,0,NaN,NaN,NaN,NaN,4519
20211110,2455,0.852,1390,0,1137,11:05,Showers,0,0,NaN,NaN,NaN,NaN,4601
20211110,2455,0.852,1390,0,1137,11:05,Showers,0,0,NaN,NaN,NaN,NaN,4601
20211109,3392,1.178,2306,0,1067,11:30,Cloudy,0,0,NaN,NaN,NaN,NaN,4685
20211108,1823,0.633,846,0,1129,10:30,Showers,0,0,NaN,NaN,NaN,NaN,4771
20211107,7036,2.443,5521,0,1406,12:55,Cloudy,0,0,NaN,NaN,NaN,NaN,4859
20211106,7612,2.643,3752,0,1399,13:10,Mostly Cloudy,0,0,NaN,NaN,NaN,NaN,4949
20211105,7732,2.685,6336,0,1396,13:25,Mostly Cloudy,0,0,NaN,NaN,NaN,NaN,5040
20211104,7994,2.776,6380,0,1760,12:30,Mostly Cloudy,0,0,NaN,NaN,NaN,NaN,5133
20211103,534,0.185,104,0,445,10:20,Showers,0,0,NaN,NaN,NaN,NaN,5228
20211102,7065,2.453,5702,0,1429,12:45,Cloudy,0,0,NaN,NaN,NaN,NaN,5325
20211101,244,0.085,0,0,148,16:45,Showers,0,0,NaN,NaN,NaN,NaN,5423
20211031,1622,0.563,295,0,415,10:55,Showers,0,0,NaN,NaN,NaN,NaN,5481
20211030,1725,0.599,263,0,402,11:50,Showers,0,0,NaN,NaN,NaN,NaN,5625
20211029,6375,2.214,4926,0,1322,13:10,Cloudy,0,0,NaN,NaN,NaN,NaN,5729
20211028,7693,2.671,6460,0,1410,14:10,Mostly Cloudy,0,0,NaN,NaN,NaN,NaN,5833
20211027,8153,2.831,5451,0,1408,14:20,Mostly Cloudy,0,0,NaN,NaN,NaN,NaN,5940
20211026,7995,2.776,6380,0,1429,14:10,Mostly Cloudy,0,0,NaN,NaN,NaN,NaN,6048
20211025,4679,1.625,3230,0,1854,15:15,Cloudy,0,0,NaN,NaN,NaN,NaN,6157
20211024,7208,2.503,5955,0,1898,12:40,Mostly Cloudy,0,0,NaN,NaN,NaN,NaN,6268
20211023,6072,2.108,3997,0,1450,14:10,Cloudy,0,0,NaN,NaN,NaN,NaN,6381
20211022,8310,2.885,6624,0,1536,13:30,Mostly Cloudy,0,0,NaN,NaN,NaN,NaN,6494
20211021,1206,0.419,280,0,415,15:00,Showers,0,0,NaN,NaN,NaN,NaN,6610
20211020,3532,1.226,2361,0,1483,11:35,Cloudy,0,0,NaN,NaN,NaN,NaN,6726
20211019,5621,1.952,4064,0,1564,13:00,Cloudy,0,0,NaN,NaN,NaN,NaN,6844
20211018,8467,2.940,6392,0,1482,13:50,Mostly Cloudy,0,0,NaN,NaN,NaN,NaN,6962
20211017,9390,3.260,5816,0,1546,13:50,Mostly Cloudy,0,0,NaN,NaN,NaN,NaN,7083
20211016,9233,3.206,6975,0,1536,14:40,Mostly Cloudy,0,0,NaN,NaN,NaN,NaN,7204
20211015,9087,3.155,7505,0,1568,13:55,Mostly Cloudy,0,0,NaN,NaN,NaN,NaN,7326
20211014,9306,3.231,7710,0,1875,13:00,Mostly Cloudy,0,0,NaN,NaN,NaN,NaN,7450
20211013,9853,3.421,8223,0,1639,14:40,Mostly Cloudy,0,0,NaN,NaN,NaN,NaN,7574
20211012,9598,3.333,8337,0,1575,14:20,Mostly Cloudy,0,0,NaN,NaN,NaN,NaN,7700
20211011,9905,3.439,8406,0,1664,13:45,Mostly Cloudy,0,0,NaN,NaN,NaN,NaN,7826
20211010,10458,3.631,4844,0,1677,14:25,Mostly Cloudy,0,0,NaN,NaN,NaN,NaN,7953
20211009,6737,2.339,2809,0,2010,13:00,Cloudy,0,0,NaN,NaN,NaN,NaN,8081
20211008,8552,2.969,6800,0,1784,14:25,Mostly Cloudy,0,0,NaN,NaN,NaN,NaN,8210
20211007,8397,2.916,6057,0,1736,13:05,Mostly Cloudy,0,0,NaN,NaN,NaN,NaN,8340
20211006,5637,1.957,4289,0,2217,12:30,Cloudy,0,0,NaN,NaN,NaN,NaN,8471
20211005,2922,1.015,1366,0,772,10:25,Cloudy,0,0,NaN,NaN,NaN,NaN,8602
20211004,662,0.230,29,0,307,13:15,Showers,0,0,NaN,NaN,NaN,NaN,8733
20211003,2674,0.928,416,0,658,13:50,Showers,0,0,NaN,NaN,NaN,NaN,8866
20211002,7685,2.668,4150,0,1641,14:55,Mostly Cloudy,0,0,NaN,NaN,NaN,NaN,8999
20211001,10443,3.626,8455,0,2098,13:35,Mostly Cloudy,0,0,NaN,NaN,NaN,NaN,9132
20210930,9214,3.199,7205,0,1755,14:15,Mostly Cloudy,0,0,NaN,NaN,NaN,NaN,9266
20210929,10222,3.549,8239,0,1731,15:10,Mostly Cloudy,0,0,NaN,NaN,NaN,NaN,9400
20210928,9810,3.406,7976,0,1790,12:45,Mostly Cloudy,0,0,NaN,NaN,NaN,NaN,9535
20210927,8566,2.974,6846,0,2045,14:50,Mostly Cloudy,0,0,NaN,NaN,NaN,NaN,9670
20210926,1659,0.576,513,0,885,12:35,Showers,0,0,NaN,NaN,NaN,NaN,9805
20210925,5659,1.965,2493,0,1484,12:30,Cloudy,0,0,NaN,NaN,NaN,NaN,9941
20210924,11638,4.041,9682,0,1752,14:00,Partly Cloudy,0,0,NaN,NaN,NaN,NaN,10076
20210923,8626,2.995,6710,0,1861,12:55,Mostly Cloudy,0,0,NaN,NaN,NaN,NaN,10212
20210922,9733,3.380,7350,0,2198,13:50,Mostly Cloudy,0,0,NaN,NaN,NaN,NaN,10348
20210921,11858,4.117,9796,0,1823,15:05,Partly Cloudy,0,0,NaN,NaN,NaN,NaN,10484
20210920,7512,2.608,5667,0,1900,11:50,Mostly Cloudy,0,0,NaN,NaN,NaN,NaN,10620
20210919,4235,1.470,1888,0,1655,17:40,Cloudy,0,0,NaN,NaN,NaN,NaN,10756
20210918,7538,2.617,3651,0,2174,13:20,Mostly Cloudy,0,0,NaN,NaN,NaN,NaN,10892
20210917,12679,4.402,10592,0,1828,14:15,Partly Cloudy,0,0,NaN,NaN,NaN,NaN,11027
20210916,5395,1.873,3689,0,2136,13:00,Cloudy,0,0,NaN,NaN,NaN,NaN,11163
20210915,4859,1.687,3468,0,1958,14:45,Cloudy,0,0,NaN,NaN,NaN,NaN,11298
20210914,6693,2.324,4113,0,1328,11:40,Cloudy,0,0,NaN,NaN,NaN,NaN,11433
20210913,11754,4.081,7954,0,1689,13:55,Partly Cloudy,0,0,NaN,NaN,NaN,NaN,11568
20210912,12436,4.318,5458,0,1774,14:40,Partly Cloudy,0,0,NaN,NaN,NaN,NaN,11702
20210911,12182,4.230,6770,0,1824,14:45,Partly Cloudy,0,0,NaN,NaN,NaN,NaN,11836
20210910,8506,2.953,5749,0,2141,13:50,Mostly Cloudy,0,0,NaN,NaN,NaN,NaN,11970
20210909,12429,4.316,7271,0,1924,14:25,Partly Cloudy,0,0,NaN,NaN,NaN,NaN,12103
20210908,11235,3.901,6897,0,1975,13:05,Mostly Cloudy,0,0,NaN,NaN,NaN,NaN,12236
20210907,11854,4.116,8495,0,2027,14:20,Partly Cloudy,0,0,NaN,NaN,NaN,NaN,12368
20210906,12891,4.476,6156,0,1887,14:00,Partly Cloudy,0,0,NaN,NaN,NaN,NaN,12499
20210905,12121,4.209,9882,0,2061,14:10,Partly Cloudy,0,0,NaN,NaN,NaN,NaN,12630
20210904,11962,4.153,7289,0,2046,13:35,Partly Cloudy,0,0,NaN,NaN,NaN,NaN,12760
20210903,13020,4.521,9306,0,1888,14:15,Partly Cloudy,0,0,NaN,NaN,NaN,NaN,12890
20210902,13443,4.668,8229,0,2075,14:15,Partly Cloudy,0,0,NaN,NaN,NaN,NaN,13019
20210901,13812,4.796,8495,0,1908,13:40,Partly Cloudy,0,0,NaN,NaN,NaN,NaN,13147
20210831,11799,4.097,7913,0,2187,13:20,Partly Cloudy,0,0,NaN,NaN,NaN,NaN,13274
20210830,13958,4.847,10806,0,1939,15:00,Partly Cloudy,0,0,NaN,NaN,NaN,NaN,13400
20210829,14842,5.153,9049,0,2047,14:50,Fine,0,0,NaN,NaN,NaN,NaN,13525
20210828,10626,3.690,7738,0,2222,15:45,Mostly Cloudy,0,0,NaN,NaN,NaN,NaN,13650
20210827,11203,3.890,7220,0,2608,15:15,Mostly Cloudy,0,0,NaN,NaN,NaN,NaN,13773
20210826,14569,5.059,5323,0,1976,14:50,Fine,0,0,NaN,NaN,NaN,NaN,13896
20210825,11485,3.988,7541,0,2430,14:45,Mostly Cloudy,0,0,NaN,NaN,NaN,NaN,14017
20210824,13292,4.615,11651,0,2259,12:25,Partly Cloudy,0,0,NaN,NaN,NaN,NaN,14138
20210823,12018,4.173,10296,0,2031,13:35,Partly Cloudy,0,0,NaN,NaN,NaN,NaN,14257
20210822,13213,4.588,11476,0,1780,15:30,Partly Cloudy,0,0,NaN,NaN,NaN,NaN,14375
20210821,14125,4.905,12425,0,1912,14:35,Partly Cloudy,0,0,NaN,NaN,NaN,NaN,14492
20210820,14168,4.919,12450,0,1945,13:20,Partly Cloudy,0,0,NaN,NaN,NaN,NaN,14608
20210819,13862,4.813,12093,0,2208,14:20,Partly Cloudy,0,0,NaN,NaN,NaN,NaN,14723
20210818,15438,5.360,13694,0,2242,13:55,Fine,0,0,NaN,NaN,NaN,NaN,14836
20210817,16126,5.599,14320,0,2084,14:25,Fine,0,0,NaN,NaN,NaN,NaN,14948
20210816,10215,3.547,8380,0,1976,12:40,Mostly Cloudy,0,0,NaN,NaN,NaN,NaN,15059
20210815,14124,4.904,12285,0,1824,15:00,Partly Cloudy,0,0,NaN,NaN,NaN,NaN,15168
20210814,14178,4.923,12402,0,1824,14:50,Partly Cloudy,0,0,NaN,NaN,NaN,NaN,15276
20210813,13792,4.789,12049,0,1845,13:40,Partly Cloudy,0,0,NaN,NaN,NaN,NaN,15383
20210812,14572,5.060,12920,0,1877,14:50,Fine,0,0,NaN,NaN,NaN,NaN,15488
20210811,15093,5.241,2257,0,1917,14:25,Fine,0,0,NaN,NaN,NaN,NaN,15591
20210810,14915,5.179,5013,0,2052,14:20,Fine,0,0,NaN,NaN,NaN,NaN,15693
20210809,13543,4.702,4406,0,2244,14:45,Partly Cloudy,0,0,NaN,NaN,NaN,NaN,15794
20210808,13389,4.649,7086,0,2376,14:05,Partly Cloudy,0,0,NaN,NaN,NaN,NaN,15893
20210807,5866,2.037,2180,0,1773,11:55,Cloudy,0,0,NaN,NaN,NaN,NaN,15991
20210806,16023,5.564,7188,0,2335,15:35,Fine,0,0,NaN,NaN,NaN,NaN,16086
20210805,17293,6.005,13596,0,2248,14:10,Fine,0,0,NaN,NaN,NaN,NaN,16181
20210804,3466,1.203,1213,0,1162,10:10,Cloudy,0,0,NaN,NaN,NaN,NaN,16273
20210803,9560,3.319,5274,0,2384,12:40,Mostly Cloudy,0,0,NaN,NaN,NaN,NaN,16364
20210802,14331,4.976,8075,0,2390,12:25,Partly Cloudy,0,0,NaN,NaN,NaN,NaN,16453
20210801,9372,3.254,6563,0,2717,14:20,Mostly Cloudy,0,0,NaN,NaN,NaN,NaN,16541
20210731,9954,3.456,3781,0,2400,13:25,Mostly Cloudy,0,0,NaN,NaN,NaN,NaN,16627
20210730,13058,4.534,4432,0,2161,15:10,Partly Cloudy,0,0,NaN,NaN,NaN,NaN,16711
20210729,15522,5.390,8251,0,2177,14:55,Fine,0,0,NaN,NaN,NaN,NaN,16793
20210728,11147,3.870,4617,0,2667,15:35,Mostly Cloudy,0,0,NaN,NaN,NaN,NaN,16873
20210727,8415,2.922,4617,0,2320,14:25,Mostly Cloudy,0,0,NaN,NaN,NaN,NaN,16952
20210726,10261,3.563,7285,0,2928,14:10,Mostly Cloudy,0,0,NaN,NaN,NaN,NaN,17029
20210725,8472,2.942,4538,0,2271,14:45,Mostly Cloudy,0,0,NaN,NaN,NaN,NaN,17103
20210724,11198,3.888,2716,0,2122,14:20,Mostly Cloudy,0,0,NaN,NaN,NaN,NaN,17176
20210723,15540,5.396,6330,0,2049,15:25,Fine,0,0,NaN,NaN,NaN,NaN,17247
20210722,14801,5.139,7413,0,2058,16:00,Fine,0,0,NaN,NaN,NaN,NaN,17316
20210721,14933,5.185,3880,0,1992,14:40,Fine,0,0,NaN,NaN,NaN,NaN,17384
20210720,16039,5.569,3465,0,2134,15:35,Fine,0,0,NaN,NaN,NaN,NaN,17449
20210719,17233,5.984,5593,0,2080,15:05,Fine,0,0,NaN,NaN,NaN,NaN,17512
20210718,13825,4.800,11863,0,2471,11:30,Partly Cloudy,0,0,NaN,NaN,NaN,NaN,17573
20210717,14149,4.913,9503,0,2459,14:20,Partly Cloudy,0,0,NaN,NaN,NaN,NaN,17632
20210716,13838,4.805,11097,0,2699,16:00,Partly Cloudy,0,0,NaN,NaN,NaN,NaN,17689
20210715,10668,3.704,7423,0,2435,12:05,Mostly Cloudy,0,0,NaN,NaN,NaN,NaN,17744
20210714,11413,3.963,7698,0,2591,15:35,Mostly Cloudy,0,0,NaN,NaN,NaN,NaN,17797
20210713,12740,4.424,3190,0,2570,14:30,Partly Cloudy,0,0,NaN,NaN,NaN,NaN,17848
20210712,13841,4.806,9166,0,2069,14:20,Partly Cloudy,0,0,NaN,NaN,NaN,NaN,17897
20210711,18052,6.268,10654,0,2125,15:25,Fine,0,0,NaN,NaN,NaN,NaN,17944
20210710,16007,5.558,6649,0,2138,16:25,Fine,0,0,NaN,NaN,NaN,NaN,17988
20210709,18312,6.358,14704,0,2153,14:40,Fine,0,0,NaN,NaN,NaN,NaN,18031
20210708,8745,3.036,4748,0,2380,14:10,Mostly Cloudy,0,0,NaN,NaN,NaN,NaN,18071
20210707,11126,3.863,8154,0,2521,15:05,Mostly Cloudy,0,0,NaN,NaN,NaN,NaN,18109
20210706,14869,5.163,10047,0,2362,16:05,Fine,0,0,NaN,NaN,NaN,NaN,18145
20210705,15662,5.438,11009,0,2367,14:05,Fine,0,0,NaN,NaN,NaN,NaN,18179
20210704,4451,1.545,765,0,1064,19:30,Cloudy,0,0,NaN,NaN,NaN,NaN,18211
20210703,10013,3.477,3425,0,2157,13:05,Mostly Cloudy,0,0,NaN,NaN,NaN,NaN,18240
20210702,16941,5.882,9911,0,2187,14:25,Fine,0,0,NaN,NaN,NaN,NaN,18267
20210701,18219,6.326,13364,0,2352,14:15,Fine,0,0,NaN,NaN,NaN,NaN,18292
20210630,13840,4.806,8936,0,2712,14:45,Partly Cloudy,0,0,NaN,NaN,NaN,NaN,18315
20210629,13513,4.692,8518,0,2593,14:45,Partly Cloudy,0,0,NaN,NaN,NaN,NaN,18336
20210628,15940,5.535,7918,0,2406,14:50,Fine,0,0,NaN,NaN,NaN,NaN,18354
20210627,12413,4.310,3035,0,2446,13:55,Partly Cloudy,0,0,NaN,NaN,NaN,NaN,18370
20210626,15804,5.488,7049,0,2230,14:10,Fine,0,0,NaN,NaN,NaN,NaN,18384
20210625,18624,6.467,14099,0,2197,14:45,Fine,0,0,NaN,NaN,NaN,NaN,18395
20210624,13398,4.652,11156,0,2323,15:00,Partly Cloudy,0,0,NaN,NaN,NaN,NaN,18404
20210623,12103,4.202,9393,0,2365,13:40,Partly Cloudy,0,0,NaN,NaN,NaN,NaN,18411
20210622,12471,4.330,9562,0,2384,15:05,Partly Cloudy,0,0,NaN,NaN,NaN,NaN,18416
20210621,12771,4.434,8526,0,2445,14:25,Partly Cloudy,0,0,NaN,NaN,NaN,NaN,18419
20210620,10141,3.521,6535,0,2074,15:30,Mostly Cloudy,0,0,NaN,NaN,NaN,NaN,18419
20210619,13401,4.653,1709,0,2149,13:25,Partly Cloudy,0,0,NaN,NaN,NaN,NaN,18417
20210618,16963,5.890,7040,0,2016,14:45,Fine,0,0,NaN,NaN,NaN,NaN,18412
20210617,12743,4.425,8335,0,2130,13:10,Partly Cloudy,0,0,NaN,NaN,NaN,NaN,18406
20210616,12650,4.392,7993,0,2091,14:50,Partly Cloudy,0,0,NaN,NaN,NaN,NaN,18397
20210615,17896,6.214,12836,0,2247,12:00,Fine,0,0,NaN,NaN,NaN,NaN,18386
20210614,17737,6.159,12573,0,2089,15:05,Fine,0,0,NaN,NaN,NaN,NaN,18372
20210613,18043,6.265,16123,0,2125,14:55,Fine,0,0,NaN,NaN,NaN,NaN,18357
20210612,17075,5.929,11575,0,2240,13:30,Fine,0,0,NaN,NaN,NaN,NaN,18339
20210611,14306,4.967,10265,0,2336,14:40,Partly Cloudy,0,0,NaN,NaN,NaN,NaN,18318
20210610,16960,5.889,11712,0,2136,14:35,Fine,0,0,NaN,NaN,NaN,NaN,18296
20210609,14645,5.085,9447,0,2267,16:20,Fine,0,0,NaN,NaN,NaN,NaN,18271
20210608,11646,4.044,8748,0,2565,13:55,Partly Cloudy,0,0,NaN,NaN,NaN,NaN,18244
20210607,9595,3.332,6480,0,2079,11:25,Mostly Cloudy,0,0,NaN,NaN,NaN,NaN,18215
20210606,15522,5.390,8503,0,2322,13:40,Fine,0,0,NaN,NaN,NaN,NaN,18184
20210605,12046,4.183,5910,0,2740,14:40,Partly Cloudy,0,0,NaN,NaN,NaN,NaN,18150
20210604,16989,5.899,14349,0,2182,13:20,Fine,0,0,NaN,NaN,NaN,NaN,18114
20210603,18106,6.287,15727,0,2161,14:50,Fine,0,0,NaN,NaN,NaN,NaN,18076
20210602,13093,4.546,9823,0,2425,14:15,Partly Cloudy,0,0,NaN,NaN,NaN,NaN,18036
20210601,14004,4.862,10636,0,2344,14:05,Partly Cloudy,0,0,NaN,NaN,NaN,NaN,17994
20210531,18161,6.306,16122,0,2341,14:20,Fine,0,0,NaN,NaN,NaN,NaN,17949
20210530,14777,5.131,11632,0,2670,13:10,Fine,0,0,NaN,NaN,NaN,NaN,17902
20210529,15882,5.515,10715,0,2392,16:30,Fine,0,0,NaN,NaN,NaN,NaN,17853
20210528,17722,6.153,14903,0,2308,15:00,Fine,0,0,NaN,NaN,NaN,NaN,17802
20210527,17426,6.051,13362,0,2836,15:05,Fine,0,0,NaN,NaN,NaN,NaN,17749
20210526,18206,6.322,15669,0,2277,14:50,Fine,0,0,NaN,NaN,NaN,NaN,17694
20210525,20137,6.992,17880,0,2475,15:00,Fine,0,0,NaN,NaN,NaN,NaN,17637
20210524,3091,1.073,1588,0,1143,12:05,Cloudy,0,0,NaN,NaN,NaN,NaN,17577
20210523,16814,5.838,13107,0,2512,13:45,Fine,0,0,NaN,NaN,NaN,NaN,17516
20210522,9371,3.254,6221,0,2729,15:30,Mostly Cloudy,0,0,NaN,NaN,NaN,NaN,17452
20210521,12447,4.322,10630,0,2338,13:50,Partly Cloudy,0,0,NaN,NaN,NaN,NaN,17386
20210520,18499,6.423,15980,0,2449,15:10,Fine,0,0,NaN,NaN,NaN,NaN,17319
20210519,17487,6.072,15043,0,2485,14:10,Fine,0,0,NaN,NaN,NaN,NaN,17249
20210518,14382,4.994,12491,0,2818,15:10,Partly Cloudy,0,0,NaN,NaN,NaN,NaN,17178
20210517,17334,6.019,15083,0,2635,13:20,Fine,0,0,NaN,NaN,NaN,NaN,17104
20210516,5335,1.852,2872,0,1225,09:40,Cloudy,0,0,NaN,NaN,NaN,NaN,17028
20210515,11217,3.895,6940,0,2320,14:25,Mostly Cloudy,0,0,NaN,NaN,NaN,NaN,16951
20210514,9875,3.429,7696,0,2484,14:45,Mostly Cloudy,0,0,NaN,NaN,NaN,NaN,16872
20210513,16772,5.824,13999,0,2558,16:10,Fine,0,0,NaN,NaN,NaN,NaN,16790
20210512,14479,5.027,12678,0,2546,12:40,Fine,0,0,NaN,NaN,NaN,NaN,16707
20210511,2137,0.742,693,0,417,13:00,Showers,0,0,NaN,NaN,NaN,NaN,16622
20210510,7795,2.707,5953,0,2155,14:45,Mostly Cloudy,0,0,NaN,NaN,NaN,NaN,16536
20210509,10623,3.689,8439,0,2514,13:00,Mostly Cloudy,0,0,NaN,NaN,NaN,NaN,16447
20210508,16520,5.736,11996,0,2287,15:45,Fine,0,0,NaN,NaN,NaN,NaN,16357
20210507,15734,5.463,13442,0,2443,15:05,Fine,0,0,NaN,NaN,NaN,NaN,16265
20210506,9334,3.241,7778,0,3012,12:25,Mostly Cloudy,0,0,NaN,NaN,NaN,NaN,16171
20210505,12011,4.170,9936,0,2938,14:55,Partly Cloudy,0,0,NaN,NaN,NaN,NaN,16075
20210504,15037,5.221,13128,0,2438,14:10,Fine,0,0,NaN,NaN,NaN,NaN,15978
20210503,16592,5.761,14684,0,2768,14:15,Fine,0,0,NaN,NaN,NaN,NaN,15879
20210502,14185,4.925,10305,0,2719,14:55,Partly Cloudy,0,0,NaN,NaN,NaN,NaN,15779
20210501,3510,1.219,1377,0,1302,12:35,Cloudy,0,0,NaN,NaN,NaN,NaN,15676
20210430,6376,2.214,4462,0,1207,14:20,Cloudy,0,0,NaN,NaN,NaN,NaN,15573
20210429,2052,0.712,724,0,569,14:40,Showers,0,0,NaN,NaN,NaN,NaN,15467
20210428,7701,2.674,5963,0,1936,12:15,Mostly Cloudy,0,0,NaN,NaN,NaN,NaN,15361
20210427,4786,1.662,3204,0,981,14:35,Cloudy,0,0,NaN,NaN,NaN,NaN,15252
20210426,5250,1.823,3652,0,1239,12:55,Cloudy,0,0,NaN,NaN,NaN,NaN,15143
20210425,15541,5.396,12045,0,2142,13:45,Fine,0,0,NaN,NaN,NaN,NaN,15032
20210424,14779,5.132,10584,0,2436,13:50,Fine,0,0,NaN,NaN,NaN,NaN,14919
20210423,15107,5.245,12553,0,2361,13:40,Fine,0,0,NaN,NaN,NaN,NaN,14805
20210422,15536,5.394,12894,0,2292,13:50,Fine,0,0,NaN,NaN,NaN,NaN,14690
20210421,13302,4.619,10961,0,2547,14:25,Partly Cloudy,0,0,NaN,NaN,NaN,NaN,14573
20210420,15604,5.418,13772,0,2281,15:55,Fine,0,0,NaN,NaN,NaN,NaN,14455
20210419,13297,4.617,11195,0,2426,15:20,Partly Cloudy,0,0,NaN,NaN,NaN,NaN,14336
20210418,8846,3.072,6425,0,2551,14:20,Mostly Cloudy,0,0,NaN,NaN,NaN,NaN,14216
20210417,15487,5.377,11708,0,2364,14:50,Fine,0,0,NaN,NaN,NaN,NaN,14094
20210416,11435,3.970,9086,0,2356,15:15,Mostly Cloudy,0,0,NaN,NaN,NaN,NaN,13972
20210415,9725,3.377,7555,0,2464,13:30,Mostly Cloudy,0,0,NaN,NaN,NaN,NaN,13848
20210414,11347,3.940,9726,0,2500,14:50,Mostly Cloudy,0,0,NaN,NaN,NaN,NaN,13723
20210413,11914,4.137,10091,0,2508,14:40,Partly Cloudy,0,0,NaN,NaN,NaN,NaN,13597
20210412,3834,1.331,2530,0,1921,15:35,Cloudy,0,0,NaN,NaN,NaN,NaN,13471
20210411,3517,1.221,1055,0,1389,14:55,Cloudy,0,0,NaN,NaN,NaN,NaN,13343
20210410,4419,1.534,1678,0,1852,11:25,Cloudy,0,0,NaN,NaN,NaN,NaN,13214
20210409,7565,2.627,5261,0,2614,12:40,Mostly Cloudy,0,0,NaN,NaN,NaN,NaN,13085
20210408,14631,5.080,12366,0,2027,14:15,Fine,0,0,NaN,NaN,NaN,NaN,12954
20210407,14725,5.113,10098,0,2360,14:00,Fine,0,0,NaN,NaN,NaN,NaN,12823
20210406,13031,4.525,10992,0,2282,16:30,Partly Cloudy,0,0,NaN,NaN,NaN,NaN,12691
20210405,10930,3.795,8629,0,2051,13:30,Mostly Cloudy,0,0,NaN,NaN,NaN,NaN,12558
20210404,13623,4.730,11419,0,2150,12:15,Partly Cloudy,0,0,NaN,NaN,NaN,NaN,12425
20210403,10799,3.750,4557,0,2144,16:20,Mostly Cloudy,0,0,NaN,NaN,NaN,NaN,12291
20210402,11866,4.120,8662,0,1720,14:25,Partly Cloudy,0,0,NaN,NaN,NaN,NaN,12156
20210401,11618,4.034,9683,0,1708,14:40,Partly Cloudy,0,0,NaN,NaN,NaN,NaN,12021
20210331,11478,3.985,8853,0,1661,14:45,Mostly Cloudy,0,0,NaN,NaN,NaN,NaN,11886
20210330,11602,4.028,9180,0,1693,14:35,Partly Cloudy,0,0,NaN,NaN,NaN,NaN,11750
20210329,11829,4.107,9509,0,1741,14:40,Partly Cloudy,0,0,NaN,NaN,NaN,NaN,11613
20210328,10410,3.615,6850,0,1903,13:25,Mostly Cloudy,0,0,NaN,NaN,NaN,NaN,11476
20210327,4302,1.494,1449,0,1332,16:05,Cloudy,0,0,NaN,NaN,NaN,NaN,11339
20210326,9818,3.409,7546,0,1755,12:05,Mostly Cloudy,0,0,NaN,NaN,NaN,NaN,11202
20210325,11197,3.888,8874,0,1827,14:15,Mostly Cloudy,0,0,NaN,NaN,NaN,NaN,11064
20210324,11853,4.116,9276,0,1751,13:50,Partly Cloudy,0,0,NaN,NaN,NaN,NaN,10926
20210323,12286,4.266,9727,0,1794,13:45,Partly Cloudy,0,0,NaN,NaN,NaN,NaN,10788
20210322,12295,4.269,10265,0,1810,13:10,Partly Cloudy,0,0,NaN,NaN,NaN,NaN,10650
20210321,11816,4.103,9084,0,1953,12:35,Partly Cloudy,0,0,NaN,NaN,NaN,NaN,10512
20210320,12490,4.337,9871,0,2082,13:55,Partly Cloudy,0,0,NaN,NaN,NaN,NaN,10373
20210319,7707,2.676,5383,0,1857,11:25,Mostly Cloudy,0,0,NaN,NaN,NaN,NaN,10235
20210318,7714,2.678,5513,0,2051,12:00,Mostly Cloudy,0,0,NaN,NaN,NaN,NaN,10097
20210317,10018,3.478,7980,0,2184,15:05,Mostly Cloudy,0,0,NaN,NaN,NaN,NaN,9959
20210316,12292,4.268,10167,0,1887,14:00,Partly Cloudy,0,0,NaN,NaN,NaN,NaN,9822
20210315,12100,4.201,9659,0,1836,13:35,Partly Cloudy,0,0,NaN,NaN,NaN,NaN,9684
20210314,12127,4.211,7755,0,1871,13:45,Partly Cloudy,0,0,NaN,NaN,NaN,NaN,9547
20210313,9373,3.255,5032,0,1611,13:05,Mostly Cloudy,0,0,NaN,NaN,NaN,NaN,9410
20210312,9734,3.380,6846,0,1612,13:35,Mostly Cloudy,0,0,NaN,NaN,NaN,NaN,9274
20210311,3865,1.342,1998,0,1930,14:35,Cloudy,0,0,NaN,NaN,NaN,NaN,9138
20210310,10225,3.550,8480,0,1759,14:35,Mostly Cloudy,0,0,NaN,NaN,NaN,NaN,9002
20210309,7755,2.693,5927,0,1686,13:15,Mostly Cloudy,0,0,NaN,NaN,NaN,NaN,8867
20210308,9736,3.381,7724,0,1641,13:35,Mostly Cloudy,0,0,NaN,NaN,NaN,NaN,8733
20210307,10168,3.531,8248,0,1632,13:35,Mostly Cloudy,0,0,NaN,NaN,NaN,NaN,8599
20210306,3135,1.089,777,0,1335,15:40,Cloudy,0,0,NaN,NaN,NaN,NaN,8466
20210305,9329,3.239,7204,0,1510,13:45,Mostly Cloudy,0,0,NaN,NaN,NaN,NaN,8333
20210304,7116,2.471,5648,0,1557,14:05,Cloudy,0,0,NaN,NaN,NaN,NaN,8201
20210303,4511,1.566,3201,0,887,12:00,Cloudy,0,0,NaN,NaN,NaN,NaN,8071
20210302,9351,3.247,7767,0,1674,13:25,Mostly Cloudy,0,0,NaN,NaN,NaN,NaN,7941
20210301,9761,3.389,8119,0,1586,13:40,Mostly Cloudy,0,0,NaN,NaN,NaN,NaN,7812
20210228,9766,3.391,6474,0,1589,13:50,Mostly Cloudy,0,0,NaN,NaN,NaN,NaN,7683
20210227,8421,2.924,6000,0,1444,13:50,Mostly Cloudy,0,0,NaN,NaN,NaN,NaN,7556
20210226,8179,2.840,6652,0,1390,13:10,Mostly Cloudy,0,0,NaN,NaN,NaN,NaN,7430
20210225,8592,2.983,6552,0,1440,13:35,Mostly Cloudy,0,0,NaN,NaN,NaN,NaN,7305
20210224,8466,2.940,6846,0,1433,13:50,Mostly Cloudy,0,0,NaN,NaN,NaN,NaN,7181
20210223,7263,2.522,5941,0,1267,13:20,Mostly Cloudy,0,0,NaN,NaN,NaN,NaN,7059
20210222,6249,2.170,4648,0,1367,12:25,Cloudy,0,0,NaN,NaN,NaN,NaN,6937
20210221,3921,1.361,2254,0,1275,13:30,Cloudy,0,0,NaN,NaN,NaN,NaN,6817
20210220,3178,1.103,828,0,777,11:55,Cloudy,0,0,NaN,NaN,NaN,NaN,6698
20210219,2121,0.736,595,0,624,11:50,Showers,0,0,NaN,NaN,NaN,NaN,6580
20210218,2801,0.973,1503,0,863,13:30,Showers,0,0,NaN,NaN,NaN,NaN,6464
20210217,8457,2.936,6955,0,1495,13:15,Mostly Cloudy,0,0,NaN,NaN,NaN,NaN,6350
20210216,5381,1.868,4315,0,1784,12:50,Cloudy,0,0,NaN,NaN,NaN,NaN,6236
20210215,7341,2.549,5947,0,1476,13:15,Mostly Cloudy,0,0,NaN,NaN,NaN,NaN,6124
20210214,8829,3.066,7231,0,1542,14:05,Mostly Cloudy,0,0,NaN,NaN,NaN,NaN,6014
20210213,6005,2.085,3694,0,1698,14:05,Cloudy,0,0,NaN,NaN,NaN,NaN,5905
20210212,1851,0.643,449,0,460,13:05,Showers,0,0,NaN,NaN,NaN,NaN,5798
20210211,7889,2.739,6199,0,1399,13:45,Mostly Cloudy,0,0,NaN,NaN,NaN,NaN,5693
20210210,1533,0.532,379,0,533,16:50,Showers,0,0,NaN,NaN,NaN,NaN,5589
20210209,5241,1.820,4149,0,1792,13:40,Cloudy,0,0,NaN,NaN,NaN,NaN,5487
20210208,7850,2.726,6750,0,1420,13:35,Mostly Cloudy,0,0,NaN,NaN,NaN,NaN,5387
20210207,420,0.146,1,0,314,13:20,Showers,0,0,NaN,NaN,NaN,NaN,5288
20210206,911,0.316,145,0,383,12:35,Showers,0,0,NaN,NaN,NaN,NaN,5191
20210205,1732,0.601,558,0,458,14:35,Showers,0,0,NaN,NaN,NaN,NaN,5096
20210204,2015,0.700,800,0,881,11:00,Showers,0,0,NaN,NaN,NaN,NaN,5003
20210203,723,0.251,46,0,193,11:35,Showers,0,0,NaN,NaN,NaN,NaN,4912
20210202,5976,2.075,4902,0,1455,12:55,Cloudy,0,0,NaN,NaN,NaN,NaN,4822
20210201,2330,0.809,889,0,679,13:35,Showers,0,0,NaN,NaN,NaN,NaN,4735
20210131,6381,2.216,4497,0,1489,12:30,Cloudy,0,0,NaN,NaN,NaN,NaN,4649
20210130,2626,0.912,1473,0,1108,12:05,Showers,0,0,NaN,NaN,NaN,NaN,4566
20210129,3665,1.273,2222,0,1234,13:50,Cloudy,0,0,NaN,NaN,NaN,NaN,4484
20210128,4281,1.486,2674,0,1509,13:35,Cloudy,0,0,NaN,NaN,NaN,NaN,4404
20210127,2830,0.983,1323,0,1237,11:55,Showers,0,0,NaN,NaN,NaN,NaN,4327
20210126,6688,2.322,5199,0,1339,13:45,Cloudy,0,0,NaN,NaN,NaN,NaN,4251
20210125,5777,2.006,4710,0,1434,13:20,Cloudy,0,0,NaN,NaN,NaN,NaN,4177
20210124,6363,2.209,3002,0,1605,13:35,Cloudy,0,0,NaN,NaN,NaN,NaN,4106
20210123,3751,1.302,1465,0,1484,14:00,Cloudy,0,0,NaN,NaN,NaN,NaN,4036
20210122,348,0.121,0,0,155,11:45,Showers,0,0,NaN,NaN,NaN,NaN,3969
20210121,273,0.095,0,0,122,11:55,Showers,0,0,NaN,NaN,NaN,NaN,3903
20210120,979,0.340,64,0,328,14:20,Showers,0,0,NaN,NaN,NaN,NaN,3840
20210119,1898,0.659,506,0,606,13:00,Showers,0,0,NaN,NaN,NaN,NaN,3778
20210118,4239,1.472,2949,0,1046,13:20,Cloudy,0,0,NaN,NaN,NaN,NaN,3719
20210117,3928,1.364,1731,0,1306,13:35,Cloudy,0,0,NaN,NaN,NaN,NaN,3662
20210116,4730,1.642,2712,0,1115,13:30,Cloudy,0,0,NaN,NaN,NaN,NaN,3607
20210115,2653,0.921,1496,0,1113,12:35,Showers,0,0,NaN,NaN,NaN,NaN,3554
20210114,5063,1.758,3834,0,1078,13:10,Cloudy,0,0,NaN,NaN,NaN,NaN,3503
20210113,5477,1.902,4135,0,1133,13:35,Cloudy,0,0,NaN,NaN,NaN,NaN,3454
20210112,5118,1.777,3861,0,1231,12:40,Cloudy,0,0,NaN,NaN,NaN,NaN,3408
20210111,5287,1.836,3682,0,1092,13:35,Cloudy,0,0,NaN,NaN,NaN,NaN,3363
20210110,4300,1.493,1625,0,1138,13:35,Cloudy,0,0,NaN,NaN,NaN,NaN,3321
20210109,3160,1.097,789,0,1124,13:55,Cloudy,0,0,NaN,NaN,NaN,NaN,3280
20210108,5019,1.743,3518,0,1050,13:15,Cloudy,0,0,NaN,NaN,NaN,NaN,3242
20210107,2597,0.902,1264,0,919,14:30,Showers,0,0,NaN,NaN,NaN,NaN,3206
20210106,838,0.291,155,0,484,12:40,Showers,0,0,NaN,NaN,NaN,NaN,3172
20210105,1420,0.493,455,0,346,12:15,Showers,0,0,NaN,NaN,NaN,NaN,3140
20210104,882,0.306,45,0,383,11:45,Showers,0,0,NaN,NaN,NaN,NaN,3110
20210103,3265,1.134,1591,0,1361,13:25,Cloudy,0,0,NaN,NaN,NaN,NaN,3082
20210102,8,0.003,0,0,22,12:45,Showers,0,0,NaN,NaN,NaN,NaN,3056
20210101,0,0.000,0,0,0,00:00,Not Sure,0,0,NaN,NaN,NaN,NaN,3033
20201231,0,0.000,0,0,0,00:00,Not Sure,0,0,NaN,NaN,NaN,NaN,3011
20201230,0,0.000,0,0,0,00:00,Not Sure,0,0,NaN,NaN,NaN,NaN,2992
20201229,0,0.000,0,0,0,00:00,Not Sure,0,0,NaN,NaN,NaN,NaN,2974
20201228,0,0.000,0,0,0,00:00,Not Sure,0,0,NaN,NaN,NaN,NaN,2959
20201227,2996,1.040,837,0,825,11:00,Cloudy,0,0,NaN,NaN,NaN,NaN,2945
20201226,4958,1.722,2584,0,1071,13:45,Cloudy,0,0,NaN,NaN,NaN,NaN,2934
20201225,192,0.067,0,0,93,14:20,Showers,0,0,NaN,NaN,NaN,NaN,2925
20201224,328,0.114,0,0,183,15:20,Showers,0,0,NaN,NaN,NaN,NaN,2917
20201223,896,0.311,60,0,277,12:20,Showers,0,0,NaN,NaN,NaN,NaN,2912
20201222,2657,0.923,1326,0,810,14:30,Showers,0,0,NaN,NaN,NaN,NaN,2909
20201221,613,0.213,7,0,306,13:25,Showers,0,0,NaN,NaN,NaN,NaN,2908
20201220,491,0.170,2,0,177,13:15,Showers,0,0,NaN,NaN,NaN,NaN,2909
20201219,1403,0.487,667,0,640,12:55,Showers,0,0,NaN,NaN,NaN,NaN,2912
20201218,2394,0.831,893,0,846,12:30,Showers,0,0,NaN,NaN,NaN,NaN,2917
20201217,2919,1.014,1583,0,1180,13:45,Cloudy,0,0,NaN,NaN,NaN,NaN,2924
20201216,1353,0.470,273,0,538,13:05,Showers,0,0,NaN,NaN,NaN,NaN,2934
20201215,1161,0.403,139,0,402,13:05,Showers,0,0,NaN,NaN,NaN,NaN,2945
20201214,3650,1.267,2423,0,1395,13:10,Cloudy,0,0,NaN,NaN,NaN,NaN,2958
20201213,4773,1.657,3202,0,1026,13:15,Cloudy,0,0,NaN,NaN,NaN,NaN,2973
20201212,1712,0.594,556,0,484,11:15,Showers,0,0,NaN,NaN,NaN,NaN,2991
20201211,1530,0.531,409,0,473,11:40,Showers,0,0,NaN,NaN,NaN,NaN,3010
20201210,2807,0.975,1734,0,1271,13:40,Showers,0,0,NaN,NaN,NaN,NaN,3032
20201209,320,0.111,18,0,148,13:50,Showers,0,0,NaN,NaN,NaN,NaN,3055
20201208,779,0.270,16,0,205,11:55,Showers,0,0,NaN,NaN,NaN,NaN,3081
20201207,1056,0.367,283,0,840,13:50,Showers,0,0,NaN,NaN,NaN,NaN,3108
20201206,545,0.189,0,0,201,10:40,Showers,0,0,NaN,NaN,NaN,NaN,3138
20201205,311,0.108,0,0,192,12:45,Showers,0,0,NaN,NaN,NaN,NaN,3170
20201204,40,0.014,0,0,35,12:05,Showers,0,0,NaN,NaN,NaN,NaN,3204
20201203,1095,0.380,218,0,456,14:50,Showers,0,0,NaN,NaN,NaN,NaN,3240
20201202,23,0.008,0,0,38,11:50,Showers,0,0,NaN,NaN,NaN,NaN,3278
20201201,339,0.118,2,0,156,11:45,Showers,0,0,NaN,NaN,NaN,NaN,3318
20201130,1410,0.490,332,0,343,12:40,Showers,0,0,NaN,NaN,NaN,NaN,3360
20201129,821,0.285,8,0,448,15:25,Showers,0,0,NaN,NaN,NaN,NaN,3404
20201128,3428,1.190,1017,0,1232,13:05,Cloudy,0,0,NaN,NaN,NaN,NaN,3450
20201127,1961,0.681,641,0,542,10:35,Showers,0,0,NaN,NaN,NaN,NaN,3499
20201126,4762,1.653,2924,0,1007,13:00,Cloudy,0,0,NaN,NaN,NaN,NaN,3549
20201125,4883,1.695,3420,0,1014,13:15,Cloudy,0,0,NaN,NaN,NaN,NaN,3601
20201124,5149,1.788,3390,0,1083,13:00,Cloudy,0,0,NaN,NaN,NaN,NaN,3656
20201123,4929,1.711,3570,0,1087,12:50,Cloudy,0,0,NaN,NaN,NaN,NaN,3713
20201122,5903,2.050,3961,0,1158,13:30,Cloudy,0,0,NaN,NaN,NaN,NaN,3771
20201121,5149,1.788,3030,0,1103,14:20,Cloudy,0,0,NaN,NaN,NaN,NaN,3832
20201120,5494,1.908,4166,0,1161,13:35,Cloudy,0,0,NaN,NaN,NaN,NaN,3895
20201119,5696,1.978,3857,0,1110,13:10,Cloudy,0,0,NaN,NaN,NaN,NaN,3959
20201118,5869,2.038,4385,0,1140,13:15,Cloudy,0,0,NaN,NaN,NaN,NaN,4026
20201117,5787,2.009,4499,0,1155,13:15,Cloudy,0,0,NaN,NaN,NaN,NaN,4095
20201116,3845,1.335,2421,0,1405,13:10,Cloudy,0,0,NaN,NaN,NaN,NaN,4166
20201115,2828,0.982,1346,0,1094,13:15,Showers,0,0,NaN,NaN,NaN,NaN,4239
20201114,2115,0.734,471,0,642,10:45,Showers,0,0,NaN,NaN,NaN,NaN,4314
20201113,2156,0.749,947,0,610,14:00,Showers,0,0,NaN,NaN,NaN,NaN,4390
20201112,3959,1.375,2523,0,995,13:15,Cloudy,0,0,NaN,NaN,NaN,NaN,4469
20201111,3392,1.178,1909,0,1127,12:15,Cloudy,0,0,NaN,NaN,NaN,NaN,4550
20201110,5383,1.869,3822,0,1162,13:45,Cloudy,0,0,NaN,NaN,NaN,NaN,4633
20201109,6194,2.151,3971,0,1180,12:55,Cloudy,0,0,NaN,NaN,NaN,NaN,4717
20201108,6243,2.168,3909,0,1198,13:15,Cloudy,0,0,NaN,NaN,NaN,NaN,4804
20201107,5772,2.004,3646,0,1164,12:55,Cloudy,0,0,NaN,NaN,NaN,NaN,4892
20201106,4645,1.613,3186,0,1020,12:10,Cloudy,0,0,NaN,NaN,NaN,NaN,4982
20201105,4724,1.640,3170,0,1210,12:35,Cloudy,0,0,NaN,NaN,NaN,NaN,5074
20201104,2161,0.750,782,0,703,13:00,Showers,0,0,NaN,NaN,NaN,NaN,5168
20201103,2247,0.780,1112,0,757,13:40,Showers,0,0,NaN,NaN,NaN,NaN,5263
20201102,5936,2.061,4162,0,1857,12:40,Cloudy,0,0,NaN,NaN,NaN,NaN,5361
20201101,5219,1.812,3071,0,1205,14:15,Cloudy,0,0,NaN,NaN,NaN,NaN,5460
20201031,5508,1.912,2697,0,1204,13:00,Cloudy,0,0,NaN,NaN,NaN,NaN,5561
20201030,6771,2.351,5446,0,1419,13:10,Cloudy,0,0,NaN,NaN,NaN,NaN,5663
20201029,6320,2.194,4271,0,1377,13:50,Cloudy,0,0,NaN,NaN,NaN,NaN,5767
20201028,7715,2.679,6268,0,1397,13:05,Mostly Cloudy,0,0,NaN,NaN,NaN,NaN,5873
20201027,8017,2.784,5460,0,1917,12:55,Mostly Cloudy,0,0,NaN,NaN,NaN,NaN,5980
20201026,229,0.080,3,0,226,12:40,Showers,0,0,NaN,NaN,NaN,NaN,6089
20201025,4688,1.628,2689,0,1460,12:05,Cloudy,0,0,NaN,NaN,NaN,NaN,6147
20201024,2454,0.852,888,0,827,15:20,Showers,0,0,NaN,NaN,NaN,NaN,6311
20201023,278,0.097,0,0,154,13:50,Showers,0,0,NaN,NaN,NaN,NaN,6424
20201022,1156,0.401,201,0,382,13:30,Showers,0,0,NaN,NaN,NaN,NaN,6539
20201021,2677,0.930,1429,0,710,14:50,Showers,0,0,NaN,NaN,NaN,NaN,6655
20201020,4608,1.600,3135,0,1421,12:40,Cloudy,0,0,NaN,NaN,NaN,NaN,6772
20201019,5719,1.986,3710,0,1284,14:20,Cloudy,0,0,NaN,NaN,NaN,NaN,6891
20201018,7505,2.606,5582,0,1575,14:00,Mostly Cloudy,0,0,NaN,NaN,NaN,NaN,7011
20201017,8449,2.934,5718,0,1631,14:15,Mostly Cloudy,0,0,NaN,NaN,NaN,NaN,7132
20201016,6944,2.411,4894,0,1904,14:40,Cloudy,0,0,NaN,NaN,NaN,NaN,7255
20201015,1141,0.396,289,0,377,13:35,Showers,0,0,NaN,NaN,NaN,NaN,7378
20201014,6002,2.084,4663,0,1928,14:35,Cloudy,0,0,NaN,NaN,NaN,NaN,7503
20201013,10261,3.563,7318,0,1649,14:45,Mostly Cloudy,0,0,NaN,NaN,NaN,NaN,7628
20201012,10133,3.518,8231,0,1630,14:25,Mostly Cloudy,0,0,NaN,NaN,NaN,NaN,7755
20201011,3239,1.125,971,0,659,14:50,Cloudy,0,0,NaN,NaN,NaN,NaN,7882
20201010,8493,2.949,4535,0,1731,13:55,Mostly Cloudy,0,0,NaN,NaN,NaN,NaN,8011
20201009,5920,2.056,4135,0,1579,13:15,Cloudy,0,0,NaN,NaN,NaN,NaN,8140
20201008,9848,3.419,7960,0,1631,15:00,Mostly Cloudy,0,0,NaN,NaN,NaN,NaN,8270
20201007,9265,3.217,7021,0,1683,15:05,Mostly Cloudy,0,0,NaN,NaN,NaN,NaN,8401
20201006,3462,1.202,2169,0,1852,11:40,Cloudy,0,0,NaN,NaN,NaN,NaN,8533
20201005,5533,1.921,3549,0,1983,15:20,Cloudy,0,0,NaN,NaN,NaN,NaN,8666
20201004,6492,2.254,3595,0,2294,14:05,Cloudy,0,0,NaN,NaN,NaN,NaN,8799
20201003,5868,2.038,3264,0,2324,14:35,Cloudy,0,0,NaN,NaN,NaN,NaN,8932
20201002,495,0.172,0,0,135,14:10,Showers,0,0,NaN,NaN,NaN,NaN,9067
20201001,3649,1.267,2132,0,1179,15:30,Cloudy,0,0,NaN,NaN,NaN,NaN,9201
20200930,10375,3.602,7015,0,1610,14:05,Mostly Cloudy,0,0,NaN,NaN,NaN,NaN,9337
20200929,9278,3.222,7324,0,2036,13:50,Mostly Cloudy,0,0,NaN,NaN,NaN,NaN,9472
20200928,11392,3.956,9627,0,1732,14:25,Mostly Cloudy,0,0,NaN,NaN,NaN,NaN,9608
20200927,10194,3.540,7842,0,1964,13:50,Mostly Cloudy,0,0,NaN,NaN,NaN,NaN,9745
20200926,8422,2.924,4320,0,1648,16:30,Mostly Cloudy,0,0,NaN,NaN,NaN,NaN,9881
20200925,2407,0.836,688,0,691,10:25,Showers,0,0,NaN,NaN,NaN,NaN,10018
20200924,4472,1.553,2934,0,2181,14:55,Cloudy,0,0,NaN,NaN,NaN,NaN,10156
20200923,10364,3.599,6823,0,2017,13:40,Mostly Cloudy,0,0,NaN,NaN,NaN,NaN,10293
20200922,4661,1.618,3120,0,2071,14:25,Cloudy,0,0,NaN,NaN,NaN,NaN,10430
20200921,6835,2.373,4598,0,1803,13:35,Cloudy,0,0,NaN,NaN,NaN,NaN,10568
20200920,8041,2.792,3785,0,1825,15:05,Mostly Cloudy,0,0,NaN,NaN,NaN,NaN,10705
20200919,7432,2.581,3709,0,1947,15:20,Mostly Cloudy,0,0,NaN,NaN,NaN,NaN,10843
20200918,9896,3.436,6320,0,1706,13:35,Mostly Cloudy,0,0,NaN,NaN,NaN,NaN,10980
20200917,11077,3.846,6651,0,1642,14:00,Mostly Cloudy,0,0,NaN,NaN,NaN,NaN,11117
20200916,10779,3.743,6885,0,1666,13:35,Mostly Cloudy,0,0,NaN,NaN,NaN,NaN,11254
20200915,11024,3.828,4477,0,1650,14:15,Mostly Cloudy,0,0,NaN,NaN,NaN,NaN,11391
20200914,10316,3.582,4399,0,1706,13:50,Mostly Cloudy,0,0,NaN,NaN,NaN,NaN,11528
20200913,11280,3.917,9340,0,1649,14:30,Mostly Cloudy,0,0,NaN,NaN,NaN,NaN,11664
20200912,11641,4.042,7885,0,1701,14:40,Partly Cloudy,0,0,NaN,NaN,NaN,NaN,11800
20200911,7323,2.543,2726,0,1515,15:35,Mostly Cloudy,0,0,NaN,NaN,NaN,NaN,11936
20200910,10268,3.565,6311,0,1862,15:05,Mostly Cloudy,0,0,NaN,NaN,NaN,NaN,12071
20200909,11882,4.126,9699,0,1826,13:40,Partly Cloudy,0,0,NaN,NaN,NaN,NaN,12206
20200908,11552,4.011,7862,0,1996,13:15,Partly Cloudy,0,0,NaN,NaN,NaN,NaN,12340
20200907,7278,2.527,3672,0,1835,16:10,Mostly Cloudy,0,0,NaN,NaN,NaN,NaN,12473
20200906,11762,4.084,9645,0,2250,13:40,Partly Cloudy,0,0,NaN,NaN,NaN,NaN,12607
20200905,13225,4.592,7442,0,1806,14:35,Partly Cloudy,0,0,NaN,NaN,NaN,NaN,12739
20200904,12838,4.458,9533,0,1786,13:55,Partly Cloudy,0,0,NaN,NaN,NaN,NaN,12871
20200903,13534,4.699,9486,0,1882,14:55,Partly Cloudy,0,0,NaN,NaN,NaN,NaN,13002
20200902,11906,4.134,8850,0,2302,12:50,Partly Cloudy,0,0,NaN,NaN,NaN,NaN,13132
20200901,14306,4.967,10991,0,1914,15:05,Partly Cloudy,0,0,NaN,NaN,NaN,NaN,13262
20200831,10124,3.515,7521,0,2198,14:00,Mostly Cloudy,0,0,NaN,NaN,NaN,NaN,13391
20200830,10704,3.717,8553,0,2488,14:45,Mostly Cloudy,0,0,NaN,NaN,NaN,NaN,13519
20200829,4516,1.568,1761,0,2674,14:40,Cloudy,0,0,NaN,NaN,NaN,NaN,13646
20200828,6756,2.346,3036,0,1916,14:05,Cloudy,0,0,NaN,NaN,NaN,NaN,13772
20200827,10961,3.806,1879,0,2031,13:25,Mostly Cloudy,0,0,NaN,NaN,NaN,NaN,13897
20200826,11308,3.926,3673,0,2350,15:30,Mostly Cloudy,0,0,NaN,NaN,NaN,NaN,14021
20200825,13406,4.655,5199,0,2311,13:20,Partly Cloudy,0,0,NaN,NaN,NaN,NaN,14144
20200824,11803,4.098,3682,0,2627,14:15,Partly Cloudy,0,0,NaN,NaN,NaN,NaN,14266
20200823,10793,3.748,5168,0,2134,12:40,Mostly Cloudy,0,0,NaN,NaN,NaN,NaN,14387
20200822,13941,4.841,2448,0,1843,14:55,Partly Cloudy,0,0,NaN,NaN,NaN,NaN,14507
20200821,13405,4.655,2027,0,1889,14:20,Partly Cloudy,0,0,NaN,NaN,NaN,NaN,14625
20200820,12887,4.475,1560,0,1955,14:20,Partly Cloudy,0,0,NaN,NaN,NaN,NaN,14743
20200819,14937,5.186,4860,0,2086,15:00,Fine,0,0,NaN,NaN,NaN,NaN,14859
20200818,12599,4.375,10933,0,2159,14:40,Partly Cloudy,0,0,NaN,NaN,NaN,NaN,14974
20200817,9363,3.251,7674,0,2367,12:25,Mostly Cloudy,0,0,NaN,NaN,NaN,NaN,15087
20200816,8875,3.082,7412,0,2143,12:35,Mostly Cloudy,0,0,NaN,NaN,NaN,NaN,15200
20200815,14452,5.018,12823,0,1881,14:35,Fine,0,0,NaN,NaN,NaN,NaN,15310
20200814,11508,3.996,9826,0,2160,15:35,Mostly Cloudy,0,0,NaN,NaN,NaN,NaN,15420
20200813,9932,3.449,8339,0,2304,14:55,Mostly Cloudy,0,0,NaN,NaN,NaN,NaN,15528
20200812,10730,3.726,3693,0,1938,15:10,Mostly Cloudy,0,0,NaN,NaN,NaN,NaN,15635
20200811,14235,4.943,4639,0,1870,15:25,Partly Cloudy,0,0,NaN,NaN,NaN,NaN,15740
20200810,12392,4.303,3712,0,1860,14:00,Partly Cloudy,0,0,NaN,NaN,NaN,NaN,15843
20200809,15164,5.265,6229,0,1924,15:00,Fine,0,0,NaN,NaN,NaN,NaN,15946
20200808,15003,5.209,4784,0,1912,14:30,Fine,0,0,NaN,NaN,NaN,NaN,16046
20200807,14095,4.894,4618,0,1953,15:25,Partly Cloudy,0,0,NaN,NaN,NaN,NaN,16145
20200806,15606,5.419,7686,0,1967,14:05,Fine,0,0,NaN,NaN,NaN,NaN,16242
20200805,15952,5.539,11578,0,2196,14:05,Fine,0,0,NaN,NaN,NaN,NaN,16338
20200804,15284,5.307,9524,0,2215,13:00,Fine,0,0,NaN,NaN,NaN,NaN,16432
20200803,3281,1.139,646,0,1061,11:20,Cloudy,0,0,NaN,NaN,NaN,NaN,16524
20200802,13794,4.790,11585,0,1945,15:20,Partly Cloudy,0,0,NaN,NaN,NaN,NaN,16615
20200801,13723,4.765,5268,0,1838,14:30,Partly Cloudy,0,0,NaN,NaN,NaN,NaN,16704
20200731,15522,5.390,6604,0,1936,14:40,Fine,0,0,NaN,NaN,NaN,NaN,16791
20200730,14618,5.076,2920,0,1913,14:35,Fine,0,0,NaN,NaN,NaN,NaN,16876
20200729,12658,4.395,4624,0,2039,14:05,Partly Cloudy,0,0,NaN,NaN,NaN,NaN,16960
20200728,13822,4.799,7179,0,2053,15:20,Partly Cloudy,0,0,NaN,NaN,NaN,NaN,17042
20200727,14078,4.888,5491,0,2097,15:00,Partly Cloudy,0,0,NaN,NaN,NaN,NaN,17122
20200726,16025,5.564,6849,0,2054,15:30,Fine,0,0,NaN,NaN,NaN,NaN,17200
20200725,16633,5.775,12462,0,2062,14:55,Fine,0,0,NaN,NaN,NaN,NaN,17276
20200724,7443,2.584,5088,0,2472,15:55,Mostly Cloudy,0,0,NaN,NaN,NaN,NaN,17350
20200723,16313,5.664,6429,0,2073,15:35,Fine,0,0,NaN,NaN,NaN,NaN,17422
20200722,13397,4.652,9188,0,2114,13:55,Partly Cloudy,0,0,NaN,NaN,NaN,NaN,17493
20200721,15669,5.441,4566,0,2161,16:05,Fine,0,0,NaN,NaN,NaN,NaN,17561
20200720,16842,5.848,8509,0,2079,14:30,Fine,0,0,NaN,NaN,NaN,NaN,17627
20200719,16874,5.859,9841,0,2083,15:20,Fine,0,0,NaN,NaN,NaN,NaN,17692
20200718,15424,5.356,7114,0,2350,15:05,Fine,0,0,NaN,NaN,NaN,NaN,17754
20200717,14106,4.898,9149,0,2379,15:20,Partly Cloudy,0,0,NaN,NaN,NaN,NaN,17814
20200716,16162,5.612,8985,0,2289,14:15,Fine,0,0,NaN,NaN,NaN,NaN,17873
20200715,10927,3.794,6077,0,2376,14:05,Mostly Cloudy,0,0,NaN,NaN,NaN,NaN,17929
20200714,14737,5.117,9417,0,2319,14:45,Fine,0,0,NaN,NaN,NaN,NaN,17983
20200713,13967,4.850,7351,0,2587,14:45,Partly Cloudy,0,0,NaN,NaN,NaN,NaN,18035
20200712,17725,6.155,15632,0,2252,14:05,Fine,0,0,NaN,NaN,NaN,NaN,18085
20200711,12247,4.252,8188,0,2362,15:45,Partly Cloudy,0,0,NaN,NaN,NaN,NaN,18132
20200710,13214,4.588,4299,0,2000,14:45,Partly Cloudy,0,0,NaN,NaN,NaN,NaN,18178
20200709,16279,5.652,8469,0,1996,14:15,Fine,0,0,NaN,NaN,NaN,NaN,18221
20200708,17304,6.008,8984,0,2052,14:25,Fine,0,0,NaN,NaN,NaN,NaN,18263
20200707,18077,6.277,10614,0,2244,13:55,Fine,0,0,NaN,NaN,NaN,NaN,18302
20200706,14725,5.113,5523,0,2060,14:35,Fine,0,0,NaN,NaN,NaN,NaN,18339
20200705,15720,5.458,10580,0,2216,14:20,Fine,0,0,NaN,NaN,NaN,NaN,18373
20200704,16398,5.694,10642,0,2271,14:50,Fine,0,0,NaN,NaN,NaN,NaN,18406
20200703,11485,3.988,6238,0,2433,15:45,Mostly Cloudy,0,0,NaN,NaN,NaN,NaN,18436
20200702,14008,4.864,5108,0,2381,13:15,Partly Cloudy,0,0,NaN,NaN,NaN,NaN,18464
20200701,11962,4.153,5601,0,2072,12:10,Partly Cloudy,0,0,NaN,NaN,NaN,NaN,18490
20200630,14593,5.067,7644,0,2248,13:50,Fine,0,0,NaN,NaN,NaN,NaN,18513
20200629,16673,5.789,4588,0,2264,14:20,Fine,0,0,NaN,NaN,NaN,NaN,18535
20200628,16938,5.881,4902,0,1991,14:20,Fine,0,0,NaN,NaN,NaN,NaN,18554
20200627,12325,4.280,8165,0,2096,14:20,Partly Cloudy,0,0,NaN,NaN,NaN,NaN,18570
20200626,14980,5.201,7785,0,2224,13:30,Fine,0,0,NaN,NaN,NaN,NaN,18585
20200625,12327,4.280,6018,0,2208,14:40,Partly Cloudy,0,0,NaN,NaN,NaN,NaN,18597
20200624,16170,5.615,5128,0,2010,14:35,Fine,0,0,NaN,NaN,NaN,NaN,18607
20200623,17315,6.012,5176,0,2058,14:30,Fine,0,0,NaN,NaN,NaN,NaN,18615
20200622,16928,5.878,10271,0,2037,14:40,Fine,0,0,NaN,NaN,NaN,NaN,18620
20200621,17994,6.248,14082,0,2076,14:15,Fine,0,0,NaN,NaN,NaN,NaN,18623
20200620,17791,6.177,11467,0,2092,14:45,Fine,0,0,NaN,NaN,NaN,NaN,18624
20200619,15764,5.474,11866,0,2542,15:50,Fine,0,0,NaN,NaN,NaN,NaN,18622
20200618,13308,4.621,8649,0,2407,13:50,Partly Cloudy,0,0,NaN,NaN,NaN,NaN,18618
20200617,10988,3.815,6895,0,2708,13:30,Mostly Cloudy,0,0,NaN,NaN,NaN,NaN,18612
20200616,12375,4.297,7598,0,2522,15:05,Partly Cloudy,0,0,NaN,NaN,NaN,NaN,18604
20200615,12067,4.190,8240,0,2296,14:05,Partly Cloudy,0,0,NaN,NaN,NaN,NaN,18593
20200614,14584,5.064,11684,0,2327,13:50,Fine,0,0,NaN,NaN,NaN,NaN,18580
20200613,13847,4.808,10790,0,2484,14:15,Partly Cloudy,0,0,NaN,NaN,NaN,NaN,18565
20200612,15058,5.228,9910,0,2630,15:00,Fine,0,0,NaN,NaN,NaN,NaN,18547
20200611,7946,2.759,3538,0,2802,16:05,Mostly Cloudy,0,0,NaN,NaN,NaN,NaN,18527
20200610,8214,2.852,4137,0,1821,12:25,Mostly Cloudy,0,0,NaN,NaN,NaN,NaN,18505
20200609,12450,4.323,7275,0,2692,13:00,Partly Cloudy,0,0,NaN,NaN,NaN,NaN,18481
20200608,7717,2.680,4353,0,2607,15:50,Mostly Cloudy,0,0,NaN,NaN,NaN,NaN,18454
20200607,1714,0.595,36,0,636,14:30,Showers,0,0,NaN,NaN,NaN,NaN,18425
20200606,13237,4.596,7470,0,2567,16:20,Partly Cloudy,0,0,NaN,NaN,NaN,NaN,18394
20200605,18060,6.271,13005,0,2284,15:05,Fine,0,0,NaN,NaN,NaN,NaN,18360
20200604,1591,0.552,123,0,503,11:25,Showers,0,0,NaN,NaN,NaN,NaN,18325
20200603,11871,4.122,8829,0,2211,15:55,Partly Cloudy,0,0,NaN,NaN,NaN,NaN,18287
20200602,15568,5.406,9367,0,2270,13:30,Fine,0,0,NaN,NaN,NaN,NaN,18246
20200601,16268,5.649,9516,0,2108,15:05,Fine,0,0,NaN,NaN,NaN,NaN,18204
20200531,14277,4.957,10025,0,2528,15:05,Partly Cloudy,0,0,NaN,NaN,NaN,NaN,18160
20200530,10395,3.609,5635,0,2458,13:20,Mostly Cloudy,0,0,NaN,NaN,NaN,NaN,18113
20200529,13580,4.715,9902,0,2557,14:15,Partly Cloudy,0,0,NaN,NaN,NaN,NaN,18064
20200528,15648,5.433,11379,0,2387,13:00,Fine,0,0,NaN,NaN,NaN,NaN,18013
20200527,17221,5.980,11153,0,2126,14:10,Fine,0,0,NaN,NaN,NaN,NaN,17960
20200526,14068,4.885,9973,0,2036,12:35,Partly Cloudy,0,0,NaN,NaN,NaN,NaN,17904
20200525,17540,6.090,11680,0,2116,14:40,Fine,0,0,NaN,NaN,NaN,NaN,17847
20200524,16457,5.714,11203,0,2182,13:25,Fine,0,0,NaN,NaN,NaN,NaN,17787
20200523,10222,3.549,5393,0,2222,13:55,Mostly Cloudy,0,0,NaN,NaN,NaN,NaN,17725
20200522,12004,4.168,7602,0,1829,14:05,Partly Cloudy,0,0,NaN,NaN,NaN,NaN,17662
20200521,16155,5.609,10641,0,2018,14:40,Fine,0,0,NaN,NaN,NaN,NaN,17596
20200520,15993,5.553,12562,0,2025,13:50,Fine,0,0,NaN,NaN,NaN,NaN,17528
20200519,7765,2.696,4495,0,1689,16:00,Mostly Cloudy,0,0,NaN,NaN,NaN,NaN,17458
20200518,14785,5.134,11165,0,2177,13:40,Fine,0,0,NaN,NaN,NaN,NaN,17386
20200517,12583,4.369,8618,0,2379,15:50,Partly Cloudy,0,0,NaN,NaN,NaN,NaN,17312
20200516,7993,2.775,4007,0,2128,14:15,Mostly Cloudy,0,0,NaN,NaN,NaN,NaN,17236
20200515,8918,3.097,4649,0,2572,14:10,Mostly Cloudy,0,0,NaN,NaN,NaN,NaN,17158
20200514,13231,4.594,9214,0,2323,13:30,Partly Cloudy,0,0,NaN,NaN,NaN,NaN,17079
20200513,1531,0.532,276,0,1109,12:45,Showers,0,0,NaN,NaN,NaN,NaN,16997
20200512,11087,3.850,7367,0,2634,15:25,Mostly Cloudy,0,0,NaN,NaN,NaN,NaN,16913
20200511,3752,1.303,1040,0,1453,13:30,Cloudy,0,0,NaN,NaN,NaN,NaN,16828
20200510,11436,3.971,8599,0,2172,14:40,Mostly Cloudy,0,0,NaN,NaN,NaN,NaN,16741
20200509,15445,5.363,9850,0,2001,14:15,Fine,0,0,NaN,NaN,NaN,NaN,16652
20200508,15293,5.310,8953,0,40,20:10,Fine,0,0,NaN,NaN,NaN,NaN,16561
20200507,3547,1.232,2056,0,1594,11:40,Mostly Cloudy,0,0,NaN,NaN,NaN,NaN,16468
20200506,12541,4.355,9072,0,2481,14:15,Partly Cloudy,0,0,NaN,NaN,NaN,NaN,16373
20200505,13285,4.613,10133,0,2558,15:00,Partly Cloudy,0,0,NaN,NaN,NaN,NaN,16277
20200504,16449,5.711,10173,0,2031,14:20,Fine,0,0,NaN,NaN,NaN,NaN,16179
20200503,16068,5.579,11743,0,2095,14:20,Fine,0,0,NaN,NaN,NaN,NaN,16080
20200502,13125,4.557,8682,0,2271,13:55,Partly Cloudy,0,0,NaN,NaN,NaN,NaN,15978
20200425,3,0.001,3,0,11,14:10,Showers,0,0,NaN,NaN,NaN,NaN,15226
20200422,0,0.000,0,0,0,15:35,Not Sure,0,0,NaN,NaN,NaN,NaN,14881
20200421,0,0.000,0,0,0,16:20,Not Sure,0,0,NaN,NaN,NaN,NaN,14764
20200420,0,0.000,0,0,0,17:10,Not Sure,0,0,NaN,NaN,NaN,NaN,14645
20200418,0,0.000,0,0,0,15:40,Not Sure,0,0,NaN,NaN,NaN,NaN,14403
20200417,0,0.000,0,0,0,11:55,Not Sure,0,0,NaN,NaN,NaN,NaN,14281
20200416,0,0.000,0,0,0,00:00,Not Sure,0,0,NaN,NaN,NaN,NaN,14157
20200415,0,0.000,0,0,0,00:00,Not Sure,0,0,NaN,NaN,NaN,NaN,14032
20200414,0,0.000,0,0,0,00:00,Not Sure,0,0,NaN,NaN,NaN,NaN,13906
20200413,0,0.000,0,0,0,17:45,Not Sure,0,0,NaN,NaN,NaN,NaN,13779
20200411,0,0.000,0,0,0,00:00,Not Sure,0,0,NaN,NaN,NaN,NaN,13522
20200410,0,0.000,0,0,11,17:55,Not Sure,0,0,NaN,NaN,NaN,NaN,13392
20200409,0,0.000,0,0,0,19:15,Not Sure,0,0,NaN,NaN,NaN,NaN,13262
20200403,0,0.000,0,0,0,20:10,Not Sure,0,0,NaN,NaN,NaN,NaN,12460
20200330,0,0.000,0,0,0,00:00,Not Sure,0,0,NaN,NaN,NaN,NaN,11913
20200329,0,0.000,0,0,0,19:20,Not Sure,0,0,NaN,NaN,NaN,NaN,11775
20200325,0,0.000,0,0,0,00:00,Not Sure,0,0,NaN,NaN,NaN,NaN,11220
20200324,0,0.000,0,0,0,00:00,Not Sure,0,0,NaN,NaN,NaN,NaN,11081
20200323,0,0.000,0,0,0,00:00,Not Sure,0,0,NaN,NaN,NaN,NaN,10941
20200322,0,0.000,0,0,0,00:00,Not Sure,0,0,NaN,NaN,NaN,NaN,10802
20200321,0,0.000,0,0,0,00:00,Not Sure,0,0,NaN,NaN,NaN,NaN,10662
20200320,0,0.000,0,0,0,05:10,Not Sure,0,0,NaN,NaN,NaN,NaN,10522
20200315,0,0.000,0,0,0,00:00,Not Sure,0,0,NaN,NaN,NaN,NaN,9825
20200314,0,0.000,0,0,0,00:00,Not Sure,0,0,NaN,NaN,NaN,NaN,9686
20200313,0,0.000,0,0,0,00:00,Not Sure,0,0,NaN,NaN,NaN,NaN,9548
20200312,0,0.000,0,0,0,00:00,Not Sure,0,0,NaN,NaN,NaN,NaN,9410
20200311,0,0.000,0,0,0,00:00,Not Sure,0,0,NaN,NaN,NaN,NaN,9272
20200310,0,0.000,0,0,0,00:00,Not Sure,0,0,NaN,NaN,NaN,NaN,9135
20200309,0,0.000,0,0,0,00:00,Not Sure,0,0,NaN,NaN,NaN,NaN,8998
20200308,0,0.000,0,0,0,00:00,Not Sure,0,0,NaN,NaN,NaN,NaN,8862
20200307,0,0.000,0,0,0,00:00,Not Sure,0,0,NaN,NaN,NaN,NaN,8727
20200306,0,0.000,0,0,0,00:00,Not Sure,0,0,NaN,NaN,NaN,NaN,8592
20200305,0,0.000,0,0,0,00:00,Not Sure,0,0,NaN,NaN,NaN,NaN,8458
20200304,0,0.000,0,0,0,00:00,Not Sure,0,0,NaN,NaN,NaN,NaN,8325
20200303,0,0.000,0,0,0,00:00,Not Sure,0,0,NaN,NaN,NaN,NaN,8192
20200302,0,0.000,0,0,0,00:00,Not Sure,0,0,NaN,NaN,NaN,NaN,8060
20200301,0,0.000,0,0,0,00:00,Not Sure,0,0,NaN,NaN,NaN,NaN,7930
20200229,0,0.000,0,0,0,00:00,Not Sure,0,0,NaN,NaN,NaN,NaN,7800
20200228,0,0.000,0,0,0,00:00,Not Sure,0,0,NaN,NaN,NaN,NaN,7671
20200227,0,0.000,0,0,0,00:00,Not Sure,0,0,NaN,NaN,NaN,NaN,7543
20200226,0,0.000,0,0,0,00:00,Not Sure,0,0,NaN,NaN,NaN,NaN,7417
20200225,0,0.000,0,0,0,05:10,Not Sure,0,0,NaN,NaN,NaN,NaN,7291
20200320,0,0.000,0,0,0,05:10,Not Sure,0,0,NaN,NaN,NaN,NaN,10522
20200315,0,0.000,0,0,0,00:00,Not Sure,0,0,NaN,NaN,NaN,NaN,9825
20200314,0,0.000,0,0,0,00:00,Not Sure,0,0,NaN,NaN,NaN,NaN,9686
20200313,0,0.000,0,0,0,00:00,Not Sure,0,0,NaN,NaN,NaN,NaN,9548
20200312,0,0.000,0,0,0,00:00,Not Sure,0,0,NaN,NaN,NaN,NaN,9410
20200311,0,0.000,0,0,0,00:00,Not Sure,0,0,NaN,NaN,NaN,NaN,9272
20200310,0,0.000,0,0,0,00:00,Not Sure,0,0,NaN,NaN,NaN,NaN,9135
20200309,0,0.000,0,0,0,00:00,Not Sure,0,0,NaN,NaN,NaN,NaN,8998
20200308,0,0.000,0,0,0,00:00,Not Sure,0,0,NaN,NaN,NaN,NaN,8862
20200307,0,0.000,0,0,0,00:00,Not Sure,0,0,NaN,NaN,NaN,NaN,8727
20200306,0,0.000,0,0,0,00:00,Not Sure,0,0,NaN,NaN,NaN,NaN,8592
20200305,0,0.000,0,0,0,00:00,Not Sure,0,0,NaN,NaN,NaN,NaN,8458
20200304,0,0.000,0,0,0,00:00,Not Sure,0,0,NaN,NaN,NaN,NaN,8325
20200303,0,0.000,0,0,0,00:00,Not Sure,0,0,NaN,NaN,NaN,NaN,8192
20200302,0,0.000,0,0,0,00:00,Not Sure,0,0,NaN,NaN,NaN,NaN,8060
20200301,0,0.000,0,0,0,00:00,Not Sure,0,0,NaN,NaN,NaN,NaN,7930
20200229,0,0.000,0,0,0,00:00,Not Sure,0,0,NaN,NaN,NaN,NaN,7800
20200228,0,0.000,0,0,0,00:00,Not Sure,0,0,NaN,NaN,NaN,NaN,7671
20200227,0,0.000,0,0,0,00:00,Not Sure,0,0,NaN,NaN,NaN,NaN,7543
20200226,0,0.000,0,0,0,00:00,Not Sure,0,0,NaN,NaN,NaN,NaN,7417
20200225,0,0.000,0,0,0,05:10,Not Sure,0,0,NaN,NaN,NaN,NaN,7291
20200220,0,0.000,0,0,0,00:00,Not Sure,0,0,NaN,NaN,NaN,NaN,6682
20200219,0,0.000,0,0,0,00:00,Not Sure,0,0,NaN,NaN,NaN,NaN,6564
20200218,0,0.000,0,0,0,00:00,Not Sure,0,0,NaN,NaN,NaN,NaN,6448
20200217,0,0.000,0,0,0,00:00,Not Sure,0,0,NaN,NaN,NaN,NaN,6333
20200216,0,0.000,0,0,0,00:00,Not Sure,0,0,NaN,NaN,NaN,NaN,6220
20200215,0,0.000,0,0,0,00:00,Not Sure,0,0,NaN,NaN,NaN,NaN,6108
20200214,0,0.000,0,0,0,00:00,Not Sure,0,0,NaN,NaN,NaN,NaN,5997
20200213,0,0.000,0,0,0,00:00,Not Sure,0,0,NaN,NaN,NaN,NaN,5889
20200212,0,0.000,0,0,0,00:00,Not Sure,0,0,NaN,NaN,NaN,NaN,5782
20200211,0,0.000,0,0,0,00:00,Not Sure,0,0,NaN,NaN,NaN,NaN,5676
20200210,0,0.000,0,0,0,00:00,Not Sure,0,0,NaN,NaN,NaN,NaN,5573
20200209,0,0.000,0,0,0,00:00,Not Sure,0,0,NaN,NaN,NaN,NaN,5471
20200208,0,0.000,0,0,0,00:00,Not Sure,0,0,NaN,NaN,NaN,NaN,5371
20200207,0,0.000,0,0,0,00:00,Not Sure,0,0,NaN,NaN,NaN,NaN,5272
20200206,0,0.000,0,0,0,00:00,Not Sure,0,0,NaN,NaN,NaN,NaN,5176
20200205,0,0.000,0,0,0,05:10,Not Sure,0,0,NaN,NaN,NaN,NaN,5081
20200130,0,0.000,0,0,0,00:00,Not Sure,0,0,NaN,NaN,NaN,NaN,4554
20200129,0,0.000,0,0,0,00:00,Not Sure,0,0,NaN,NaN,NaN,NaN,4473
20200128,0,0.000,0,0,0,00:00,Not Sure,0,0,NaN,NaN,NaN,NaN,4393
20200127,0,0.000,0,0,0,00:00,Not Sure,0,0,NaN,NaN,NaN,NaN,4316
20200126,0,0.000,0,0,0,00:00,Not Sure,0,0,NaN,NaN,NaN,NaN,4242
20200125,0,0.000,0,0,0,05:10,Not Sure,0,0,NaN,NaN,NaN,NaN,4169
20200120,0,0.000,0,0,0,00:00,Not Sure,0,0,NaN,NaN,NaN,NaN,3835
20200119,0,0.000,0,0,0,00:00,Not Sure,0,0,NaN,NaN,NaN,NaN,3775
20200118,0,0.000,0,0,0,00:00,Not Sure,0,0,NaN,NaN,NaN,NaN,3717
20200117,0,0.000,0,0,0,00:00,Not Sure,0,0,NaN,NaN,NaN,NaN,3660
20200116,0,0.000,0,0,0,00:00,Not Sure,0,0,NaN,NaN,NaN,NaN,3606
20200115,0,0.000,0,0,0,05:10,Not Sure,0,0,NaN,NaN,NaN,NaN,3554
20200110,0,0.000,0,0,0,00:00,Not Sure,0,0,NaN,NaN,NaN,NaN,3327
20200109,0,0.000,0,0,0,00:00,Not Sure,0,0,NaN,NaN,NaN,NaN,3287
20200108,0,0.000,0,0,0,00:00,Not Sure,0,0,NaN,NaN,NaN,NaN,3250
20200107,0,0.000,0,0,0,00:00,Not Sure,0,0,NaN,NaN,NaN,NaN,3215
20200106,0,0.000,0,0,0,00:00,Not Sure,0,0,NaN,NaN,NaN,NaN,3182
20200105,0,0.000,0,0,0,05:10,Not Sure,0,0,NaN,NaN,NaN,NaN,3152
20191230,0,0.000,0,0,0,00:00,Not Sure,0,0,NaN,NaN,NaN,NaN,3011
20191229,0,0.000,0,0,0,00:00,Not Sure,0,0,NaN,NaN,NaN,NaN,2995
20191228,0,0.000,0,0,0,00:00,Not Sure,0,0,NaN,NaN,NaN,NaN,2981
20191227,0,0.000,0,0,0,00:00,Not Sure,0,0,NaN,NaN,NaN,NaN,2969
20191226,0,0.000,0,0,0,00:00,Not Sure,0,0,NaN,NaN,NaN,NaN,2959
20191225,0,0.000,0,0,0,05:10,Not Sure,0,0,NaN,NaN,NaN,NaN,2951
20191220,0,0.000,0,0,0,00:00,Not Sure,0,0,NaN,NaN,NaN,NaN,2944
20191219,0,0.000,0,0,0,00:00,Not Sure,0,0,NaN,NaN,NaN,NaN,2948
20191218,0,0.000,0,0,0,00:00,Not Sure,0,0,NaN,NaN,NaN,NaN,2955
20191217,0,0.000,0,0,0,00:00,Not Sure,0,0,NaN,NaN,NaN,NaN,2964
20191216,0,0.000,0,0,0,00:00,Not Sure,0,0,NaN,NaN,NaN,NaN,2975
20191215,0,0.000,0,0,0,05:10,Not Sure,0,0,NaN,NaN,NaN,NaN,2987
20191210,0,0.000,0,0,0,00:00,Not Sure,0,0,NaN,NaN,NaN,NaN,3083
20191209,0,0.000,0,0,0,00:00,Not Sure,0,0,NaN,NaN,NaN,NaN,3108
20191208,0,0.000,0,0,0,00:00,Not Sure,0,0,NaN,NaN,NaN,NaN,3136
20191207,0,0.000,0,0,0,00:00,Not Sure,0,0,NaN,NaN,NaN,NaN,3165
20191206,0,0.000,0,0,0,00:00,Not Sure,0,0,NaN,NaN,NaN,NaN,3197
20191205,0,0.000,0,0,0,05:10,Not Sure,0,0,NaN,NaN,NaN,NaN,3231
20191130,0,0.000,0,0,0,00:00,Not Sure,0,0,NaN,NaN,NaN,NaN,3431
20191129,0,0.000,0,0,0,00:00,Not Sure,0,0,NaN,NaN,NaN,NaN,3477
20191128,0,0.000,0,0,0,00:00,Not Sure,0,0,NaN,NaN,NaN,NaN,3525
20191127,0,0.000,0,0,0,00:00,Not Sure,0,0,NaN,NaN,NaN,NaN,3576
20191126,0,0.000,0,0,0,00:00,Not Sure,0,0,NaN,NaN,NaN,NaN,3628
20191125,0,0.000,0,0,0,05:10,Not Sure,0,0,NaN,NaN,NaN,NaN,3683
20191120,0,0.000,0,0,0,00:00,Not Sure,0,0,NaN,NaN,NaN,NaN,3987
20191119,0,0.000,0,0,0,00:00,Not Sure,0,0,NaN,NaN,NaN,NaN,4054
20191118,0,0.000,0,0,0,00:00,Not Sure,0,0,NaN,NaN,NaN,NaN,4123
20191117,0,0.000,0,0,0,00:00,Not Sure,0,0,NaN,NaN,NaN,NaN,4195
20191116,0,0.000,0,0,0,00:00,Not Sure,0,0,NaN,NaN,NaN,NaN,4268
20191115,0,0.000,0,0,0,05:10,Not Sure,0,0,NaN,NaN,NaN,NaN,4343
20191110,0,0.000,0,0,0,00:00,Not Sure,0,0,NaN,NaN,NaN,NaN,4748
20191109,0,0.000,0,0,0,00:00,Not Sure,0,0,NaN,NaN,NaN,NaN,4835
20191108,0,0.000,0,0,0,00:00,Not Sure,0,0,NaN,NaN,NaN,NaN,4924
20191107,0,0.000,0,0,0,00:00,Not Sure,0,0,NaN,NaN,NaN,NaN,5015
20191106,0,0.000,0,0,0,00:00,Not Sure,0,0,NaN,NaN,NaN,NaN,5107
20191105,0,0.000,0,0,0,05:10,Not Sure,0,0,NaN,NaN,NaN,NaN,5202
20191030,0,0.000,0,0,0,00:00,Not Sure,0,0,NaN,NaN,NaN,NaN,5805
20191029,0,0.000,0,0,0,00:00,Not Sure,0,0,NaN,NaN,NaN,NaN,5912
20191028,0,0.000,0,0,0,00:00,Not Sure,0,0,NaN,NaN,NaN,NaN,6020
20191027,0,0.000,0,0,0,00:00,Not Sure,0,0,NaN,NaN,NaN,NaN,6081
20191026,0,0.000,0,0,0,00:00,Not Sure,0,0,NaN,NaN,NaN,NaN,6241
20191025,0,0.000,0,0,0,00:00,Not Sure,0,0,NaN,NaN,NaN,NaN,6353
20191024,0,0.000,0,0,0,00:00,Not Sure,0,0,NaN,NaN,NaN,NaN,6468
20191023,0,0.000,0,0,0,00:00,Not Sure,0,0,NaN,NaN,NaN,NaN,6583
20191022,0,0.000,0,0,0,00:00,Not Sure,0,0,NaN,NaN,NaN,NaN,6700
20191021,0,0.000,0,0,0,00:00,Not Sure,0,0,NaN,NaN,NaN,NaN,6818
20191020,0,0.000,0,0,0,00:00,Not Sure,0,0,NaN,NaN,NaN,NaN,6938
20191019,0,0.000,0,0,0,00:00,Not Sure,0,0,NaN,NaN,NaN,NaN,7059
20191018,0,0.000,0,0,0,00:00,Not Sure,0,0,NaN,NaN,NaN,NaN,7181
20191017,0,0.000,0,0,0,00:00,Not Sure,0,0,NaN,NaN,NaN,NaN,7305
20191016,0,0.000,0,0,0,00:00,Not Sure,0,0,NaN,NaN,NaN,NaN,7429
20191015,0,0.000,0,0,0,05:10,Not Sure,0,0,NaN,NaN,NaN,NaN,7555
20191010,0,0.000,0,0,0,00:00,Not Sure,0,0,NaN,NaN,NaN,NaN,8198
20191009,0,0.000,0,0,0,00:00,Not Sure,0,0,NaN,NaN,NaN,NaN,8330
20191008,0,0.000,0,0,0,00:00,Not Sure,0,0,NaN,NaN,NaN,NaN,8462
20191007,0,0.000,0,0,0,00:00,Not Sure,0,0,NaN,NaN,NaN,NaN,8595
20191006,0,0.000,0,0,0,00:00,Not Sure,0,0,NaN,NaN,NaN,NaN,8729
20191005,0,0.000,0,0,0,05:10,Not Sure,0,0,NaN,NaN,NaN,NaN,8863
20190930,0,0.000,0,0,0,00:00,Not Sure,0,0,NaN,NaN,NaN,NaN,9544
20190929,0,0.000,0,0,0,00:00,Not Sure,0,0,NaN,NaN,NaN,NaN,9681
20190928,0,0.000,0,0,0,00:00,Not Sure,0,0,NaN,NaN,NaN,NaN,9819
20190927,0,0.000,0,0,0,00:00,Not Sure,0,0,NaN,NaN,NaN,NaN,9957
20190926,0,0.000,0,0,0,00:00,Not Sure,0,0,NaN,NaN,NaN,NaN,10096
20190925,0,0.000,0,0,0,00:00,Not Sure,0,0,NaN,NaN,NaN,NaN,10234
20190924,0,0.000,0,0,0,00:00,Not Sure,0,0,NaN,NaN,NaN,NaN,10373
20190923,0,0.000,0,0,0,00:00,Not Sure,0,0,NaN,NaN,NaN,NaN,10512
20190922,0,0.000,0,0,0,00:00,Not Sure,0,0,NaN,NaN,NaN,NaN,10651
20190921,0,0.000,0,0,0,00:00,Not Sure,0,0,NaN,NaN,NaN,NaN,10790
20190920,0,0.000,0,0,0,00:00,Not Sure,0,0,NaN,NaN,NaN,NaN,10929
20190919,0,0.000,0,0,0,00:00,Not Sure,0,0,NaN,NaN,NaN,NaN,11067
20190918,0,0.000,0,0,0,00:00,Not Sure,0,0,NaN,NaN,NaN,NaN,11206
20190917,0,0.000,0,0,0,00:00,Not Sure,0,0,NaN,NaN,NaN,NaN,11345
20190916,0,0.000,0,0,0,00:00,Not Sure,0,0,NaN,NaN,NaN,NaN,11483
20190915,0,0.000,0,0,0,05:10,Not Sure,0,0,NaN,NaN,NaN,NaN,11621
20190910,0,0.000,0,0,0,00:00,Not Sure,0,0,NaN,NaN,NaN,NaN,12307
20190909,0,0.000,0,0,0,00:00,Not Sure,0,0,NaN,NaN,NaN,NaN,12443
20190908,0,0.000,0,0,0,00:00,Not Sure,0,0,NaN,NaN,NaN,NaN,12578
20190907,0,0.000,0,0,0,00:00,Not Sure,0,0,NaN,NaN,NaN,NaN,12713
20190906,0,0.000,0,0,0,00:00,Not Sure,0,0,NaN,NaN,NaN,NaN,12847
20190905,0,0.000,0,0,0,05:10,Not Sure,0,0,NaN,NaN,NaN,NaN,12981
20190831,0,0.000,0,0,0,00:00,Not Sure,0,0,NaN,NaN,NaN,NaN,13637
20190830,0,0.000,0,0,0,17:05,Not Sure,0,0,NaN,NaN,NaN,NaN,13765
20190829,5093,1.768,5093,0,1848,14:35,Cloudy,0,56,NaN,NaN,NaN,NaN,13893
20190525,12173,4.227,12173,0,2460,14:40,Partly Cloudy,0,56,NaN,NaN,NaN,NaN,17997
20190524,14199,4.930,0,0,2052,14:20,Partly Cloudy,0,56,NaN,NaN,NaN,NaN,17935
20190523,15765,5.474,0,0,2232,14:55,Fine,0,56,NaN,NaN,NaN,NaN,17871
20190522,16221,5.632,0,0,2472,13:00,Fine,0,56,NaN,NaN,NaN,NaN,17805
20190521,17522,6.084,0,0,2328,14:05,Fine,0,56,NaN,NaN,NaN,NaN,17737
20190520,4859,1.687,0,0,816,12:10,Cloudy,44,49,NaN,NaN,NaN,NaN,17667
20190519,6577,2.284,0,0,1476,14:15,Cloudy,0,50,NaN,NaN,NaN,NaN,17595
20190518,5358,1.860,0,0,2400,15:40,Cloudy,0,50,NaN,NaN,NaN,NaN,17521
20190517,10884,3.779,0,0,1896,13:55,Mostly Cloudy,42,52,NaN,NaN,NaN,NaN,17444
20190516,14664,5.092,0,0,2592,14:15,Fine,0,53,NaN,NaN,NaN,NaN,17366
20190515,17060,5.924,0,0,2664,14:10,Fine,0,53,NaN,NaN,NaN,NaN,17286
20190514,1323,0.459,0,0,1284,18:25,Showers,46,50,NaN,NaN,NaN,NaN,17204
20191022,0,0.000,0,0,0,00:00,Not Sure,0,0,NaN,NaN,NaN,NaN,6700
20191021,0,0.000,0,0,0,00:00,Not Sure,0,0,NaN,NaN,NaN,NaN,6818
20191020,0,0.000,0,0,0,00:00,Not Sure,0,0,NaN,NaN,NaN,NaN,6938
20191019,0,0.000,0,0,0,00:00,Not Sure,0,0,NaN,NaN,NaN,NaN,7059
20191018,0,0.000,0,0,0,00:00,Not Sure,0,0,NaN,NaN,NaN,NaN,7181
20191017,0,0.000,0,0,0,00:00,Not Sure,0,0,NaN,NaN,NaN,NaN,7305
20191016,0,0.000,0,0,0,00:00,Not Sure,0,0,NaN,NaN,NaN,NaN,7429
20191015,0,0.000,0,0,0,05:10,Not Sure,0,0,NaN,NaN,NaN,NaN,7555
20191010,0,0.000,0,0,0,00:00,Not Sure,0,0,NaN,NaN,NaN,NaN,8198
20191009,0,0.000,0,0,0,00:00,Not Sure,0,0,NaN,NaN,NaN,NaN,8330
20191008,0,0.000,0,0,0,00:00,Not Sure,0,0,NaN,NaN,NaN,NaN,8462
20191007,0,0.000,0,0,0,00:00,Not Sure,0,0,NaN,NaN,NaN,NaN,8595
20191006,0,0.000,0,0,0,00:00,Not Sure,0,0,NaN,NaN,NaN,NaN,8729
20191005,0,0.000,0,0,0,05:10,Not Sure,0,0,NaN,NaN,NaN,NaN,8863
20190930,0,0.000,0,0,0,00:00,Not Sure,0,0,NaN,NaN,NaN,NaN,9544
20190929,0,0.000,0,0,0,00:00,Not Sure,0,0,NaN,NaN,NaN,NaN,9681
20190928,0,0.000,0,0,0,00:00,Not Sure,0,0,NaN,NaN,NaN,NaN,9819
20190927,0,0.000,0,0,0,00:00,Not Sure,0,0,NaN,NaN,NaN,NaN,9957
20190926,0,0.000,0,0,0,00:00,Not Sure,0,0,NaN,NaN,NaN,NaN,10096
20190925,0,0.000,0,0,0,00:00,Not Sure,0,0,NaN,NaN,NaN,NaN,10234
20190924,0,0.000,0,0,0,00:00,Not Sure,0,0,NaN,NaN,NaN,NaN,10373
20190923,0,0.000,0,0,0,00:00,Not Sure,0,0,NaN,NaN,NaN,NaN,10512
20190922,0,0.000,0,0,0,00:00,Not Sure,0,0,NaN,NaN,NaN,NaN,10651
20190921,0,0.000,0,0,0,00:00,Not Sure,0,0,NaN,NaN,NaN,NaN,10790
20190920,0,0.000,0,0,0,00:00,Not Sure,0,0,NaN,NaN,NaN,NaN,10929
20190919,0,0.000,0,0,0,00:00,Not Sure,0,0,NaN,NaN,NaN,NaN,11067
20190918,0,0.000,0,0,0,00:00,Not Sure,0,0,NaN,NaN,NaN,NaN,11206
20190917,0,0.000,0,0,0,00:00,Not Sure,0,0,NaN,NaN,NaN,NaN,11345
20190916,0,0.000,0,0,0,00:00,Not Sure,0,0,NaN,NaN,NaN,NaN,11483
20190915,0,0.000,0,0,0,05:10,Not Sure,0,0,NaN,NaN,NaN,NaN,11621
20190910,0,0.000,0,0,0,00:00,Not Sure,0,0,NaN,NaN,NaN,NaN,12307
20190909,0,0.000,0,0,0,00:00,Not Sure,0,0,NaN,NaN,NaN,NaN,12443
20190908,0,0.000,0,0,0,00:00,Not Sure,0,0,NaN,NaN,NaN,NaN,12578
20190907,0,0.000,0,0,0,00:00,Not Sure,0,0,NaN,NaN,NaN,NaN,12713
20190906,0,0.000,0,0,0,00:00,Not Sure,0,0,NaN,NaN,NaN,NaN,12847
20190905,0,0.000,0,0,0,05:10,Not Sure,0,0,NaN,NaN,NaN,NaN,12981
20190831,0,0.000,0,0,0,00:00,Not Sure,0,0,NaN,NaN,NaN,NaN,13637
20190830,0,0.000,0,0,0,17:05,Not Sure,0,0,NaN,NaN,NaN,NaN,13765
20190829,5093,1.768,5093,0,1848,14:35,Cloudy,0,56,NaN,NaN,NaN,NaN,13893
20190525,12173,4.227,12173,0,2460,14:40,Partly Cloudy,0,56,NaN,NaN,NaN,NaN,17997
20190524,14199,4.930,0,0,2052,14:20,Partly Cloudy,0,56,NaN,NaN,NaN,NaN,17935
20190523,15765,5.474,0,0,2232,14:55,Fine,0,56,NaN,NaN,NaN,NaN,17871
20190522,16221,5.632,0,0,2472,13:00,Fine,0,56,NaN,NaN,NaN,NaN,17805
20190521,17522,6.084,0,0,2328,14:05,Fine,0,56,NaN,NaN,NaN,NaN,17737
20190520,4859,1.687,0,0,816,12:10,Cloudy,44,49,NaN,NaN,NaN,NaN,17667
20190519,6577,2.284,0,0,1476,14:15,Cloudy,0,50,NaN,NaN,NaN,NaN,17595
20190518,5358,1.860,0,0,2400,15:40,Cloudy,0,50,NaN,NaN,NaN,NaN,17521
20190517,10884,3.779,0,0,1896,13:55,Mostly Cloudy,42,52,NaN,NaN,NaN,NaN,17444
20190516,14664,5.092,0,0,2592,14:15,Fine,0,53,NaN,NaN,NaN,NaN,17366
20190515,17060,5.924,0,0,2664,14:10,Fine,0,53,NaN,NaN,NaN,NaN,17286
20190514,1323,0.459,0,0,1284,18:25,Showers,46,50,NaN,NaN,NaN,NaN,17204
20190428,18035,6.262,18035,0,2268,13:20,Fine,0,53,NaN,NaN,NaN,NaN,15645
20190427,15973,5.546,15973,0,2484,13:05,Fine,43,54,NaN,NaN,NaN,NaN,15533
20190426,7235,2.512,0,0,2772,13:25,Mostly Cloudy,0,50,NaN,NaN,NaN,NaN,15420
20190425,5075,1.762,0,0,1368,11:05,Cloudy,43,49,NaN,NaN,NaN,NaN,15306
20190424,3844,1.335,0,0,1296,10:45,Cloudy,43,49,NaN,NaN,NaN,NaN,15190
20190423,2144,0.744,0,0,432,14:20,Showers,45,48,NaN,NaN,NaN,NaN,15073
20190422,9437,3.277,9437,0,2124,12:45,Mostly Cloudy,0,52,NaN,NaN,NaN,NaN,14954
20190421,3102,1.077,0,0,1656,11:00,Mostly Cloudy,44,51,NaN,NaN,NaN,NaN,14835
20190420,15580,5.410,0,0,2136,14:05,Fine,0,54,NaN,NaN,NaN,NaN,14713
20190419,12764,4.432,12764,0,2064,15:10,Partly Cloudy,0,52,NaN,NaN,NaN,NaN,14591
20190418,15488,5.378,15488,0,2220,14:30,Fine,0,53,NaN,NaN,NaN,NaN,14467
20190417,15546,5.398,15546,0,2100,14:25,Fine,0,53,NaN,NaN,NaN,NaN,14343
20190416,8941,3.105,0,0,1896,11:45,Mostly Cloudy,0,50,NaN,NaN,NaN,NaN,14217
20190415,14429,5.010,0,0,2160,14:55,Fine,0,51,NaN,NaN,NaN,NaN,14090
20190414,3729,1.295,0,0,1032,16:05,Cloudy,0,46,NaN,NaN,NaN,NaN,13962
20190413,10608,3.683,0,0,2256,14:00,Mostly Cloudy,0,50,NaN,NaN,NaN,NaN,13832
20190412,8445,2.932,0,0,2460,16:00,Mostly Cloudy,0,50,NaN,NaN,NaN,NaN,13702
20190411,2670,0.927,0,0,768,10:25,Showers,0,47,NaN,NaN,NaN,NaN,13571
20190410,8920,3.097,0,0,2148,16:05,Mostly Cloudy,0,50,NaN,NaN,NaN,NaN,13439
20190409,11144,3.869,0,0,2208,14:50,Mostly Cloudy,42,52,NaN,NaN,NaN,NaN,13306
20190408,14119,4.902,0,0,2076,14:10,Partly Cloudy,0,52,NaN,NaN,NaN,NaN,13173
20190407,5288,1.836,0,0,1572,16:00,Cloudy,0,48,NaN,NaN,NaN,NaN,13038
20190406,5408,1.878,0,0,1728,15:10,Cloudy,23,48,NaN,NaN,NaN,NaN,12903
20190405,8949,3.107,0,0,2160,15:25,Mostly Cloudy,0,49,NaN,NaN,NaN,NaN,12767
20190327,13430,4.663,13430,0,1944,13:30,Partly Cloudy,0,50,NaN,NaN,NaN,NaN,11518
20190326,13846,4.808,0,0,1980,13:45,Partly Cloudy,0,51,NaN,NaN,NaN,NaN,11378
20190325,11990,4.163,0,0,1908,13:45,Partly Cloudy,0,53,NaN,NaN,NaN,NaN,11237
20190324,13019,4.520,0,0,1872,13:15,Partly Cloudy,0,53,NaN,NaN,NaN,NaN,11096
20190323,12602,4.376,0,0,1896,13:45,Partly Cloudy,0,52,NaN,NaN,NaN,NaN,10954
20190322,12801,4.445,0,0,1860,13:35,Partly Cloudy,0,50,NaN,NaN,NaN,NaN,10813
20190321,6726,2.335,0,0,1920,13:15,Mostly Cloudy,0,49,NaN,NaN,NaN,NaN,10672
20190320,12137,4.214,0,0,2028,12:55,Partly Cloudy,0,49,NaN,NaN,NaN,NaN,10531
20190319,11795,4.095,0,0,2064,13:50,Partly Cloudy,0,49,NaN,NaN,NaN,NaN,10390
20190318,13502,4.688,0,0,2016,13:45,Partly Cloudy,0,50,NaN,NaN,NaN,NaN,10249
20190317,2447,0.850,0,0,516,14:00,Showers,0,47,NaN,NaN,NaN,NaN,10108
20190316,12057,4.186,0,0,1992,13:25,Partly Cloudy,0,52,NaN,NaN,NaN,NaN,9967
20190315,11521,4.000,0,0,1908,13:40,Partly Cloudy,41,51,NaN,NaN,NaN,NaN,9827
20190310,10071,3.497,10071,0,2028,14:00,Mostly Cloudy,0,50,NaN,NaN,NaN,NaN,9131
20190309,9968,3.461,9968,0,1776,13:50,Mostly Cloudy,0,50,NaN,NaN,NaN,NaN,8993
20190308,10063,3.494,10063,0,1788,14:05,Mostly Cloudy,0,50,NaN,NaN,NaN,NaN,8856
20190307,1761,0.611,1761,0,1176,15:35,Showers,0,46,NaN,NaN,NaN,NaN,8719
20190306,2652,0.921,2652,0,660,13:25,Showers,0,45,NaN,NaN,NaN,NaN,8583
20190305,177,0.061,177,0,288,09:05,Showers,0,41,NaN,NaN,NaN,NaN,8449
20190304,665,0.231,0,0,264,17:35,Showers,40,44,NaN,NaN,NaN,NaN,8314
20190303,8946,3.106,0,0,1644,13:15,Mostly Cloudy,39,48,NaN,NaN,NaN,NaN,8181
20190302,6008,2.086,0,0,1596,13:55,Cloudy,40,47,NaN,NaN,NaN,NaN,8049
20190301,9699,3.368,0,0,1656,13:15,Mostly Cloudy,40,49,NaN,NaN,NaN,NaN,7917
20190228,8936,3.103,0,0,1560,13:20,Mostly Cloudy,0,49,NaN,NaN,NaN,NaN,7787
20190227,9603,3.334,0,0,1572,13:50,Mostly Cloudy,40,49,NaN,NaN,NaN,NaN,7657
20190226,8366,2.905,0,0,1752,13:45,Mostly Cloudy,37,48,NaN,NaN,NaN,NaN,7529
20190225,7689,2.670,7689,0,1572,13:25,Mostly Cloudy,0,46,NaN,NaN,NaN,NaN,7402
20190224,7994,2.776,7994,0,1692,13:30,Mostly Cloudy,0,45,NaN,NaN,NaN,NaN,7276
20190223,4338,1.506,0,0,1092,16:00,Cloudy,39,44,NaN,NaN,NaN,NaN,7151
20190222,8927,3.100,0,0,1524,14:00,Mostly Cloudy,0,48,NaN,NaN,NaN,NaN,7028
20190221,8524,2.960,8524,0,1464,13:35,Mostly Cloudy,0,47,NaN,NaN,NaN,NaN,6905
20190220,7965,2.766,7965,0,1320,13:05,Mostly Cloudy,0,46,NaN,NaN,NaN,NaN,6785
20190219,8258,2.867,0,0,1512,13:40,Mostly Cloudy,0,47,NaN,NaN,NaN,NaN,6665
20190218,7606,2.641,0,0,1512,13:20,Mostly Cloudy,36,46,NaN,NaN,NaN,NaN,6547
20190217,8700,3.021,0,0,1536,13:50,Mostly Cloudy,37,47,NaN,NaN,NaN,NaN,6431
20190216,8329,2.892,0,0,1476,13:30,Mostly Cloudy,36,47,NaN,NaN,NaN,NaN,6316
20190215,8282,2.876,0,0,1500,13:40,Mostly Cloudy,37,47,NaN,NaN,NaN,NaN,6202
20190214,8726,3.030,0,0,1512,13:00,Mostly Cloudy,37,46,NaN,NaN,NaN,NaN,6090
20190213,8312,2.886,0,0,1476,13:30,Mostly Cloudy,38,46,NaN,NaN,NaN,NaN,5980
20190212,8362,2.903,0,0,1608,13:40,Mostly Cloudy,37,48,NaN,NaN,NaN,NaN,5871
20190211,7416,2.575,0,0,1860,13:15,Mostly Cloudy,37,47,NaN,NaN,NaN,NaN,5764
20190210,234,0.081,234,0,120,11:30,Showers,0,42,NaN,NaN,NaN,NaN,5659
20190209,6399,2.222,6399,0,1356,13:40,Cloudy,0,44,NaN,NaN,NaN,NaN,5556
20190208,108,0.038,108,0,204,09:20,Showers,0,39,NaN,NaN,NaN,NaN,5454
20190207,2469,0.857,2469,0,624,09:55,Showers,0,42,NaN,NaN,NaN,NaN,5354
20190206,20,0.007,20,0,48,08:40,Showers,0,38,NaN,NaN,NaN,NaN,5256
20190205,3415,1.186,3415,0,1404,14:10,Cloudy,0,43,NaN,NaN,NaN,NaN,5160
20190204,7427,2.579,0,0,1428,13:40,Mostly Cloudy,36,45,NaN,NaN,NaN,NaN,5066
20190203,2564,0.890,0,0,888,14:05,Showers,36,42,NaN,NaN,NaN,NaN,4974
20190202,139,0.048,139,0,60,12:00,Showers,0,40,NaN,NaN,NaN,NaN,4883
20190201,11,0.004,11,0,24,12:15,Showers,0,38,NaN,NaN,NaN,NaN,4795
20190131,2183,0.758,2183,0,0,00:00,Showers,0,40,NaN,NaN,NaN,NaN,4708
20190130,2187,0.759,2187,0,516,14:00,Showers,0,41,NaN,NaN,NaN,NaN,4624
20190129,292,0.101,292,0,432,10:20,Showers,0,39,NaN,NaN,NaN,NaN,4541
20190128,6753,2.345,6753,0,1296,13:15,Cloudy,0,44,NaN,NaN,NaN,NaN,4461
20190127,533,0.185,533,0,276,11:50,Showers,0,0,NaN,NaN,NaN,NaN,4383
20190122,991,0.344,991,0,816,11:30,Showers,0,40,NaN,NaN,NaN,NaN,4022
20190120,5600,1.944,5600,0,1188,14:05,Cloudy,0,43,NaN,NaN,NaN,NaN,3892
20190525,12173,4.227,12173,0,2460,14:40,Partly Cloudy,0,56,NaN,NaN,NaN,NaN,17997
20190524,14199,4.930,0,0,2052,14:20,Partly Cloudy,0,56,NaN,NaN,NaN,NaN,17935
20190523,15765,5.474,0,0,2232,14:55,Fine,0,56,NaN,NaN,NaN,NaN,17871
20190522,16221,5.632,0,0,2472,13:00,Fine,0,56,NaN,NaN,NaN,NaN,17805
20190521,17522,6.084,0,0,2328,14:05,Fine,0,56,NaN,NaN,NaN,NaN,17737
20190520,4859,1.687,0,0,816,12:10,Cloudy,44,49,NaN,NaN,NaN,NaN,17667
20190519,6577,2.284,0,0,1476,14:15,Cloudy,0,50,NaN,NaN,NaN,NaN,17595
20190518,5358,1.860,0,0,2400,15:40,Cloudy,0,50,NaN,NaN,NaN,NaN,17521
20190517,10884,3.779,0,0,1896,13:55,Mostly Cloudy,42,52,NaN,NaN,NaN,NaN,17444
20190516,14664,5.092,0,0,2592,14:15,Fine,0,53,NaN,NaN,NaN,NaN,17366
20190515,17060,5.924,0,0,2664,14:10,Fine,0,53,NaN,NaN,NaN,NaN,17286
20190514,1323,0.459,0,0,1284,18:25,Showers,46,50,NaN,NaN,NaN,NaN,17204
20190428,18035,6.262,18035,0,2268,13:20,Fine,0,53,NaN,NaN,NaN,NaN,15645
20190427,15973,5.546,15973,0,2484,13:05,Fine,43,54,NaN,NaN,NaN,NaN,15533
20190426,7235,2.512,0,0,2772,13:25,Mostly Cloudy,0,50,NaN,NaN,NaN,NaN,15420
20190425,5075,1.762,0,0,1368,11:05,Cloudy,43,49,NaN,NaN,NaN,NaN,15306
20190424,3844,1.335,0,0,1296,10:45,Cloudy,43,49,NaN,NaN,NaN,NaN,15190
20190423,2144,0.744,0,0,432,14:20,Showers,45,48,NaN,NaN,NaN,NaN,15073
20190422,9437,3.277,9437,0,2124,12:45,Mostly Cloudy,0,52,NaN,NaN,NaN,NaN,14954
20190421,3102,1.077,0,0,1656,11:00,Mostly Cloudy,44,51,NaN,NaN,NaN,NaN,14835
20190420,15580,5.410,0,0,2136,14:05,Fine,0,54,NaN,NaN,NaN,NaN,14713
20190419,12764,4.432,12764,0,2064,15:10,Partly Cloudy,0,52,NaN,NaN,NaN,NaN,14591
20190418,15488,5.378,15488,0,2220,14:30,Fine,0,53,NaN,NaN,NaN,NaN,14467
20190417,15546,5.398,15546,0,2100,14:25,Fine,0,53,NaN,NaN,NaN,NaN,14343
20190416,8941,3.105,0,0,1896,11:45,Mostly Cloudy,0,50,NaN,NaN,NaN,NaN,14217
20190415,14429,5.010,0,0,2160,14:55,Fine,0,51,NaN,NaN,NaN,NaN,14090
20190414,3729,1.295,0,0,1032,16:05,Cloudy,0,46,NaN,NaN,NaN,NaN,13962
20190413,10608,3.683,0,0,2256,14:00,Mostly Cloudy,0,50,NaN,NaN,NaN,NaN,13832
20190412,8445,2.932,0,0,2460,16:00,Mostly Cloudy,0,50,NaN,NaN,NaN,NaN,13702
20190411,2670,0.927,0,0,768,10:25,Showers,0,47,NaN,NaN,NaN,NaN,13571
20190410,8920,3.097,0,0,2148,16:05,Mostly Cloudy,0,50,NaN,NaN,NaN,NaN,13439
20190409,11144,3.869,0,0,2208,14:50,Mostly Cloudy,42,52,NaN,NaN,NaN,NaN,13306
20190408,14119,4.902,0,0,2076,14:10,Partly Cloudy,0,52,NaN,NaN,NaN,NaN,13173
20190407,5288,1.836,0,0,1572,16:00,Cloudy,0,48,NaN,NaN,NaN,NaN,13038
20190406,5408,1.878,0,0,1728,15:10,Cloudy,23,48,NaN,NaN,NaN,NaN,12903
20190405,8949,3.107,0,0,2160,15:25,Mostly Cloudy,0,49,NaN,NaN,NaN,NaN,12767
20190327,13430,4.663,13430,0,1944,13:30,Partly Cloudy,0,50,NaN,NaN,NaN,NaN,11518
20190326,13846,4.808,0,0,1980,13:45,Partly Cloudy,0,51,NaN,NaN,NaN,NaN,11378
20190325,11990,4.163,0,0,1908,13:45,Partly Cloudy,0,53,NaN,NaN,NaN,NaN,11237
20190324,13019,4.520,0,0,1872,13:15,Partly Cloudy,0,53,NaN,NaN,NaN,NaN,11096
20190323,12602,4.376,0,0,1896,13:45,Partly Cloudy,0,52,NaN,NaN,NaN,NaN,10954
20190322,12801,4.445,0,0,1860,13:35,Partly Cloudy,0,50,NaN,NaN,NaN,NaN,10813
20190321,6726,2.335,0,0,1920,13:15,Mostly Cloudy,0,49,NaN,NaN,NaN,NaN,10672
20190320,12137,4.214,0,0,2028,12:55,Partly Cloudy,0,49,NaN,NaN,NaN,NaN,10531
20190319,11795,4.095,0,0,2064,13:50,Partly Cloudy,0,49,NaN,NaN,NaN,NaN,10390
20190318,13502,4.688,0,0,2016,13:45,Partly Cloudy,0,50,NaN,NaN,NaN,NaN,10249
20190317,2447,0.850,0,0,516,14:00,Showers,0,47,NaN,NaN,NaN,NaN,10108
20190316,12057,4.186,0,0,1992,13:25,Partly Cloudy,0,52,NaN,NaN,NaN,NaN,9967
20190315,11521,4.000,0,0,1908,13:40,Partly Cloudy,41,51,NaN,NaN,NaN,NaN,9827
20190310,10071,3.497,10071,0,2028,14:00,Mostly Cloudy,0,50,NaN,NaN,NaN,NaN,9131
20190309,9968,3.461,9968,0,1776,13:50,Mostly Cloudy,0,50,NaN,NaN,NaN,NaN,8993
20190308,10063,3.494,10063,0,1788,14:05,Mostly Cloudy,0,50,NaN,NaN,NaN,NaN,8856
20190307,1761,0.611,1761,0,1176,15:35,Showers,0,46,NaN,NaN,NaN,NaN,8719
20190306,2652,0.921,2652,0,660,13:25,Showers,0,45,NaN,NaN,NaN,NaN,8583
20190305,177,0.061,177,0,288,09:05,Showers,0,41,NaN,NaN,NaN,NaN,8449
20190304,665,0.231,0,0,264,17:35,Showers,40,44,NaN,NaN,NaN,NaN,8314
20190303,8946,3.106,0,0,1644,13:15,Mostly Cloudy,39,48,NaN,NaN,NaN,NaN,8181
20190302,6008,2.086,0,0,1596,13:55,Cloudy,40,47,NaN,NaN,NaN,NaN,8049
20190301,9699,3.368,0,0,1656,13:15,Mostly Cloudy,40,49,NaN,NaN,NaN,NaN,7917
20190228,8936,3.103,0,0,1560,13:20,Mostly Cloudy,0,49,NaN,NaN,NaN,NaN,7787
20190227,9603,3.334,0,0,1572,13:50,Mostly Cloudy,40,49,NaN,NaN,NaN,NaN,7657
20190226,8366,2.905,0,0,1752,13:45,Mostly Cloudy,37,48,NaN,NaN,NaN,NaN,7529
20190225,7689,2.670,7689,0,1572,13:25,Mostly Cloudy,0,46,NaN,NaN,NaN,NaN,7402
20190224,7994,2.776,7994,0,1692,13:30,Mostly Cloudy,0,45,NaN,NaN,NaN,NaN,7276
20190223,4338,1.506,0,0,1092,16:00,Cloudy,39,44,NaN,NaN,NaN,NaN,7151
20190222,8927,3.100,0,0,1524,14:00,Mostly Cloudy,0,48,NaN,NaN,NaN,NaN,7028
20190221,8524,2.960,8524,0,1464,13:35,Mostly Cloudy,0,47,NaN,NaN,NaN,NaN,6905
20190220,7965,2.766,7965,0,1320,13:05,Mostly Cloudy,0,46,NaN,NaN,NaN,NaN,6785
20190219,8258,2.867,0,0,1512,13:40,Mostly Cloudy,0,47,NaN,NaN,NaN,NaN,6665
20190218,7606,2.641,0,0,1512,13:20,Mostly Cloudy,36,46,NaN,NaN,NaN,NaN,6547
20190217,8700,3.021,0,0,1536,13:50,Mostly Cloudy,37,47,NaN,NaN,NaN,NaN,6431
20190216,8329,2.892,0,0,1476,13:30,Mostly Cloudy,36,47,NaN,NaN,NaN,NaN,6316
20190215,8282,2.876,0,0,1500,13:40,Mostly Cloudy,37,47,NaN,NaN,NaN,NaN,6202
20190214,8726,3.030,0,0,1512,13:00,Mostly Cloudy,37,46,NaN,NaN,NaN,NaN,6090
20190213,8312,2.886,0,0,1476,13:30,Mostly Cloudy,38,46,NaN,NaN,NaN,NaN,5980
20190212,8362,2.903,0,0,1608,13:40,Mostly Cloudy,37,48,NaN,NaN,NaN,NaN,5871
20190211,7416,2.575,0,0,1860,13:15,Mostly Cloudy,37,47,NaN,NaN,NaN,NaN,5764
20190210,234,0.081,234,0,120,11:30,Showers,0,42,NaN,NaN,NaN,NaN,5659
20190209,6399,2.222,6399,0,1356,13:40,Cloudy,0,44,NaN,NaN,NaN,NaN,5556
20190208,108,0.038,108,0,204,09:20,Showers,0,39,NaN,NaN,NaN,NaN,5454
20190207,2469,0.857,2469,0,624,09:55,Showers,0,42,NaN,NaN,NaN,NaN,5354
20190206,20,0.007,20,0,48,08:40,Showers,0,38,NaN,NaN,NaN,NaN,5256
20190205,3415,1.186,3415,0,1404,14:10,Cloudy,0,43,NaN,NaN,NaN,NaN,5160
20190204,7427,2.579,0,0,1428,13:40,Mostly Cloudy,36,45,NaN,NaN,NaN,NaN,5066
20190203,2564,0.890,0,0,888,14:05,Showers,36,42,NaN,NaN,NaN,NaN,4974
20190202,139,0.048,139,0,60,12:00,Showers,0,40,NaN,NaN,NaN,NaN,4883
20190201,11,0.004,11,0,24,12:15,Showers,0,38,NaN,NaN,NaN,NaN,4795
20190131,2183,0.758,2183,0,0,00:00,Showers,0,40,NaN,NaN,NaN,NaN,4708
20190130,2187,0.759,2187,0,516,14:00,Showers,0,41,NaN,NaN,NaN,NaN,4624
20190129,292,0.101,292,0,432,10:20,Showers,0,39,NaN,NaN,NaN,NaN,4541
20190128,6753,2.345,6753,0,1296,13:15,Cloudy,0,44,NaN,NaN,NaN,NaN,4461
20190127,533,0.185,533,0,276,11:50,Showers,0,0,NaN,NaN,NaN,NaN,4383
20190122,991,0.344,991,0,816,11:30,Showers,0,40,NaN,NaN,NaN,NaN,4022
20190120,5600,1.944,5600,0,1188,14:05,Cloudy,0,43,NaN,NaN,NaN,NaN,3892
