Date,Energy Generated,Efficiency,Energy Exported,Energy Used,Peak Power,Peak Time,Condition,Min. Temperature,Max. Temperature,Peak Energy Import,Off-Peak Energy Import,Shoulder Energy Import,High-Shoulder Energy Import,Insolation
20220409,3148,2.623,2671,0,663,14:45,Mostly Cloudy,0,0,NaN,NaN,NaN,NaN,4940
20220408,3255,2.712,2587,0,657,14:50,Mostly Cloudy,0,0,NaN,NaN,NaN,NaN,4894
20220407,2580,2.150,2063,0,655,13:45,Cloudy,0,0,NaN,NaN,NaN,NaN,4847
20220406,2149,1.791,1958,0,442,19:10,Cloudy,0,0,NaN,NaN,NaN,NaN,4801
20220405,2280,1.900,2008,0,616,18:00,Cloudy,0,0,NaN,NaN,NaN,NaN,4754
20220404,2439,2.032,1818,0,660,14:10,Cloudy,0,0,NaN,NaN,NaN,NaN,4706
20220403,2402,2.002,1801,0,400,15:05,Cloudy,0,0,NaN,NaN,NaN,NaN,4659
20220402,1644,1.370,980,0,420,13:50,Cloudy,0,0,NaN,NaN,NaN,NaN,3952
20220401,2427,2.022,2096,0,407,16:20,Cloudy,0,0,NaN,NaN,NaN,NaN,3909
20220331,124,0.103,79,0,229,19:25,Showers,0,0,NaN,NaN,NaN,NaN,3865
20220330,0,0.000,0,0,0,00:00,Not Sure,0,0,NaN,NaN,NaN,NaN,3822
20220329,2689,2.241,2689,0,656,14:00,Cloudy,0,0,NaN,NaN,NaN,NaN,3778
20220328,2208,1.840,2037,0,650,16:35,Cloudy,0,0,NaN,NaN,NaN,NaN,3735
20220327,2405,2.004,1996,0,652,12:20,Cloudy,0,0,NaN,NaN,NaN,NaN,3691
20220326,2577,2.148,2107,0,665,13:45,Cloudy,0,0,NaN,NaN,NaN,NaN,3647
20220325,2428,2.023,2122,0,527,18:10,Cloudy,0,0,NaN,NaN,NaN,NaN,3603
20220324,2093,1.744,2093,0,475,18:30,Cloudy,0,0,NaN,NaN,NaN,NaN,3559
20220323,2329,1.941,2127,0,394,09:15,Cloudy,0,0,NaN,NaN,NaN,NaN,3515
20220322,2442,2.035,2204,0,613,13:45,Cloudy,0,0,NaN,NaN,NaN,NaN,3471
20220321,1955,1.629,1758,0,614,13:40,Cloudy,0,0,NaN,NaN,NaN,NaN,3427
20220320,3005,2.504,1747,0,613,12:20,Mostly Cloudy,0,0,NaN,NaN,NaN,NaN,3383
20220319,2395,1.996,2395,0,575,15:05,Cloudy,0,0,NaN,NaN,NaN,NaN,3339
20220318,1539,1.282,834,0,467,13:45,Cloudy,0,0,NaN,NaN,NaN,NaN,3296
20220317,830,0.692,398,0,225,13:40,Showers,0,0,NaN,NaN,NaN,NaN,3252
20220316,1516,1.263,1020,0,273,15:30,Cloudy,0,0,NaN,NaN,NaN,NaN,3208
20220315,1210,1.008,713,0,274,11:45,Cloudy,0,0,NaN,NaN,NaN,NaN,3164
20220314,1853,1.544,1502,0,430,13:55,Cloudy,0,0,NaN,NaN,NaN,NaN,3121
20220313,2537,2.114,1874,0,604,13:30,Cloudy,0,0,NaN,NaN,NaN,NaN,3077
20220312,1450,1.208,799,0,426,13:10,Cloudy,0,0,NaN,NaN,NaN,NaN,3034
20220311,1898,1.582,1630,0,523,13:40,Cloudy,0,0,NaN,NaN,NaN,NaN,2991
20220310,2509,2.091,1895,0,603,13:35,Cloudy,0,0,NaN,NaN,NaN,NaN,2948
20220309,2279,1.899,1986,0,603,13:40,Cloudy,0,0,NaN,NaN,NaN,NaN,2906
20220308,1412,1.177,759,0,378,14:15,Cloudy,0,0,NaN,NaN,NaN,NaN,2863
20220307,2408,2.007,1904,0,595,14:00,Cloudy,0,0,NaN,NaN,NaN,NaN,2821
20220306,2281,1.901,1749,0,480,15:05,Cloudy,0,0,NaN,NaN,NaN,NaN,2779
20220305,1978,1.648,1642,0,610,14:20,Cloudy,0,0,NaN,NaN,NaN,NaN,2738
20220304,1752,1.460,1752,0,448,13:55,Cloudy,0,0,NaN,NaN,NaN,NaN,2696
20220303,2344,1.953,2344,0,603,14:15,Cloudy,0,0,NaN,NaN,NaN,NaN,2655
20220302,1935,1.612,1935,0,317,13:30,Cloudy,0,0,NaN,NaN,NaN,NaN,2614
20220301,2021,1.684,2021,0,433,15:45,Cloudy,0,0,NaN,NaN,NaN,NaN,2574
20220228,2231,1.859,1924,0,599,13:45,Cloudy,0,0,NaN,NaN,NaN,NaN,2534
20220227,2489,2.074,1906,0,602,13:10,Cloudy,0,0,NaN,NaN,NaN,NaN,2494
20220226,2623,2.186,1947,0,591,12:00,Cloudy,0,0,NaN,NaN,NaN,NaN,2455
20220225,2264,1.887,1937,0,599,13:50,Cloudy,0,0,NaN,NaN,NaN,NaN,2416
20220224,1821,1.518,1348,0,413,13:15,Cloudy,0,0,NaN,NaN,NaN,NaN,2377
20220223,2063,1.719,1812,0,600,15:10,Cloudy,0,0,NaN,NaN,NaN,NaN,2339
20220222,2110,1.758,1879,0,388,15:20,Cloudy,0,0,NaN,NaN,NaN,NaN,2301
20220221,2070,1.725,1700,0,455,15:15,Cloudy,0,0,NaN,NaN,NaN,NaN,2264
20220220,2250,1.875,1463,0,540,13:50,Cloudy,0,0,NaN,NaN,NaN,NaN,2227
20220219,1270,1.058,1270,0,334,14:15,Cloudy,0,0,NaN,NaN,NaN,NaN,2191
20220218,1067,0.889,664,0,286,13:15,Showers,0,0,NaN,NaN,NaN,NaN,2155
20220217,2078,1.732,1843,0,599,13:50,Cloudy,0,0,NaN,NaN,NaN,NaN,2120
20220216,1360,1.133,902,0,559,13:40,Cloudy,0,0,NaN,NaN,NaN,NaN,2085
20220215,647,0.539,25,0,145,12:25,Showers,0,0,NaN,NaN,NaN,NaN,2050
20220214,514,0.428,26,0,140,12:40,Showers,0,0,NaN,NaN,NaN,NaN,2016
20220213,2201,1.834,1510,0,565,12:40,Cloudy,0,0,NaN,NaN,NaN,NaN,1983
20220212,88,0.073,6,0,157,17:15,Showers,0,0,NaN,NaN,NaN,NaN,1950
20220210,0,0.000,0,0,0,00:00,Not Sure,0,0,NaN,NaN,NaN,NaN,1886
20220209,1764,1.470,1528,0,323,13:50,Cloudy,0,0,NaN,NaN,NaN,NaN,1855
20220208,2026,1.688,1661,0,423,13:40,Cloudy,0,0,NaN,NaN,NaN,NaN,1824
20220207,2122,1.768,1640,0,596,14:00,Cloudy,0,0,NaN,NaN,NaN,NaN,1794
20220206,711,0.592,211,0,246,14:35,Showers,0,0,NaN,NaN,NaN,NaN,1765
20220205,1112,0.927,274,0,319,13:30,Showers,0,0,NaN,NaN,NaN,NaN,1736
20220204,1488,1.240,1488,0,281,13:40,Cloudy,0,0,NaN,NaN,NaN,NaN,1708
20220203,1687,1.406,1687,0,473,14:50,Cloudy,0,0,NaN,NaN,NaN,NaN,1680
20220202,1696,1.413,1401,0,567,15:10,Cloudy,0,0,NaN,NaN,NaN,NaN,1653
20220201,1881,1.568,1402,0,596,13:45,Cloudy,0,0,NaN,NaN,NaN,NaN,0
20220131,1610,1.342,1289,0,581,14:05,Cloudy,0,0,NaN,NaN,NaN,NaN,0
20220130,1947,1.622,1365,0,391,14:10,Cloudy,0,0,NaN,NaN,NaN,NaN,0
20220129,1774,1.478,1182,0,528,13:55,Cloudy,0,0,NaN,NaN,NaN,NaN,0
20220128,1561,1.301,1384,0,383,13:30,Cloudy,0,0,NaN,NaN,NaN,NaN,0
20220127,429,0.358,0,0,96,12:20,Showers,0,0,NaN,NaN,NaN,NaN,0
20220126,367,0.306,11,0,93,12:05,Showers,0,0,NaN,NaN,NaN,NaN,0
20220125,709,0.591,52,0,216,14:15,Showers,0,0,NaN,NaN,NaN,NaN,0
20220124,479,0.399,479,0,119,11:55,Showers,0,0,NaN,NaN,NaN,NaN,0
20220123,1487,1.239,918,0,397,14:05,Cloudy,0,0,NaN,NaN,NaN,NaN,0
20220122,886,0.738,495,0,298,14:00,Showers,0,0,NaN,NaN,NaN,NaN,0
20220121,810,0.675,140,0,230,14:20,Showers,0,0,NaN,NaN,NaN,NaN,0
20220120,1172,0.977,788,0,507,13:25,Showers,0,0,NaN,NaN,NaN,NaN,0
20220119,1163,0.969,1163,0,354,14:40,Showers,0,0,NaN,NaN,NaN,NaN,0
20220118,1411,1.176,1162,0,528,13:40,Cloudy,0,0,NaN,NaN,NaN,NaN,0
20220117,1556,1.297,1234,0,440,15:05,Cloudy,0,0,NaN,NaN,NaN,NaN,0
20220116,1482,1.235,1029,0,427,13:45,Cloudy,0,0,NaN,NaN,NaN,NaN,0
20220115,1595,1.329,992,0,413,13:30,Cloudy,0,0,NaN,NaN,NaN,NaN,0
20220110,0,0.000,0,0,0,00:00,Not Sure,0,0,NaN,NaN,NaN,NaN,0
20220109,1189,0.991,641,0,405,13:25,Showers,0,0,NaN,NaN,NaN,NaN,0
20220108,1374,1.145,987,0,298,13:20,Cloudy,0,0,NaN,NaN,NaN,NaN,0
20220107,1269,1.058,845,0,376,11:30,Cloudy,0,0,NaN,NaN,NaN,NaN,0
20220106,1457,1.214,961,0,429,13:55,Cloudy,0,0,NaN,NaN,NaN,NaN,0
20220105,384,0.320,36,0,174,09:50,Showers,0,0,NaN,NaN,NaN,NaN,0
20211230,0,0.000,0,0,0,00:00,Not Sure,0,0,NaN,NaN,NaN,NaN,0
20211229,924,0.770,924,0,251,11:00,Showers,0,0,NaN,NaN,NaN,NaN,0
20211228,354,0.295,1,0,129,09:45,Showers,0,0,NaN,NaN,NaN,NaN,0
20211227,179,0.149,0,0,168,09:40,Showers,0,0,NaN,NaN,NaN,NaN,0
20211226,652,0.543,213,0,333,10:55,Showers,0,0,NaN,NaN,NaN,NaN,0
20211225,182,0.152,0,0,149,09:45,Showers,0,0,NaN,NaN,NaN,NaN,0
20211220,0,0.000,0,0,0,00:00,Not Sure,0,0,NaN,NaN,NaN,NaN,0
20211219,684,0.570,684,0,180,12:10,Showers,0,0,NaN,NaN,NaN,NaN,0
20211218,443,0.369,0,0,122,09:10,Showers,0,0,NaN,NaN,NaN,NaN,0
20211217,597,0.498,141,0,210,12:35,Showers,0,0,NaN,NaN,NaN,NaN,0
20211216,650,0.542,118,0,168,14:30,Showers,0,0,NaN,NaN,NaN,NaN,0
20211215,1160,0.967,789,0,425,13:30,Showers,0,0,NaN,NaN,NaN,NaN,0
20211214,1179,0.982,930,0,255,12:25,Showers,0,0,NaN,NaN,NaN,NaN,0
20211213,1283,1.069,1008,0,342,14:10,Cloudy,0,0,NaN,NaN,NaN,NaN,0
20211212,1332,1.110,505,0,291,12:20,Cloudy,0,0,NaN,NaN,NaN,NaN,0
20211211,751,0.626,405,0,313,14:10,Showers,0,0,NaN,NaN,NaN,NaN,0
20211210,22,0.018,0,0,68,12:45,Showers,0,0,NaN,NaN,NaN,NaN,0
20211209,136,0.113,136,0,74,14:05,Showers,0,0,NaN,NaN,NaN,NaN,0
20211208,45,0.038,0,0,73,14:05,Showers,0,0,NaN,NaN,NaN,NaN,0
20211207,1440,1.200,967,0,410,13:15,Cloudy,0,0,NaN,NaN,NaN,NaN,0
20211206,1314,1.095,1036,0,303,11:30,Cloudy,0,0,NaN,NaN,NaN,NaN,0
20211205,1360,1.133,911,0,473,13:10,Cloudy,0,0,NaN,NaN,NaN,NaN,0
20211204,440,0.367,0,0,135,10:05,Showers,0,0,NaN,NaN,NaN,NaN,0
20211203,1552,1.293,1134,0,430,12:45,Cloudy,0,0,NaN,NaN,NaN,NaN,0
20211202,1267,1.056,928,0,449,13:50,Cloudy,0,0,NaN,NaN,NaN,NaN,0
20211201,474,0.395,78,0,156,09:40,Showers,0,0,NaN,NaN,NaN,NaN,0
20211130,1429,1.191,1040,0,470,14:00,Cloudy,0,0,NaN,NaN,NaN,NaN,0
20211129,1479,1.232,1479,0,434,14:05,Cloudy,0,0,NaN,NaN,NaN,NaN,0
20211128,1297,1.081,611,0,493,12:20,Cloudy,0,0,NaN,NaN,NaN,NaN,0
20211127,634,0.528,93,0,312,10:50,Showers,0,0,NaN,NaN,NaN,NaN,0
20211126,1358,1.132,960,0,469,14:10,Cloudy,0,0,NaN,NaN,NaN,NaN,0
20211125,131,0.109,0,0,110,09:10,Showers,0,0,NaN,NaN,NaN,NaN,0
20211120,0,0.000,0,0,0,00:00,Not Sure,0,0,NaN,NaN,NaN,NaN,0
20211119,406,0.338,1,0,128,09:30,Showers,0,0,NaN,NaN,NaN,NaN,1532
20211118,1607,1.339,1272,0,338,15:30,Cloudy,0,0,NaN,NaN,NaN,NaN,1556
20211117,565,0.471,86,0,212,14:15,Showers,0,0,NaN,NaN,NaN,NaN,1581
20211116,1277,1.064,853,0,460,13:45,Cloudy,0,0,NaN,NaN,NaN,NaN,1606
20211115,116,0.097,1,0,115,10:35,Showers,0,0,NaN,NaN,NaN,NaN,1633
20211110,0,0.000,0,0,0,00:00,Not Sure,0,0,NaN,NaN,NaN,NaN,1772
20211109,1127,0.939,820,0,350,13:30,Showers,0,0,NaN,NaN,NaN,NaN,1801
20211108,476,0.397,246,0,241,11:05,Showers,0,0,NaN,NaN,NaN,NaN,1831
20211107,2093,1.744,1225,0,439,13:30,Cloudy,0,0,NaN,NaN,NaN,NaN,1862
20211106,1361,1.134,998,0,598,14:00,Cloudy,0,0,NaN,NaN,NaN,NaN,1893
20211105,0,0.000,0,0,0,00:00,Not Sure,0,0,NaN,NaN,NaN,NaN,1924
20211104,2046,1.705,1586,0,512,14:30,Cloudy,0,0,NaN,NaN,NaN,NaN,1956
20211103,191,0.159,0,0,77,10:25,Showers,0,0,NaN,NaN,NaN,NaN,1989
20211102,1881,1.568,1453,0,591,13:55,Cloudy,0,0,NaN,NaN,NaN,NaN,2022
20211101,119,0.099,0,0,193,10:25,Showers,0,0,NaN,NaN,NaN,NaN,2055
20211031,135,0.112,0,0,68,13:25,Showers,0,0,NaN,NaN,NaN,NaN,2089
20211030,0,0.000,0,0,0,00:00,Not Sure,0,0,NaN,NaN,NaN,NaN,2123
20211029,1994,1.662,1994,0,596,14:25,Cloudy,0,0,NaN,NaN,NaN,NaN,2158
20211028,1835,1.529,1665,0,598,14:10,Cloudy,0,0,NaN,NaN,NaN,NaN,2193
20211027,1825,1.521,1590,0,599,13:30,Cloudy,0,0,NaN,NaN,NaN,NaN,2228
20211026,1725,1.438,1481,0,602,13:50,Cloudy,0,0,NaN,NaN,NaN,NaN,2263
20211025,1396,1.163,985,0,420,13:10,Cloudy,0,0,NaN,NaN,NaN,NaN,2299
20211020,0,0.000,0,0,0,00:00,Not Sure,0,0,NaN,NaN,NaN,NaN,2483
20211019,1803,1.502,1267,0,403,12:55,Cloudy,0,0,NaN,NaN,NaN,NaN,2521
20211018,2489,2.074,1881,0,597,14:30,Cloudy,0,0,NaN,NaN,NaN,NaN,2559
20211017,2400,2.000,1424,0,604,13:40,Cloudy,0,0,NaN,NaN,NaN,NaN,2597
20211016,1107,0.922,961,0,322,17:55,Showers,0,0,NaN,NaN,NaN,NaN,2635
20211110,0,0.000,0,0,0,00:00,Not Sure,0,0,NaN,NaN,NaN,NaN,1772
20211109,1127,0.939,820,0,350,13:30,Showers,0,0,NaN,NaN,NaN,NaN,1801
20211108,476,0.397,246,0,241,11:05,Showers,0,0,NaN,NaN,NaN,NaN,1831
20211107,2093,1.744,1225,0,439,13:30,Cloudy,0,0,NaN,NaN,NaN,NaN,1862
20211106,1361,1.134,998,0,598,14:00,Cloudy,0,0,NaN,NaN,NaN,NaN,1893
20211105,0,0.000,0,0,0,00:00,Not Sure,0,0,NaN,NaN,NaN,NaN,1924
20211104,2046,1.705,1586,0,512,14:30,Cloudy,0,0,NaN,NaN,NaN,NaN,1956
20211103,191,0.159,0,0,77,10:25,Showers,0,0,NaN,NaN,NaN,NaN,1989
20211102,1881,1.568,1453,0,591,13:55,Cloudy,0,0,NaN,NaN,NaN,NaN,2022
20211101,119,0.099,0,0,193,10:25,Showers,0,0,NaN,NaN,NaN,NaN,2055
20211031,135,0.112,0,0,68,13:25,Showers,0,0,NaN,NaN,NaN,NaN,2089
20211030,0,0.000,0,0,0,00:00,Not Sure,0,0,NaN,NaN,NaN,NaN,2123
20211029,1994,1.662,1994,0,596,14:25,Cloudy,0,0,NaN,NaN,NaN,NaN,2158
20211028,1835,1.529,1665,0,598,14:10,Cloudy,0,0,NaN,NaN,NaN,NaN,2193
20211027,1825,1.521,1590,0,599,13:30,Cloudy,0,0,NaN,NaN,NaN,NaN,2228
20211026,1725,1.438,1481,0,602,13:50,Cloudy,0,0,NaN,NaN,NaN,NaN,2263
20211025,1396,1.163,985,0,420,13:10,Cloudy,0,0,NaN,NaN,NaN,NaN,2299
20211020,0,0.000,0,0,0,00:00,Not Sure,0,0,NaN,NaN,NaN,NaN,2483
20211019,1803,1.502,1267,0,403,12:55,Cloudy,0,0,NaN,NaN,NaN,NaN,2521
20211018,2489,2.074,1881,0,597,14:30,Cloudy,0,0,NaN,NaN,NaN,NaN,2559
20211017,2400,2.000,1424,0,604,13:40,Cloudy,0,0,NaN,NaN,NaN,NaN,2597
20211016,1107,0.922,961,0,322,17:55,Showers,0,0,NaN,NaN,NaN,NaN,2635
20211015,0,0.000,0,0,0,00:00,Not Sure,0,0,NaN,NaN,NaN,NaN,2673
20211014,1988,1.657,1988,0,343,14:00,Cloudy,0,0,NaN,NaN,NaN,NaN,2712
20211013,1906,1.588,1751,0,608,13:55,Cloudy,0,0,NaN,NaN,NaN,NaN,2750
20211012,2140,1.783,1907,0,605,12:55,Cloudy,0,0,NaN,NaN,NaN,NaN,2789
20211011,2452,2.043,1886,0,607,14:10,Cloudy,0,0,NaN,NaN,NaN,NaN,2828
20211010,1814,1.512,1681,0,304,10:20,Cloudy,0,0,NaN,NaN,NaN,NaN,2867
20211005,0,0.000,0,0,0,00:00,Not Sure,0,0,NaN,NaN,NaN,NaN,3062
20211004,107,0.089,12,0,146,13:15,Showers,0,0,NaN,NaN,NaN,NaN,3101
20211003,908,0.757,67,0,351,14:45,Showers,0,0,NaN,NaN,NaN,NaN,3140
20211002,2389,1.991,1822,0,605,13:45,Cloudy,0,0,NaN,NaN,NaN,NaN,3673
20211001,2209,1.841,2004,0,455,19:00,Cloudy,0,0,NaN,NaN,NaN,NaN,3719
20210930,2071,1.726,1835,0,603,13:50,Cloudy,0,0,NaN,NaN,NaN,NaN,3765
20210929,2249,1.874,2249,0,608,13:50,Cloudy,0,0,NaN,NaN,NaN,NaN,3811
20210928,2287,1.906,1719,0,600,13:55,Cloudy,0,0,NaN,NaN,NaN,NaN,3857
20210927,1939,1.616,1624,0,424,13:50,Cloudy,0,0,NaN,NaN,NaN,NaN,3902
20210926,475,0.396,36,0,198,14:25,Showers,0,0,NaN,NaN,NaN,NaN,3948
20210925,1335,1.112,853,0,443,12:50,Cloudy,0,0,NaN,NaN,NaN,NaN,3993
20210924,2407,2.006,2256,0,609,13:45,Cloudy,0,0,NaN,NaN,NaN,NaN,4039
20210923,2291,1.909,2057,0,607,13:50,Cloudy,0,0,NaN,NaN,NaN,NaN,4084
20210922,2392,1.993,1724,0,605,14:45,Cloudy,0,0,NaN,NaN,NaN,NaN,4129
20210921,2432,2.027,2004,0,606,13:55,Cloudy,0,0,NaN,NaN,NaN,NaN,4173
20210920,2229,1.858,1970,0,596,14:00,Cloudy,0,0,NaN,NaN,NaN,NaN,4218
20210918,438,0.365,166,0,266,10:30,Showers,0,0,NaN,NaN,NaN,NaN,4306
20210917,2795,2.329,2258,0,609,13:40,Cloudy,0,0,NaN,NaN,NaN,NaN,4350
20210916,2200,1.833,1941,0,577,13:55,Cloudy,0,0,NaN,NaN,NaN,NaN,4394
20210915,1356,1.130,798,0,419,13:55,Cloudy,0,0,NaN,NaN,NaN,NaN,4437
20210910,0,0.000,0,0,0,00:00,Not Sure,0,0,NaN,NaN,NaN,NaN,4650
20210909,2417,2.014,2179,0,607,13:50,Cloudy,0,0,NaN,NaN,NaN,NaN,4692
20210905,0,0.000,0,0,0,00:00,Not Sure,0,0,NaN,NaN,NaN,NaN,4855
20210904,0,0.000,0,0,0,20:25,Not Sure,0,0,NaN,NaN,NaN,NaN,4895
20210830,0,0.000,0,0,0,00:00,Not Sure,0,0,NaN,NaN,NaN,NaN,5090
20210829,2761,2.301,2761,0,613,12:50,Cloudy,0,0,NaN,NaN,NaN,NaN,5128
20210828,2863,2.386,2647,0,606,16:50,Cloudy,0,0,NaN,NaN,NaN,NaN,5165
20210827,2477,2.064,2197,0,427,18:50,Cloudy,0,0,NaN,NaN,NaN,NaN,5202
20210826,3182,2.652,2953,0,616,14:25,Mostly Cloudy,0,0,NaN,NaN,NaN,NaN,5239
20210825,2817,2.348,2592,0,419,16:40,Cloudy,0,0,NaN,NaN,NaN,NaN,5275
20210820,0,0.000,0,0,0,00:00,Not Sure,0,0,NaN,NaN,NaN,NaN,5450
20210819,3933,3.278,3234,0,607,16:15,Mostly Cloudy,0,0,NaN,NaN,NaN,NaN,5484
20210818,4241,3.534,3214,0,613,13:10,Mostly Cloudy,0,0,NaN,NaN,NaN,NaN,5517
20210817,4374,3.645,3902,0,612,15:30,Mostly Cloudy,0,0,NaN,NaN,NaN,NaN,5550
20210816,4665,3.888,3613,0,610,13:40,Mostly Cloudy,0,0,NaN,NaN,NaN,NaN,5583
20210815,0,0.000,0,0,0,00:00,Not Sure,0,0,NaN,NaN,NaN,NaN,5615
20210814,4956,4.130,4956,0,606,12:35,Partly Cloudy,0,0,NaN,NaN,NaN,NaN,5646
20210813,4787,3.989,3881,0,608,13:40,Mostly Cloudy,0,0,NaN,NaN,NaN,NaN,5677
20210812,5031,4.192,3947,0,604,14:25,Partly Cloudy,0,0,NaN,NaN,NaN,NaN,5708
20210811,5032,4.193,3400,0,607,12:15,Partly Cloudy,0,0,NaN,NaN,NaN,NaN,5739
20210810,4661,3.884,3835,0,616,14:50,Mostly Cloudy,0,0,NaN,NaN,NaN,NaN,5768
20210809,4991,4.159,4991,0,611,15:20,Partly Cloudy,0,0,NaN,NaN,NaN,NaN,5798
20210808,3665,3.054,3337,0,604,18:30,Mostly Cloudy,0,0,NaN,NaN,NaN,NaN,5827
20210807,2165,1.804,1531,0,569,17:15,Cloudy,0,0,NaN,NaN,NaN,NaN,5855
20210806,4294,3.578,3622,0,610,15:25,Mostly Cloudy,0,0,NaN,NaN,NaN,NaN,5883
20210805,4263,3.552,3342,0,618,13:10,Mostly Cloudy,0,0,NaN,NaN,NaN,NaN,5911
20210804,0,0.000,0,0,0,00:00,Not Sure,0,0,NaN,NaN,NaN,NaN,5938
20210803,0,0.000,0,0,0,00:00,Not Sure,0,0,NaN,NaN,NaN,NaN,5965
20210802,0,0.000,0,0,0,00:00,Not Sure,0,0,NaN,NaN,NaN,NaN,5991
20210801,0,0.000,0,0,0,00:00,Not Sure,0,0,NaN,NaN,NaN,NaN,0
20210731,629,0.524,508,0,300,10:20,Cloudy,0,0,NaN,NaN,NaN,NaN,0
20210730,4138,3.448,3154,0,605,14:10,Mostly Cloudy,0,0,NaN,NaN,NaN,NaN,0
20210725,0,0.000,0,0,0,00:00,Not Sure,0,0,NaN,NaN,NaN,NaN,1
20210724,4274,3.562,4274,0,607,12:30,Mostly Cloudy,0,0,NaN,NaN,NaN,NaN,1
20210723,4625,3.854,3987,0,611,13:20,Mostly Cloudy,0,0,NaN,NaN,NaN,NaN,1
20210722,5038,4.198,4066,0,603,13:45,Partly Cloudy,0,0,NaN,NaN,NaN,NaN,1
20210721,5119,4.266,4346,0,610,13:30,Partly Cloudy,0,0,NaN,NaN,NaN,NaN,3
20210720,5401,4.501,4384,0,608,13:25,Partly Cloudy,0,0,NaN,NaN,NaN,NaN,3
20210719,5250,4.375,5250,0,608,16:15,Partly Cloudy,0,0,NaN,NaN,NaN,NaN,4
20210718,3933,3.278,3216,0,598,18:50,Mostly Cloudy,0,0,NaN,NaN,NaN,NaN,4
20210717,4637,3.864,3177,0,617,14:00,Mostly Cloudy,0,0,NaN,NaN,NaN,NaN,4
20210716,3708,3.090,3427,0,567,16:55,Mostly Cloudy,0,0,NaN,NaN,NaN,NaN,4
20210715,3146,2.622,2604,0,600,13:50,Mostly Cloudy,0,0,NaN,NaN,NaN,NaN,7
20210714,2984,2.487,2984,0,609,13:55,Cloudy,0,0,NaN,NaN,NaN,NaN,8
20210713,4445,3.704,3787,0,611,15:25,Mostly Cloudy,0,0,NaN,NaN,NaN,NaN,8
20210712,5017,4.181,4235,0,610,14:15,Partly Cloudy,0,0,NaN,NaN,NaN,NaN,8
20210711,5806,4.838,4782,0,613,14:10,Partly Cloudy,0,0,NaN,NaN,NaN,NaN,9
20210710,5194,4.328,3911,0,619,14:10,Partly Cloudy,0,0,NaN,NaN,NaN,NaN,9
20210709,4546,3.788,4546,0,613,14:40,Mostly Cloudy,0,0,NaN,NaN,NaN,NaN,9
20210708,3086,2.572,2106,0,613,13:35,Mostly Cloudy,0,0,NaN,NaN,NaN,NaN,13
20210707,3773,3.144,2741,0,607,13:45,Mostly Cloudy,0,0,NaN,NaN,NaN,NaN,14
20210706,4753,3.961,3617,0,599,16:50,Mostly Cloudy,0,0,NaN,NaN,NaN,NaN,14
20210705,4828,4.023,3917,0,612,13:55,Partly Cloudy,0,0,NaN,NaN,NaN,NaN,14
20210704,1807,1.506,1024,0,299,16:55,Cloudy,0,0,NaN,NaN,NaN,NaN,14
20210703,3588,2.990,2291,0,603,13:15,Mostly Cloudy,0,0,NaN,NaN,NaN,NaN,15
20210702,5108,4.257,4151,0,611,13:50,Partly Cloudy,0,0,NaN,NaN,NaN,NaN,15
20210701,5426,4.522,4393,0,612,14:15,Partly Cloudy,0,0,NaN,NaN,NaN,NaN,15
20210630,5097,4.248,3965,0,608,13:50,Partly Cloudy,0,0,NaN,NaN,NaN,NaN,15
20210629,4662,3.885,4662,0,598,16:45,Mostly Cloudy,0,0,NaN,NaN,NaN,NaN,15
20210628,4933,4.111,3975,0,609,13:35,Partly Cloudy,0,0,NaN,NaN,NaN,NaN,15
20210627,4873,4.061,3461,0,610,13:30,Partly Cloudy,0,0,NaN,NaN,NaN,NaN,20
20210626,4649,3.874,3728,0,614,14:35,Mostly Cloudy,0,0,NaN,NaN,NaN,NaN,20
20210625,4413,3.678,3914,0,616,13:25,Mostly Cloudy,0,0,NaN,NaN,NaN,NaN,20
20210624,4141,3.451,3545,0,614,13:40,Mostly Cloudy,0,0,NaN,NaN,NaN,NaN,20
20210623,4101,3.418,3378,0,612,13:35,Mostly Cloudy,0,0,NaN,NaN,NaN,NaN,20
20210622,4458,3.715,3752,0,613,13:45,Mostly Cloudy,0,0,NaN,NaN,NaN,NaN,20
20210621,4602,3.835,3571,0,607,12:30,Mostly Cloudy,0,0,NaN,NaN,NaN,NaN,19
20210620,3225,2.688,2201,0,610,13:10,Mostly Cloudy,0,0,NaN,NaN,NaN,NaN,19
20210615,0,0.000,0,0,0,00:00,Not Sure,0,0,NaN,NaN,NaN,NaN,13
20210614,5533,4.611,4358,0,610,13:50,Partly Cloudy,0,0,NaN,NaN,NaN,NaN,12
20210613,5763,4.802,4070,0,613,13:25,Partly Cloudy,0,0,NaN,NaN,NaN,NaN,12
20210612,4950,4.125,4516,0,618,13:55,Partly Cloudy,0,0,NaN,NaN,NaN,NaN,12
20210611,4629,3.858,3465,0,615,14:35,Mostly Cloudy,0,0,NaN,NaN,NaN,NaN,11
20210610,0,0.000,0,0,0,00:00,Not Sure,0,0,NaN,NaN,NaN,NaN,11
20210609,4944,4.120,3960,0,612,16:05,Partly Cloudy,0,0,NaN,NaN,NaN,NaN,10
20210608,3080,2.567,2835,0,597,17:00,Mostly Cloudy,0,0,NaN,NaN,NaN,NaN,10
20210607,3096,2.580,2697,0,598,14:00,Mostly Cloudy,0,0,NaN,NaN,NaN,NaN,9
20210606,4123,3.436,3559,0,622,13:40,Mostly Cloudy,0,0,NaN,NaN,NaN,NaN,9
20210605,3363,2.802,3097,0,375,19:10,Mostly Cloudy,0,0,NaN,NaN,NaN,NaN,9
20210604,3571,2.976,3571,0,611,14:00,Mostly Cloudy,0,0,NaN,NaN,NaN,NaN,8
20210603,3287,2.739,3287,0,614,14:15,Mostly Cloudy,0,0,NaN,NaN,NaN,NaN,5
20210602,2947,2.456,2534,0,504,10:00,Cloudy,0,0,NaN,NaN,NaN,NaN,5
20210601,3731,3.109,3387,0,602,13:50,Mostly Cloudy,0,0,NaN,NaN,NaN,NaN,4
20210531,3085,2.571,2744,0,615,14:10,Mostly Cloudy,0,0,NaN,NaN,NaN,NaN,4
20210530,3585,2.988,3098,0,618,13:25,Mostly Cloudy,0,0,NaN,NaN,NaN,NaN,4
20210529,4012,3.343,3346,0,615,13:35,Mostly Cloudy,0,0,NaN,NaN,NaN,NaN,3
20210528,3147,2.622,2864,0,614,13:50,Mostly Cloudy,0,0,NaN,NaN,NaN,NaN,3
20210527,3648,3.040,2684,0,615,14:30,Mostly Cloudy,0,0,NaN,NaN,NaN,NaN,1
20210526,1265,1.054,1189,0,599,19:15,Cloudy,0,0,NaN,NaN,NaN,NaN,1
20210525,0,0.000,0,0,0,00:00,Not Sure,0,0,NaN,NaN,NaN,NaN,1
20210524,835,0.696,835,0,233,09:05,Showers,0,0,NaN,NaN,NaN,NaN,1
20210523,3995,3.329,3273,0,623,14:25,Mostly Cloudy,0,0,NaN,NaN,NaN,NaN,1
20210522,2538,2.115,1408,0,384,14:15,Cloudy,0,0,NaN,NaN,NaN,NaN,0
20210521,3049,2.541,2531,0,612,14:25,Mostly Cloudy,0,0,NaN,NaN,NaN,NaN,0
20210520,2655,2.212,2416,0,576,20:05,Cloudy,0,0,NaN,NaN,NaN,NaN,0
20210519,2961,2.468,2961,0,599,18:00,Cloudy,0,0,NaN,NaN,NaN,NaN,0
20210518,2908,2.423,2514,0,616,13:50,Cloudy,0,0,NaN,NaN,NaN,NaN,0
20210517,3338,2.782,2793,0,617,14:30,Mostly Cloudy,0,0,NaN,NaN,NaN,NaN,0
20210516,1835,1.529,674,0,492,11:20,Cloudy,0,0,NaN,NaN,NaN,NaN,0
20210515,3125,2.604,1926,0,612,14:00,Mostly Cloudy,0,0,NaN,NaN,NaN,NaN,6253
20210514,2799,2.332,2367,0,350,16:55,Cloudy,0,0,NaN,NaN,NaN,NaN,6229
20210513,3172,2.643,2630,0,613,17:05,Mostly Cloudy,0,0,NaN,NaN,NaN,NaN,6203
20210613,5763,4.802,4070,0,613,13:25,Partly Cloudy,0,0,NaN,NaN,NaN,NaN,12
20210612,4950,4.125,4516,0,618,13:55,Partly Cloudy,0,0,NaN,NaN,NaN,NaN,12
20210611,4629,3.858,3465,0,615,14:35,Mostly Cloudy,0,0,NaN,NaN,NaN,NaN,11
20210610,0,0.000,0,0,0,00:00,Not Sure,0,0,NaN,NaN,NaN,NaN,11
20210609,4944,4.120,3960,0,612,16:05,Partly Cloudy,0,0,NaN,NaN,NaN,NaN,10
20210608,3080,2.567,2835,0,597,17:00,Mostly Cloudy,0,0,NaN,NaN,NaN,NaN,10
20210607,3096,2.580,2697,0,598,14:00,Mostly Cloudy,0,0,NaN,NaN,NaN,NaN,9
20210606,4123,3.436,3559,0,622,13:40,Mostly Cloudy,0,0,NaN,NaN,NaN,NaN,9
20210605,3363,2.802,3097,0,375,19:10,Mostly Cloudy,0,0,NaN,NaN,NaN,NaN,9
20210604,3571,2.976,3571,0,611,14:00,Mostly Cloudy,0,0,NaN,NaN,NaN,NaN,8
20210603,3287,2.739,3287,0,614,14:15,Mostly Cloudy,0,0,NaN,NaN,NaN,NaN,5
20210602,2947,2.456,2534,0,504,10:00,Cloudy,0,0,NaN,NaN,NaN,NaN,5
20210601,3731,3.109,3387,0,602,13:50,Mostly Cloudy,0,0,NaN,NaN,NaN,NaN,4
20210531,3085,2.571,2744,0,615,14:10,Mostly Cloudy,0,0,NaN,NaN,NaN,NaN,4
20210530,3585,2.988,3098,0,618,13:25,Mostly Cloudy,0,0,NaN,NaN,NaN,NaN,4
20210529,4012,3.343,3346,0,615,13:35,Mostly Cloudy,0,0,NaN,NaN,NaN,NaN,3
20210528,3147,2.622,2864,0,614,13:50,Mostly Cloudy,0,0,NaN,NaN,NaN,NaN,3
20210527,3648,3.040,2684,0,615,14:30,Mostly Cloudy,0,0,NaN,NaN,NaN,NaN,1
20210526,1265,1.054,1189,0,599,19:15,Cloudy,0,0,NaN,NaN,NaN,NaN,1
20210525,0,0.000,0,0,0,00:00,Not Sure,0,0,NaN,NaN,NaN,NaN,1
20210524,835,0.696,835,0,233,09:05,Showers,0,0,NaN,NaN,NaN,NaN,1
20210523,3995,3.329,3273,0,623,14:25,Mostly Cloudy,0,0,NaN,NaN,NaN,NaN,1
20210522,2538,2.115,1408,0,384,14:15,Cloudy,0,0,NaN,NaN,NaN,NaN,0
20210521,3049,2.541,2531,0,612,14:25,Mostly Cloudy,0,0,NaN,NaN,NaN,NaN,0
20210520,2655,2.212,2416,0,576,20:05,Cloudy,0,0,NaN,NaN,NaN,NaN,0
20210519,2961,2.468,2961,0,599,18:00,Cloudy,0,0,NaN,NaN,NaN,NaN,0
20210518,2908,2.423,2514,0,616,13:50,Cloudy,0,0,NaN,NaN,NaN,NaN,0
20210517,3338,2.782,2793,0,617,14:30,Mostly Cloudy,0,0,NaN,NaN,NaN,NaN,0
20210516,1835,1.529,674,0,492,11:20,Cloudy,0,0,NaN,NaN,NaN,NaN,0
20210515,3125,2.604,1926,0,612,14:00,Mostly Cloudy,0,0,NaN,NaN,NaN,NaN,6253
20210514,2799,2.332,2367,0,350,16:55,Cloudy,0,0,NaN,NaN,NaN,NaN,6229
20210513,3172,2.643,2630,0,613,17:05,Mostly Cloudy,0,0,NaN,NaN,NaN,NaN,6203
20210512,3030,2.525,2698,0,613,14:10,Mostly Cloudy,0,0,NaN,NaN,NaN,NaN,6177
20210511,1068,0.890,395,0,236,16:45,Showers,0,0,NaN,NaN,NaN,NaN,6150
20210510,2706,2.255,2137,0,567,15:40,Cloudy,0,0,NaN,NaN,NaN,NaN,6123
20210509,3476,2.897,3476,0,434,12:25,Mostly Cloudy,0,0,NaN,NaN,NaN,NaN,6094
20210508,3021,2.518,2263,0,616,13:35,Mostly Cloudy,0,0,NaN,NaN,NaN,NaN,6065
20210507,2786,2.322,2363,0,602,18:35,Cloudy,0,0,NaN,NaN,NaN,NaN,6036
20210506,2726,2.272,2453,0,601,13:45,Cloudy,0,0,NaN,NaN,NaN,NaN,6005
20210505,2796,2.330,2079,0,596,17:15,Cloudy,0,0,NaN,NaN,NaN,NaN,5974
20210504,2890,2.408,2890,0,602,15:30,Cloudy,0,0,NaN,NaN,NaN,NaN,5942
20210503,3240,2.700,2605,0,617,13:55,Mostly Cloudy,0,0,NaN,NaN,NaN,NaN,5909
20210502,3752,3.127,3124,0,616,13:15,Mostly Cloudy,0,0,NaN,NaN,NaN,NaN,5876
20210501,889,0.741,33,0,272,11:50,Showers,0,0,NaN,NaN,NaN,NaN,5842
20210430,1997,1.664,1578,0,595,13:50,Cloudy,0,0,NaN,NaN,NaN,NaN,5808
20210429,929,0.774,929,0,240,09:25,Showers,0,0,NaN,NaN,NaN,NaN,5773
20210428,2648,2.207,2001,0,516,17:50,Cloudy,0,0,NaN,NaN,NaN,NaN,5737
20210427,2169,1.808,1736,0,310,18:50,Cloudy,0,0,NaN,NaN,NaN,NaN,5700
20210426,1372,1.143,837,0,368,14:05,Cloudy,0,0,NaN,NaN,NaN,NaN,5663
20210425,3639,3.032,2913,0,608,11:40,Mostly Cloudy,0,0,NaN,NaN,NaN,NaN,5626
20210424,3098,2.582,3098,0,618,13:55,Mostly Cloudy,0,0,NaN,NaN,NaN,NaN,5587
20210423,2740,2.283,2471,0,615,13:50,Cloudy,0,0,NaN,NaN,NaN,NaN,5548
20210422,3043,2.536,2347,0,616,14:30,Mostly Cloudy,0,0,NaN,NaN,NaN,NaN,5509
20210421,2564,2.137,2262,0,359,19:15,Cloudy,0,0,NaN,NaN,NaN,NaN,5469
20210420,2856,2.380,2598,0,596,19:10,Cloudy,0,0,NaN,NaN,NaN,NaN,5429
20210415,0,0.000,0,0,0,00:00,Not Sure,0,0,NaN,NaN,NaN,NaN,5218
20210414,3066,2.555,2370,0,607,15:45,Mostly Cloudy,0,0,NaN,NaN,NaN,NaN,5175
20210413,2969,2.474,2415,0,617,14:40,Cloudy,0,0,NaN,NaN,NaN,NaN,5131
20210412,1161,0.968,435,0,474,15:05,Showers,0,0,NaN,NaN,NaN,NaN,5086
20210411,844,0.703,8,0,174,12:45,Showers,0,0,NaN,NaN,NaN,NaN,5042
20210410,1317,1.098,641,0,440,11:30,Cloudy,0,0,NaN,NaN,NaN,NaN,4996
20210409,2277,1.898,2277,0,605,15:00,Cloudy,0,0,NaN,NaN,NaN,NaN,4951
20210408,2668,2.223,2450,0,615,14:15,Cloudy,0,0,NaN,NaN,NaN,NaN,4905
20210407,3678,3.065,3186,0,615,14:00,Mostly Cloudy,0,0,NaN,NaN,NaN,NaN,4859
20210406,3158,2.632,2730,0,612,13:25,Mostly Cloudy,0,0,NaN,NaN,NaN,NaN,4812
20210405,2866,2.388,2433,0,614,13:15,Cloudy,0,0,NaN,NaN,NaN,NaN,4765
20210404,3461,2.884,2989,0,565,11:00,Mostly Cloudy,0,0,NaN,NaN,NaN,NaN,4718
20210403,3106,2.588,2203,0,616,13:15,Mostly Cloudy,0,0,NaN,NaN,NaN,NaN,4005
20210402,2788,2.323,2255,0,607,14:05,Cloudy,0,0,NaN,NaN,NaN,NaN,3962
20210401,2622,2.185,2250,0,605,16:40,Cloudy,0,0,NaN,NaN,NaN,NaN,3919
20210331,2672,2.227,2179,0,611,14:30,Cloudy,0,0,NaN,NaN,NaN,NaN,3876
20210330,2644,2.203,2245,0,599,17:00,Cloudy,0,0,NaN,NaN,NaN,NaN,3832
20210329,2584,2.153,2364,0,609,13:50,Cloudy,0,0,NaN,NaN,NaN,NaN,3789
20210328,2936,2.447,2142,0,609,12:35,Cloudy,0,0,NaN,NaN,NaN,NaN,3745
20210327,1961,1.634,1360,0,429,12:55,Cloudy,0,0,NaN,NaN,NaN,NaN,3702
20210326,2676,2.230,2224,0,607,14:00,Cloudy,0,0,NaN,NaN,NaN,NaN,3658
20210325,2694,2.245,2276,0,595,17:00,Cloudy,0,0,NaN,NaN,NaN,NaN,3614
20210324,2915,2.429,2915,0,609,13:50,Cloudy,0,0,NaN,NaN,NaN,NaN,3570
20210323,2696,2.247,2523,0,614,13:55,Cloudy,0,0,NaN,NaN,NaN,NaN,3526
20210322,2040,1.700,1759,0,378,18:45,Cloudy,0,0,NaN,NaN,NaN,NaN,3482
20210321,2650,2.208,2091,0,605,16:15,Cloudy,0,0,NaN,NaN,NaN,NaN,3438
20210320,3065,2.554,2484,0,614,13:55,Mostly Cloudy,0,0,NaN,NaN,NaN,NaN,3394
20210319,2398,1.998,2398,0,352,16:15,Cloudy,0,0,NaN,NaN,NaN,NaN,3350
20210318,2560,2.133,2078,0,598,13:40,Cloudy,0,0,NaN,NaN,NaN,NaN,3306
20210317,2492,2.077,2208,0,440,13:25,Cloudy,0,0,NaN,NaN,NaN,NaN,3262
20210316,2491,2.076,2246,0,610,14:00,Cloudy,0,0,NaN,NaN,NaN,NaN,3219
20210315,2557,2.131,2288,0,610,14:05,Cloudy,0,0,NaN,NaN,NaN,NaN,3175
20210314,2854,2.378,1966,0,612,12:10,Cloudy,0,0,NaN,NaN,NaN,NaN,3131
20210313,2634,2.195,1547,0,606,13:55,Cloudy,0,0,NaN,NaN,NaN,NaN,3088
20210312,2113,1.761,1798,0,357,18:25,Cloudy,0,0,NaN,NaN,NaN,NaN,3045
20210311,929,0.774,445,0,260,12:45,Showers,0,0,NaN,NaN,NaN,NaN,3002
20210310,2275,1.896,1877,0,595,16:20,Cloudy,0,0,NaN,NaN,NaN,NaN,2959
20210309,2021,1.684,1488,0,596,14:00,Cloudy,0,0,NaN,NaN,NaN,NaN,2916
20210308,2226,1.855,1898,0,597,16:10,Cloudy,0,0,NaN,NaN,NaN,NaN,2874
20210307,2528,2.107,1763,0,608,13:45,Cloudy,0,0,NaN,NaN,NaN,NaN,2831
20210306,684,0.570,83,0,187,11:55,Showers,0,0,NaN,NaN,NaN,NaN,2789
20210305,1939,1.616,1761,0,380,18:00,Cloudy,0,0,NaN,NaN,NaN,NaN,2748
20210304,2062,1.718,2062,0,404,13:35,Cloudy,0,0,NaN,NaN,NaN,NaN,2706
20210303,1534,1.278,1534,0,311,14:05,Cloudy,0,0,NaN,NaN,NaN,NaN,2665
20210302,1895,1.579,1895,0,350,17:45,Cloudy,0,0,NaN,NaN,NaN,NaN,2624
20210301,2126,1.772,2008,0,435,12:50,Cloudy,0,0,NaN,NaN,NaN,NaN,2584
20210228,2275,1.896,1688,0,519,10:15,Cloudy,0,0,NaN,NaN,NaN,NaN,2544
20210227,2415,2.012,1784,0,602,14:25,Cloudy,0,0,NaN,NaN,NaN,NaN,2504
20210226,1096,0.913,1013,0,354,17:45,Showers,0,0,NaN,NaN,NaN,NaN,2464
20210225,0,0.000,0,0,0,00:00,Not Sure,0,0,NaN,NaN,NaN,NaN,2425
20210224,1822,1.518,1822,0,309,15:25,Cloudy,0,0,NaN,NaN,NaN,NaN,2387
20210223,1887,1.572,1524,0,339,10:30,Cloudy,0,0,NaN,NaN,NaN,NaN,2348
20210222,1913,1.594,1476,0,448,14:50,Cloudy,0,0,NaN,NaN,NaN,NaN,2310
20210221,1231,1.026,519,0,368,14:15,Cloudy,0,0,NaN,NaN,NaN,NaN,2273
20210220,924,0.770,337,0,228,12:00,Showers,0,0,NaN,NaN,NaN,NaN,2236
20210219,771,0.642,771,0,240,13:10,Showers,0,0,NaN,NaN,NaN,NaN,2200
20210218,815,0.679,192,0,205,13:30,Showers,0,0,NaN,NaN,NaN,NaN,2164
20210217,1723,1.436,1375,0,534,15:55,Cloudy,0,0,NaN,NaN,NaN,NaN,2128
20210216,1472,1.227,1106,0,462,14:05,Cloudy,0,0,NaN,NaN,NaN,NaN,2093
20210215,2137,1.781,1622,0,472,15:40,Cloudy,0,0,NaN,NaN,NaN,NaN,2059
20210214,2271,1.892,2271,0,604,13:15,Cloudy,0,0,NaN,NaN,NaN,NaN,2024
20210213,1427,1.189,772,0,599,14:05,Cloudy,0,0,NaN,NaN,NaN,NaN,1991
20210212,564,0.470,24,0,174,13:35,Showers,0,0,NaN,NaN,NaN,NaN,1958
20210211,1889,1.574,1603,0,601,13:55,Cloudy,0,0,NaN,NaN,NaN,NaN,1926
20210210,592,0.493,41,0,226,13:05,Showers,0,0,NaN,NaN,NaN,NaN,1894
20210209,1333,1.111,1333,0,415,13:40,Cloudy,0,0,NaN,NaN,NaN,NaN,1862
20210208,1807,1.506,1208,0,360,11:15,Cloudy,0,0,NaN,NaN,NaN,NaN,1832
20210207,219,0.182,24,0,244,13:15,Showers,0,0,NaN,NaN,NaN,NaN,1801
20210206,187,0.156,0,0,178,09:45,Showers,0,0,NaN,NaN,NaN,NaN,1772
20210205,364,0.303,4,0,163,10:00,Showers,0,0,NaN,NaN,NaN,NaN,1743
20210204,533,0.444,85,0,143,10:55,Showers,0,0,NaN,NaN,NaN,NaN,1714
20210203,176,0.147,0,0,102,09:45,Showers,0,0,NaN,NaN,NaN,NaN,1687
20210202,0,0.000,0,0,0,00:00,Not Sure,0,0,NaN,NaN,NaN,NaN,1659
20210201,667,0.556,216,0,230,13:50,Showers,0,0,NaN,NaN,NaN,NaN,0
20210131,1841,1.534,1222,0,495,11:45,Cloudy,0,0,NaN,NaN,NaN,NaN,0
20210130,1026,0.855,668,0,329,14:20,Showers,0,0,NaN,NaN,NaN,NaN,0
20210129,1104,0.920,479,0,460,14:00,Showers,0,0,NaN,NaN,NaN,NaN,0
20210128,1485,1.238,1059,0,427,13:55,Cloudy,0,0,NaN,NaN,NaN,NaN,0
20210127,0,0.000,0,0,0,00:00,Not Sure,0,0,NaN,NaN,NaN,NaN,0
20210126,1814,1.512,1520,0,559,13:45,Cloudy,0,0,NaN,NaN,NaN,NaN,0
20210125,0,0.000,0,0,0,00:00,Not Sure,0,0,NaN,NaN,NaN,NaN,0
20210124,1717,1.431,1318,0,378,11:25,Cloudy,0,0,NaN,NaN,NaN,NaN,0
20210123,1200,1.000,481,0,452,14:20,Cloudy,0,0,NaN,NaN,NaN,NaN,0
20210122,93,0.078,1,0,100,12:40,Showers,0,0,NaN,NaN,NaN,NaN,0
20210121,80,0.067,0,0,16,14:45,Showers,0,0,NaN,NaN,NaN,NaN,0
20210120,159,0.132,0,0,69,13:30,Showers,0,0,NaN,NaN,NaN,NaN,0
20210115,0,0.000,0,0,0,00:00,Not Sure,0,0,NaN,NaN,NaN,NaN,0
20210114,1592,1.327,1324,0,310,12:50,Cloudy,0,0,NaN,NaN,NaN,NaN,0
20210113,1348,1.123,935,0,532,14:20,Cloudy,0,0,NaN,NaN,NaN,NaN,0
20210112,1253,1.044,950,0,458,14:05,Cloudy,0,0,NaN,NaN,NaN,NaN,0
20210111,1458,1.215,1162,0,482,14:10,Cloudy,0,0,NaN,NaN,NaN,NaN,0
20210110,716,0.597,220,0,376,10:45,Showers,0,0,NaN,NaN,NaN,NaN,0
20210109,834,0.695,339,0,238,11:45,Showers,0,0,NaN,NaN,NaN,NaN,0
20210108,1388,1.157,1109,0,404,14:00,Cloudy,0,0,NaN,NaN,NaN,NaN,0
20210107,597,0.498,135,0,227,11:25,Showers,0,0,NaN,NaN,NaN,NaN,0
20210114,1592,1.327,1324,0,310,12:50,Cloudy,0,0,NaN,NaN,NaN,NaN,0
20210113,1348,1.123,935,0,532,14:20,Cloudy,0,0,NaN,NaN,NaN,NaN,0
20210112,1253,1.044,950,0,458,14:05,Cloudy,0,0,NaN,NaN,NaN,NaN,0
20210111,1458,1.215,1162,0,482,14:10,Cloudy,0,0,NaN,NaN,NaN,NaN,0
20210110,716,0.597,220,0,376,10:45,Showers,0,0,NaN,NaN,NaN,NaN,0
20210109,834,0.695,339,0,238,11:45,Showers,0,0,NaN,NaN,NaN,NaN,0
20210108,1388,1.157,1109,0,404,14:00,Cloudy,0,0,NaN,NaN,NaN,NaN,0
20210107,597,0.498,135,0,227,11:25,Showers,0,0,NaN,NaN,NaN,NaN,0
20210106,353,0.294,5,0,164,16:20,Showers,0,0,NaN,NaN,NaN,NaN,0
20210105,224,0.187,3,0,151,09:35,Showers,0,0,NaN,NaN,NaN,NaN,0
20210104,431,0.359,431,0,179,14:20,Showers,0,0,NaN,NaN,NaN,NaN,0
20210103,496,0.413,38,0,212,12:25,Showers,0,0,NaN,NaN,NaN,NaN,0
20210102,47,0.039,0,0,73,11:40,Showers,0,0,NaN,NaN,NaN,NaN,0
20210101,122,0.102,0,0,77,11:00,Showers,0,0,NaN,NaN,NaN,NaN,0
20201231,277,0.231,9,0,152,13:00,Showers,0,0,NaN,NaN,NaN,NaN,0
20201230,0,0.000,0,0,0,00:00,Not Sure,0,0,NaN,NaN,NaN,NaN,0
20201229,0,0.000,0,0,0,00:00,Not Sure,0,0,NaN,NaN,NaN,NaN,0
20201228,0,0.000,0,0,0,00:05,Not Sure,0,0,NaN,NaN,NaN,NaN,0
20201227,1073,0.894,263,0,293,12:45,Showers,0,0,NaN,NaN,NaN,NaN,0
20201226,1498,1.248,748,0,402,12:40,Cloudy,0,0,NaN,NaN,NaN,NaN,0
20201225,116,0.097,0,0,131,10:20,Showers,0,0,NaN,NaN,NaN,NaN,0
20201224,179,0.149,0,0,138,11:10,Showers,0,0,NaN,NaN,NaN,NaN,0
20201223,220,0.183,0,0,197,09:50,Showers,0,0,NaN,NaN,NaN,NaN,0
20201222,517,0.431,179,0,236,13:10,Showers,0,0,NaN,NaN,NaN,NaN,0
20201221,279,0.232,3,0,101,09:35,Showers,0,0,NaN,NaN,NaN,NaN,0
20201220,137,0.114,0,0,109,10:50,Showers,0,0,NaN,NaN,NaN,NaN,0
20201219,408,0.340,0,0,166,11:35,Showers,0,0,NaN,NaN,NaN,NaN,0
20201218,332,0.277,0,0,119,12:40,Showers,0,0,NaN,NaN,NaN,NaN,0
20201217,0,0.000,0,0,0,17:05,Not Sure,0,0,NaN,NaN,NaN,NaN,0
20201215,0,0.000,0,0,0,00:00,Not Sure,0,0,NaN,NaN,NaN,NaN,0
20201214,694,0.578,293,0,202,12:10,Showers,0,0,NaN,NaN,NaN,NaN,0
20201213,647,0.539,7,0,163,13:25,Showers,0,0,NaN,NaN,NaN,NaN,0
20201212,436,0.363,2,0,129,13:10,Showers,0,0,NaN,NaN,NaN,NaN,0
20201211,352,0.293,14,0,104,08:30,Showers,0,0,NaN,NaN,NaN,NaN,0
20201210,549,0.458,175,0,151,11:20,Showers,0,0,NaN,NaN,NaN,NaN,0
20201209,198,0.165,0,0,111,09:35,Showers,0,0,NaN,NaN,NaN,NaN,0
20201208,271,0.226,0,0,114,13:10,Showers,0,0,NaN,NaN,NaN,NaN,0
20201207,392,0.327,59,0,210,13:45,Showers,0,0,NaN,NaN,NaN,NaN,0
20201206,226,0.188,0,0,90,14:35,Showers,0,0,NaN,NaN,NaN,NaN,0
20201205,123,0.102,0,0,108,15:00,Showers,0,0,NaN,NaN,NaN,NaN,0
20201204,23,0.019,0,0,66,11:45,Showers,0,0,NaN,NaN,NaN,NaN,0
20201203,209,0.174,0,0,94,09:50,Showers,0,0,NaN,NaN,NaN,NaN,0
20201202,31,0.026,0,0,62,13:55,Showers,0,0,NaN,NaN,NaN,NaN,0
20201201,119,0.099,0,0,113,11:20,Showers,0,0,NaN,NaN,NaN,NaN,0
20201130,734,0.612,244,0,256,12:55,Showers,0,0,NaN,NaN,NaN,NaN,0
20201129,457,0.381,41,0,254,14:30,Showers,0,0,NaN,NaN,NaN,NaN,0
20201128,761,0.634,334,0,283,13:15,Showers,0,0,NaN,NaN,NaN,NaN,0
20201127,705,0.588,229,0,287,10:35,Showers,0,0,NaN,NaN,NaN,NaN,0
20201126,1396,1.163,1037,0,324,13:40,Cloudy,0,0,NaN,NaN,NaN,NaN,0
20201125,1513,1.261,1166,0,392,13:50,Cloudy,0,0,NaN,NaN,NaN,NaN,0
20201124,1554,1.295,1338,0,406,12:45,Cloudy,0,0,NaN,NaN,NaN,NaN,0
20201123,1658,1.382,1422,0,383,10:35,Cloudy,0,0,NaN,NaN,NaN,NaN,0
20201122,1723,1.436,1165,0,450,13:40,Cloudy,0,0,NaN,NaN,NaN,NaN,0
20201121,1700,1.417,610,0,413,11:30,Cloudy,0,0,NaN,NaN,NaN,NaN,0
20201120,1626,1.355,1295,0,526,14:00,Cloudy,0,0,NaN,NaN,NaN,NaN,0
20201119,885,0.738,283,0,311,13:35,Showers,0,0,NaN,NaN,NaN,NaN,1526
20201118,545,0.454,16,0,127,11:25,Showers,0,0,NaN,NaN,NaN,NaN,1550
20201117,906,0.755,493,0,227,11:40,Showers,0,0,NaN,NaN,NaN,NaN,1575
20201116,1024,0.853,808,0,269,12:50,Showers,0,0,NaN,NaN,NaN,NaN,1600
20201115,700,0.583,133,0,256,10:35,Showers,0,0,NaN,NaN,NaN,NaN,1626
20201114,892,0.743,288,0,320,12:50,Showers,0,0,NaN,NaN,NaN,NaN,1653
20201113,645,0.538,276,0,224,12:20,Showers,0,0,NaN,NaN,NaN,NaN,1680
20201112,1262,1.052,876,0,589,13:55,Cloudy,0,0,NaN,NaN,NaN,NaN,1708
20201111,358,0.298,5,0,133,08:45,Showers,0,0,NaN,NaN,NaN,NaN,1736
20201110,1494,1.245,1096,0,436,15:00,Cloudy,0,0,NaN,NaN,NaN,NaN,1765
20201109,1778,1.482,1570,0,407,10:45,Cloudy,0,0,NaN,NaN,NaN,NaN,1794
20201108,1897,1.581,1281,0,578,11:55,Cloudy,0,0,NaN,NaN,NaN,NaN,1824
20201107,1850,1.542,1291,0,484,14:20,Cloudy,0,0,NaN,NaN,NaN,NaN,1854
20201106,1386,1.155,1059,0,557,14:00,Cloudy,0,0,NaN,NaN,NaN,NaN,1885
20201105,1441,1.201,987,0,493,14:20,Cloudy,0,0,NaN,NaN,NaN,NaN,1917
20201104,0,0.000,0,0,0,00:00,Not Sure,0,0,NaN,NaN,NaN,NaN,1949
20201103,628,0.523,170,0,161,12:45,Showers,0,0,NaN,NaN,NaN,NaN,1981
20201102,1315,1.096,1006,0,590,14:10,Cloudy,0,0,NaN,NaN,NaN,NaN,2014
20201101,586,0.488,23,0,152,11:30,Showers,0,0,NaN,NaN,NaN,NaN,2047
20201031,797,0.664,398,0,229,14:55,Showers,0,0,NaN,NaN,NaN,NaN,2081
20201030,1600,1.333,1455,0,605,13:40,Cloudy,0,0,NaN,NaN,NaN,NaN,2115
20201025,0,0.000,0,0,0,00:00,Not Sure,0,0,NaN,NaN,NaN,NaN,2291
20201024,1152,0.960,610,0,325,15:15,Showers,0,0,NaN,NaN,NaN,NaN,2327
20201023,0,0.000,0,0,0,21:25,Not Sure,0,0,NaN,NaN,NaN,NaN,2363
20201020,0,0.000,0,0,0,00:00,Not Sure,0,0,NaN,NaN,NaN,NaN,2474
20201019,1614,1.345,1229,0,309,17:05,Cloudy,0,0,NaN,NaN,NaN,NaN,2512
20201018,1440,1.200,794,0,604,13:30,Cloudy,0,0,NaN,NaN,NaN,NaN,2550
20201017,2088,1.740,1686,0,608,14:55,Cloudy,0,0,NaN,NaN,NaN,NaN,2588
20201016,1863,1.552,1527,0,493,14:15,Cloudy,0,0,NaN,NaN,NaN,NaN,2626
20201015,668,0.557,207,0,186,13:35,Showers,0,0,NaN,NaN,NaN,NaN,2664
20201014,1819,1.516,1340,0,466,16:20,Cloudy,0,0,NaN,NaN,NaN,NaN,2702
20201013,2249,1.874,1655,0,596,16:25,Cloudy,0,0,NaN,NaN,NaN,NaN,2741
20201012,2560,2.133,1999,0,610,14:05,Cloudy,0,0,NaN,NaN,NaN,NaN,2780
20201011,1280,1.067,311,0,290,13:00,Cloudy,0,0,NaN,NaN,NaN,NaN,2819
20201010,2544,2.120,2192,0,606,13:55,Cloudy,0,0,NaN,NaN,NaN,NaN,2857
20201009,1969,1.641,1654,0,598,13:35,Cloudy,0,0,NaN,NaN,NaN,NaN,2896
20201008,2204,1.837,2054,0,424,18:15,Cloudy,0,0,NaN,NaN,NaN,NaN,2935
20201007,1722,1.435,1631,0,440,13:50,Cloudy,0,0,NaN,NaN,NaN,NaN,2975
20201006,1315,1.096,1009,0,247,15:35,Cloudy,0,0,NaN,NaN,NaN,NaN,3014
20201005,2030,1.692,1545,0,396,16:35,Cloudy,0,0,NaN,NaN,NaN,NaN,3053
20201004,2525,2.104,1883,0,611,12:40,Cloudy,0,0,NaN,NaN,NaN,NaN,3092
20201003,2121,1.768,1595,0,611,13:20,Cloudy,0,0,NaN,NaN,NaN,NaN,3616
20201002,154,0.128,0,0,130,10:45,Showers,0,0,NaN,NaN,NaN,NaN,3662
20201001,1349,1.124,933,0,543,14:45,Cloudy,0,0,NaN,NaN,NaN,NaN,3708
20200930,2067,1.722,1851,0,611,13:25,Cloudy,0,0,NaN,NaN,NaN,NaN,3754
20200929,2069,1.724,1774,0,572,17:55,Cloudy,0,0,NaN,NaN,NaN,NaN,3800
20200928,1960,1.633,1832,0,612,12:40,Cloudy,0,0,NaN,NaN,NaN,NaN,3846
20200927,3390,2.825,2855,0,606,11:40,Mostly Cloudy,0,0,NaN,NaN,NaN,NaN,3891
20200926,2501,2.084,2068,0,601,14:30,Cloudy,0,0,NaN,NaN,NaN,NaN,3937
20200925,951,0.792,306,0,413,14:05,Showers,0,0,NaN,NaN,NaN,NaN,3982
20200924,1446,1.205,1000,0,314,13:50,Cloudy,0,0,NaN,NaN,NaN,NaN,4028
20200923,2092,1.743,1837,0,372,18:40,Cloudy,0,0,NaN,NaN,NaN,NaN,4073
20200922,1070,0.892,327,0,261,10:30,Showers,0,0,NaN,NaN,NaN,NaN,4118
20200921,1954,1.628,1334,0,368,15:30,Cloudy,0,0,NaN,NaN,NaN,NaN,4163
20200920,2473,2.061,1885,0,395,12:40,Cloudy,0,0,NaN,NaN,NaN,NaN,4207
20200915,0,0.000,0,0,0,00:00,Not Sure,0,0,NaN,NaN,NaN,NaN,4427
20200914,3740,3.117,2829,0,607,14:10,Mostly Cloudy,0,0,NaN,NaN,NaN,NaN,4470
20200913,2918,2.432,2253,0,608,12:45,Cloudy,0,0,NaN,NaN,NaN,NaN,4513
20200910,796,0.663,707,0,447,12:25,Cloudy,0,0,NaN,NaN,NaN,NaN,4640
20200909,3769,3.141,3240,0,600,15:40,Mostly Cloudy,0,0,NaN,NaN,NaN,NaN,4682
20200908,2654,2.212,2350,0,593,18:50,Cloudy,0,0,NaN,NaN,NaN,NaN,4723
20200907,1810,1.508,996,0,599,16:35,Cloudy,0,0,NaN,NaN,NaN,NaN,4764
20200906,3558,2.965,2547,0,615,14:10,Mostly Cloudy,0,0,NaN,NaN,NaN,NaN,4805
20200905,3244,2.703,2904,0,612,14:25,Mostly Cloudy,0,0,NaN,NaN,NaN,NaN,4846
20200904,2845,2.371,2350,0,614,13:40,Cloudy,0,0,NaN,NaN,NaN,NaN,4886
20200903,2494,2.078,2228,0,618,13:40,Cloudy,0,0,NaN,NaN,NaN,NaN,4925
20200902,2653,2.211,2311,0,606,14:10,Cloudy,0,0,NaN,NaN,NaN,NaN,4965
20200901,2454,2.045,2333,0,418,20:05,Cloudy,0,0,NaN,NaN,NaN,NaN,5004
20200831,2235,1.862,1929,0,596,19:10,Cloudy,0,0,NaN,NaN,NaN,NaN,5043
20200830,3114,2.595,2524,0,604,11:50,Mostly Cloudy,0,0,NaN,NaN,NaN,NaN,5081
20200829,1816,1.513,1288,0,411,11:35,Cloudy,0,0,NaN,NaN,NaN,NaN,5119
20200828,2484,2.070,1979,0,383,12:25,Cloudy,0,0,NaN,NaN,NaN,NaN,5156
20200827,3622,3.018,2981,0,606,14:50,Mostly Cloudy,0,0,NaN,NaN,NaN,NaN,5193
20200825,0,0.000,0,0,0,00:00,Not Sure,0,0,NaN,NaN,NaN,NaN,5266
20200824,3395,2.829,3062,0,612,16:15,Mostly Cloudy,0,0,NaN,NaN,NaN,NaN,5302
20200823,3687,3.072,3171,0,597,12:25,Mostly Cloudy,0,0,NaN,NaN,NaN,NaN,5338
20200822,4705,3.921,3407,0,608,13:15,Mostly Cloudy,0,0,NaN,NaN,NaN,NaN,5373
20200821,48,0.040,0,0,60,19:05,Showers,0,0,NaN,NaN,NaN,NaN,5408
20200820,0,0.000,0,0,0,00:00,Not Sure,0,0,NaN,NaN,NaN,NaN,5442
20200819,4695,3.912,3750,0,612,14:40,Mostly Cloudy,0,0,NaN,NaN,NaN,NaN,5476
20200818,4291,3.576,3220,0,603,11:15,Mostly Cloudy,0,0,NaN,NaN,NaN,NaN,5509
20200817,3661,3.051,3080,0,501,16:30,Mostly Cloudy,0,0,NaN,NaN,NaN,NaN,5542
20200816,2766,2.305,2200,0,609,12:45,Cloudy,0,0,NaN,NaN,NaN,NaN,5575
20200815,0,0.000,0,0,0,00:00,Not Sure,0,0,NaN,NaN,NaN,NaN,5607
20200814,4741,3.951,4233,0,614,14:40,Mostly Cloudy,0,0,NaN,NaN,NaN,NaN,5639
20200813,4557,3.798,3091,0,613,14:00,Mostly Cloudy,0,0,NaN,NaN,NaN,NaN,5670
20200812,4548,3.790,3470,0,608,11:40,Mostly Cloudy,0,0,NaN,NaN,NaN,NaN,5701
20200811,4830,4.025,3367,0,606,14:05,Partly Cloudy,0,0,NaN,NaN,NaN,NaN,5731
20200810,5503,4.586,4383,0,612,14:30,Partly Cloudy,0,0,NaN,NaN,NaN,NaN,5761
20200809,5608,4.673,4366,0,615,13:10,Partly Cloudy,0,0,NaN,NaN,NaN,NaN,5791
20200808,4408,3.673,3530,0,618,15:10,Mostly Cloudy,0,0,NaN,NaN,NaN,NaN,5820
20200807,5695,4.746,4823,0,618,15:05,Partly Cloudy,0,0,NaN,NaN,NaN,NaN,5849
20200806,5115,4.262,4293,0,619,13:10,Partly Cloudy,0,0,NaN,NaN,NaN,NaN,5877
20200805,4314,3.595,3882,0,619,14:55,Mostly Cloudy,0,0,NaN,NaN,NaN,NaN,5904
20200804,2692,2.243,2692,0,617,13:35,Cloudy,0,0,NaN,NaN,NaN,NaN,5932
20200817,3661,3.051,3080,0,501,16:30,Mostly Cloudy,0,0,NaN,NaN,NaN,NaN,5542
20200816,2766,2.305,2200,0,609,12:45,Cloudy,0,0,NaN,NaN,NaN,NaN,5575
20200815,0,0.000,0,0,0,00:00,Not Sure,0,0,NaN,NaN,NaN,NaN,5607
20200814,4741,3.951,4233,0,614,14:40,Mostly Cloudy,0,0,NaN,NaN,NaN,NaN,5639
20200813,4557,3.798,3091,0,613,14:00,Mostly Cloudy,0,0,NaN,NaN,NaN,NaN,5670
20200812,4548,3.790,3470,0,608,11:40,Mostly Cloudy,0,0,NaN,NaN,NaN,NaN,5701
20200811,4830,4.025,3367,0,606,14:05,Partly Cloudy,0,0,NaN,NaN,NaN,NaN,5731
20200810,5503,4.586,4383,0,612,14:30,Partly Cloudy,0,0,NaN,NaN,NaN,NaN,5761
20200809,5608,4.673,4366,0,615,13:10,Partly Cloudy,0,0,NaN,NaN,NaN,NaN,5791
20200808,4408,3.673,3530,0,618,15:10,Mostly Cloudy,0,0,NaN,NaN,NaN,NaN,5820
20200807,5695,4.746,4823,0,618,15:05,Partly Cloudy,0,0,NaN,NaN,NaN,NaN,5849
20200806,5115,4.262,4293,0,619,13:10,Partly Cloudy,0,0,NaN,NaN,NaN,NaN,5877
20200805,4314,3.595,3882,0,619,14:55,Mostly Cloudy,0,0,NaN,NaN,NaN,NaN,5904
20200804,2692,2.243,2692,0,617,13:35,Cloudy,0,0,NaN,NaN,NaN,NaN,5932
20200803,1521,1.268,1230,0,512,13:10,Cloudy,0,0,NaN,NaN,NaN,NaN,5959
20200802,4837,4.031,3724,0,619,14:15,Partly Cloudy,0,0,NaN,NaN,NaN,NaN,5985
20200801,5434,4.528,4432,0,611,13:40,Partly Cloudy,0,0,NaN,NaN,NaN,NaN,0
20200731,4924,4.103,4330,0,613,12:35,Partly Cloudy,0,0,NaN,NaN,NaN,NaN,0
20200730,5482,4.568,4668,0,618,13:50,Partly Cloudy,0,0,NaN,NaN,NaN,NaN,0
20200729,4831,4.026,4469,0,608,15:50,Partly Cloudy,0,0,NaN,NaN,NaN,NaN,0
20200728,4938,4.115,4319,0,613,14:40,Partly Cloudy,0,0,NaN,NaN,NaN,NaN,0
20200727,5147,4.289,3910,0,617,14:20,Partly Cloudy,0,0,NaN,NaN,NaN,NaN,0
20200726,4657,3.881,3654,0,620,14:55,Mostly Cloudy,0,0,NaN,NaN,NaN,NaN,0
20200725,4055,3.379,3247,0,620,14:00,Mostly Cloudy,0,0,NaN,NaN,NaN,NaN,0
20200724,2641,2.201,2233,0,603,18:50,Cloudy,0,0,NaN,NaN,NaN,NaN,1
20200723,4480,3.733,3968,0,617,14:30,Mostly Cloudy,0,0,NaN,NaN,NaN,NaN,1
20200722,4373,3.644,3644,0,619,14:15,Mostly Cloudy,0,0,NaN,NaN,NaN,NaN,1
20200721,4511,3.759,3990,0,608,10:20,Mostly Cloudy,0,0,NaN,NaN,NaN,NaN,2
20200720,4703,3.919,4194,0,618,14:45,Mostly Cloudy,0,0,NaN,NaN,NaN,NaN,3
20200719,3699,3.082,3076,0,618,13:25,Mostly Cloudy,0,0,NaN,NaN,NaN,NaN,3
20200718,3077,2.564,2712,0,617,13:55,Mostly Cloudy,0,0,NaN,NaN,NaN,NaN,4
20200717,4224,3.520,3710,0,616,13:55,Mostly Cloudy,0,0,NaN,NaN,NaN,NaN,4
20200716,4416,3.680,3966,0,608,10:20,Mostly Cloudy,0,0,NaN,NaN,NaN,NaN,4
20200715,3641,3.034,3415,0,579,17:30,Mostly Cloudy,0,0,NaN,NaN,NaN,NaN,5
20200714,4065,3.388,3671,0,542,19:00,Mostly Cloudy,0,0,NaN,NaN,NaN,NaN,8
20200713,4461,3.718,3733,0,616,13:45,Mostly Cloudy,0,0,NaN,NaN,NaN,NaN,8
20200712,3075,2.562,2778,0,616,14:50,Mostly Cloudy,0,0,NaN,NaN,NaN,NaN,8
20200711,5021,4.184,4078,0,617,11:35,Partly Cloudy,0,0,NaN,NaN,NaN,NaN,9
20200710,4697,3.914,3891,0,614,13:15,Mostly Cloudy,0,0,NaN,NaN,NaN,NaN,9
20200709,4666,3.888,3800,0,614,11:40,Mostly Cloudy,0,0,NaN,NaN,NaN,NaN,9
20200708,4183,3.486,3553,0,614,14:40,Mostly Cloudy,0,0,NaN,NaN,NaN,NaN,9
20200707,4661,3.884,3817,0,618,13:30,Mostly Cloudy,0,0,NaN,NaN,NaN,NaN,14
20200706,5482,4.568,4740,0,614,13:45,Partly Cloudy,0,0,NaN,NaN,NaN,NaN,14
20200705,4515,3.762,4201,0,612,16:20,Mostly Cloudy,0,0,NaN,NaN,NaN,NaN,14
20200704,5361,4.468,4259,0,619,16:15,Partly Cloudy,0,0,NaN,NaN,NaN,NaN,14
20200703,4109,3.424,3503,0,616,12:30,Mostly Cloudy,0,0,NaN,NaN,NaN,NaN,15
20200702,4957,4.131,3958,0,616,13:55,Partly Cloudy,0,0,NaN,NaN,NaN,NaN,15
20200701,4123,3.436,3160,0,614,13:35,Mostly Cloudy,0,0,NaN,NaN,NaN,NaN,15
20200630,4686,3.905,4024,0,614,14:25,Mostly Cloudy,0,0,NaN,NaN,NaN,NaN,15
20200629,5139,4.282,4370,0,617,13:25,Partly Cloudy,0,0,NaN,NaN,NaN,NaN,15
20200628,5478,4.565,4157,0,617,14:20,Partly Cloudy,0,0,NaN,NaN,NaN,NaN,15
20200627,5479,4.566,4679,0,615,14:00,Partly Cloudy,0,0,NaN,NaN,NaN,NaN,15
20200626,4905,4.088,4135,0,606,17:00,Partly Cloudy,0,0,NaN,NaN,NaN,NaN,20
20200625,3829,3.191,2789,0,614,15:10,Mostly Cloudy,0,0,NaN,NaN,NaN,NaN,20
20200624,4655,3.879,3987,0,615,13:50,Mostly Cloudy,0,0,NaN,NaN,NaN,NaN,20
20200623,4428,3.690,3729,0,614,14:40,Mostly Cloudy,0,0,NaN,NaN,NaN,NaN,20
20200622,4854,4.045,3936,0,618,13:30,Partly Cloudy,0,0,NaN,NaN,NaN,NaN,20
20200621,3123,2.602,2831,0,616,13:05,Mostly Cloudy,0,0,NaN,NaN,NaN,NaN,19
20200620,3632,3.027,3076,0,620,12:45,Mostly Cloudy,0,0,NaN,NaN,NaN,NaN,19
20200619,2991,2.492,2746,0,618,13:25,Cloudy,0,0,NaN,NaN,NaN,NaN,19
20200618,3388,2.823,3132,0,534,12:25,Mostly Cloudy,0,0,NaN,NaN,NaN,NaN,19
20200617,3356,2.797,2994,0,613,14:45,Mostly Cloudy,0,0,NaN,NaN,NaN,NaN,18
20200616,4155,3.462,3659,0,612,09:40,Mostly Cloudy,0,0,NaN,NaN,NaN,NaN,18
20200615,4162,3.468,3910,0,616,12:10,Mostly Cloudy,0,0,NaN,NaN,NaN,NaN,17
20200614,3237,2.698,2776,0,617,15:45,Mostly Cloudy,0,0,NaN,NaN,NaN,NaN,12
20200613,3051,2.542,2474,0,620,13:55,Mostly Cloudy,0,0,NaN,NaN,NaN,NaN,12
20200612,3201,2.668,2378,0,615,17:05,Mostly Cloudy,0,0,NaN,NaN,NaN,NaN,12
20200611,2580,2.150,1993,0,595,17:20,Cloudy,0,0,NaN,NaN,NaN,NaN,11
20200610,3486,2.905,2985,0,605,09:20,Mostly Cloudy,0,0,NaN,NaN,NaN,NaN,11
20200609,3314,2.762,3095,0,605,12:55,Mostly Cloudy,0,0,NaN,NaN,NaN,NaN,10
20200608,3051,2.542,2351,0,619,13:40,Mostly Cloudy,0,0,NaN,NaN,NaN,NaN,10
20200607,1208,1.007,402,0,428,10:20,Cloudy,0,0,NaN,NaN,NaN,NaN,10
20200606,3142,2.618,2512,0,617,12:40,Mostly Cloudy,0,0,NaN,NaN,NaN,NaN,9
20200605,2917,2.431,2596,0,615,15:00,Cloudy,0,0,NaN,NaN,NaN,NaN,9
20200604,1071,0.892,637,0,372,14:40,Showers,0,0,NaN,NaN,NaN,NaN,8
20200603,3141,2.618,2579,0,616,13:40,Mostly Cloudy,0,0,NaN,NaN,NaN,NaN,8
20200602,3608,3.007,3176,0,627,13:25,Mostly Cloudy,0,0,NaN,NaN,NaN,NaN,5
20200601,2899,2.416,2700,0,620,12:55,Cloudy,0,0,NaN,NaN,NaN,NaN,4
20200531,3633,3.028,3138,0,621,13:05,Mostly Cloudy,0,0,NaN,NaN,NaN,NaN,4
20200530,3196,2.663,2833,0,621,14:25,Mostly Cloudy,0,0,NaN,NaN,NaN,NaN,4
20200529,3520,2.933,3297,0,491,10:15,Mostly Cloudy,0,0,NaN,NaN,NaN,NaN,3
20200528,2814,2.345,2527,0,613,13:45,Cloudy,0,0,NaN,NaN,NaN,NaN,3
20200527,2625,2.188,2465,0,598,19:30,Cloudy,0,0,NaN,NaN,NaN,NaN,3
20200526,3317,2.764,2732,0,608,14:15,Mostly Cloudy,0,0,NaN,NaN,NaN,NaN,1
20200525,2973,2.478,2606,0,603,18:05,Cloudy,0,0,NaN,NaN,NaN,NaN,1
20200524,3746,3.122,3276,0,625,13:05,Mostly Cloudy,0,0,NaN,NaN,NaN,NaN,1
20200523,3820,3.183,3415,0,620,14:10,Mostly Cloudy,0,0,NaN,NaN,NaN,NaN,1
20200522,3445,2.871,3047,0,610,12:25,Mostly Cloudy,0,0,NaN,NaN,NaN,NaN,1
20200521,2875,2.396,2579,0,604,13:45,Cloudy,0,0,NaN,NaN,NaN,NaN,0
20200520,3606,3.005,2787,0,617,13:35,Mostly Cloudy,0,0,NaN,NaN,NaN,NaN,0
20200519,2577,2.148,2096,0,593,14:10,Cloudy,0,0,NaN,NaN,NaN,NaN,0
20200518,4082,3.402,3876,0,506,18:20,Mostly Cloudy,0,0,NaN,NaN,NaN,NaN,0
20200517,3353,2.794,2858,0,618,14:45,Mostly Cloudy,0,0,NaN,NaN,NaN,NaN,0
20200516,2824,2.353,2425,0,618,13:55,Cloudy,0,0,NaN,NaN,NaN,NaN,0
20200515,2747,2.289,2553,0,604,13:55,Cloudy,0,0,NaN,NaN,NaN,NaN,6259
20200512,2114,1.762,1904,0,618,12:45,Cloudy,0,0,NaN,NaN,NaN,NaN,6184
20200511,1509,1.258,719,0,403,13:10,Cloudy,0,0,NaN,NaN,NaN,NaN,6157
20200510,3233,2.694,2787,0,618,13:10,Mostly Cloudy,0,0,NaN,NaN,NaN,NaN,6129
20200509,3266,2.722,2486,0,618,14:25,Mostly Cloudy,0,0,NaN,NaN,NaN,NaN,6101
20200508,2852,2.377,2505,0,610,16:30,Cloudy,0,0,NaN,NaN,NaN,NaN,6072
20200507,2427,2.022,2168,0,598,18:45,Cloudy,0,0,NaN,NaN,NaN,NaN,6043
20200506,2922,2.435,2577,0,600,18:30,Cloudy,0,0,NaN,NaN,NaN,NaN,6012
20200505,3638,3.032,3347,0,615,13:55,Mostly Cloudy,0,0,NaN,NaN,NaN,NaN,5981
20200504,3198,2.665,2848,0,615,13:45,Mostly Cloudy,0,0,NaN,NaN,NaN,NaN,5950
20200503,2940,2.450,2646,0,618,13:40,Cloudy,0,0,NaN,NaN,NaN,NaN,5917
20200502,2991,2.492,2785,0,601,09:15,Cloudy,0,0,NaN,NaN,NaN,NaN,5884
20200501,3021,2.518,2210,0,611,10:35,Mostly Cloudy,0,0,NaN,NaN,NaN,NaN,5851
20200430,2776,2.313,2299,0,441,13:25,Cloudy,0,0,NaN,NaN,NaN,NaN,5816
20200429,3412,2.843,2905,0,611,14:30,Mostly Cloudy,0,0,NaN,NaN,NaN,NaN,5781
20200428,1875,1.562,1401,0,319,13:15,Cloudy,0,0,NaN,NaN,NaN,NaN,5746
20200427,1734,1.445,1202,0,550,13:30,Cloudy,0,0,NaN,NaN,NaN,NaN,5709
20200426,3084,2.570,2572,0,600,09:30,Mostly Cloudy,0,0,NaN,NaN,NaN,NaN,5672
20200425,3070,2.558,2652,0,617,13:25,Mostly Cloudy,0,0,NaN,NaN,NaN,NaN,5635
20200424,3578,2.982,3363,0,615,13:50,Mostly Cloudy,0,0,NaN,NaN,NaN,NaN,5597
20200423,2711,2.259,2228,0,621,13:25,Cloudy,0,0,NaN,NaN,NaN,NaN,5558
20200422,2605,2.171,2147,0,617,13:45,Cloudy,0,0,NaN,NaN,NaN,NaN,5519
20200421,1766,1.472,1104,0,302,15:35,Cloudy,0,0,NaN,NaN,NaN,NaN,5479
20200420,0,0.000,0,0,0,00:00,Not Sure,0,0,NaN,NaN,NaN,NaN,5438
20200419,3113,2.594,2650,0,611,13:05,Mostly Cloudy,0,0,NaN,NaN,NaN,NaN,5397
20200418,2880,2.400,2626,0,614,13:50,Cloudy,0,0,NaN,NaN,NaN,NaN,5356
20200417,2996,2.497,2311,0,604,15:35,Cloudy,0,0,NaN,NaN,NaN,NaN,5314
20200416,2772,2.310,2342,0,614,13:30,Cloudy,0,0,NaN,NaN,NaN,NaN,5272
20200415,2073,1.728,1944,0,611,15:40,Cloudy,0,0,NaN,NaN,NaN,NaN,5229
20200414,3432,2.860,3167,0,612,14:25,Mostly Cloudy,0,0,NaN,NaN,NaN,NaN,5185
20200413,2772,2.310,2252,0,608,10:40,Cloudy,0,0,NaN,NaN,NaN,NaN,5142
20200410,0,0.000,0,0,0,00:00,Not Sure,0,0,NaN,NaN,NaN,NaN,5007
20200409,2653,2.211,2169,0,616,13:30,Cloudy,0,0,NaN,NaN,NaN,NaN,4962
20200408,3172,2.643,2850,0,501,09:10,Mostly Cloudy,0,0,NaN,NaN,NaN,NaN,4916
20200407,3278,2.732,2398,0,610,13:20,Mostly Cloudy,0,0,NaN,NaN,NaN,NaN,4870
20200406,2835,2.362,2288,0,612,14:40,Cloudy,0,0,NaN,NaN,NaN,NaN,4823
20200405,2999,2.499,2712,0,490,18:45,Cloudy,0,0,NaN,NaN,NaN,NaN,4777
20200404,2878,2.398,2328,0,609,14:45,Cloudy,0,0,NaN,NaN,NaN,NaN,4058
20200403,3067,2.556,2037,0,611,13:35,Mostly Cloudy,0,0,NaN,NaN,NaN,NaN,4015
20200402,2526,2.105,2295,0,618,13:40,Cloudy,0,0,NaN,NaN,NaN,NaN,3972
20200401,2669,2.224,2205,0,606,13:40,Cloudy,0,0,NaN,NaN,NaN,NaN,3929
20200331,1905,1.588,1411,0,606,16:15,Cloudy,0,0,NaN,NaN,NaN,NaN,3886
20200330,1005,0.838,506,0,331,12:45,Showers,0,0,NaN,NaN,NaN,NaN,3843
20200329,2459,2.049,1988,0,602,13:40,Cloudy,0,0,NaN,NaN,NaN,NaN,3800
20200328,2788,2.323,2349,0,608,14:35,Cloudy,0,0,NaN,NaN,NaN,NaN,3756
20200327,1951,1.626,1063,0,476,10:30,Cloudy,0,0,NaN,NaN,NaN,NaN,3712
20200326,1183,0.986,227,0,346,09:45,Showers,0,0,NaN,NaN,NaN,NaN,3668
20200325,2414,2.012,1625,0,376,10:25,Cloudy,0,0,NaN,NaN,NaN,NaN,3625
20200324,2562,2.135,2116,0,609,13:50,Cloudy,0,0,NaN,NaN,NaN,NaN,3581
20200323,1553,1.294,1203,0,432,13:30,Cloudy,0,0,NaN,NaN,NaN,NaN,3537
20200322,1616,1.347,930,0,563,12:40,Cloudy,0,0,NaN,NaN,NaN,NaN,3493
20200321,2338,1.948,2040,0,493,18:05,Cloudy,0,0,NaN,NaN,NaN,NaN,3449
20200320,14,0.012,0,0,157,18:40,Showers,0,0,NaN,NaN,NaN,NaN,3405
20200319,2401,2.001,2179,0,609,13:20,Cloudy,0,0,NaN,NaN,NaN,NaN,3361
20200318,2432,2.027,1874,0,601,15:15,Cloudy,0,0,NaN,NaN,NaN,NaN,3317
20200317,2262,1.885,2034,0,406,18:10,Cloudy,0,0,NaN,NaN,NaN,NaN,3273
20200320,14,0.012,0,0,157,18:40,Showers,0,0,NaN,NaN,NaN,NaN,3405
20200319,2401,2.001,2179,0,609,13:20,Cloudy,0,0,NaN,NaN,NaN,NaN,3361
20200318,2432,2.027,1874,0,601,15:15,Cloudy,0,0,NaN,NaN,NaN,NaN,3317
20200317,2262,1.885,2034,0,406,18:10,Cloudy,0,0,NaN,NaN,NaN,NaN,3273
20200316,2517,2.098,2377,0,439,13:40,Cloudy,0,0,NaN,NaN,NaN,NaN,3229
20200315,2420,2.017,1866,0,600,13:40,Cloudy,0,0,NaN,NaN,NaN,NaN,3185
20200314,537,0.448,128,0,446,15:15,Showers,0,0,NaN,NaN,NaN,NaN,3142
20200313,2476,2.063,1927,0,597,13:25,Cloudy,0,0,NaN,NaN,NaN,NaN,3098
20200312,988,0.823,328,0,191,12:25,Showers,0,0,NaN,NaN,NaN,NaN,3055
20200311,2609,2.174,1689,0,612,14:30,Cloudy,0,0,NaN,NaN,NaN,NaN,3012
20200310,2246,1.872,1852,0,408,11:35,Cloudy,0,0,NaN,NaN,NaN,NaN,2969
20200309,1210,1.008,655,0,394,13:45,Cloudy,0,0,NaN,NaN,NaN,NaN,2926
20200308,2807,2.339,2298,0,608,11:45,Cloudy,0,0,NaN,NaN,NaN,NaN,2884
20200307,2530,2.108,2085,0,608,13:55,Cloudy,0,0,NaN,NaN,NaN,NaN,2842
20200306,1968,1.640,1419,0,492,16:00,Cloudy,0,0,NaN,NaN,NaN,NaN,2799
20200305,710,0.592,379,0,262,10:50,Showers,0,0,NaN,NaN,NaN,NaN,2758
20200304,2427,2.022,2427,0,607,13:55,Cloudy,0,0,NaN,NaN,NaN,NaN,2716
20200303,1897,1.581,1897,0,602,13:45,Cloudy,0,0,NaN,NaN,NaN,NaN,2675
20200302,0,0.000,0,0,0,00:00,Not Sure,0,0,NaN,NaN,NaN,NaN,2634
20200301,730,0.608,730,0,309,11:00,Showers,0,0,NaN,NaN,NaN,NaN,2593
20200229,612,0.510,393,0,271,11:10,Showers,0,0,NaN,NaN,NaN,NaN,2553
20200228,2390,1.992,1930,0,601,14:40,Cloudy,0,0,NaN,NaN,NaN,NaN,2513
20200227,2053,1.711,1560,0,467,13:25,Cloudy,0,0,NaN,NaN,NaN,NaN,2474
20200226,1890,1.575,1692,0,345,11:45,Cloudy,0,0,NaN,NaN,NaN,NaN,2435
20200225,0,0.000,0,0,0,00:00,Not Sure,0,0,NaN,NaN,NaN,NaN,2396
20200224,1935,1.612,1750,0,606,13:50,Cloudy,0,0,NaN,NaN,NaN,NaN,2358
20200223,907,0.756,394,0,499,12:30,Showers,0,0,NaN,NaN,NaN,NaN,2320
20200220,0,0.000,0,0,0,00:00,Not Sure,0,0,NaN,NaN,NaN,NaN,2208
20200219,1970,1.642,1749,0,390,12:20,Cloudy,0,0,NaN,NaN,NaN,NaN,2172
20200218,1981,1.651,1758,0,605,13:30,Cloudy,0,0,NaN,NaN,NaN,NaN,2137
20200217,0,0.000,0,0,0,00:00,Not Sure,0,0,NaN,NaN,NaN,NaN,2102
20200216,1795,1.496,1204,0,386,11:15,Cloudy,0,0,NaN,NaN,NaN,NaN,2067
20200215,1941,1.618,1634,0,466,13:20,Cloudy,0,0,NaN,NaN,NaN,NaN,2033
20200214,1745,1.454,1537,0,506,13:50,Cloudy,0,0,NaN,NaN,NaN,NaN,1999
20200213,1693,1.411,1361,0,300,13:55,Cloudy,0,0,NaN,NaN,NaN,NaN,1966
20200212,1944,1.620,1799,0,603,14:05,Cloudy,0,0,NaN,NaN,NaN,NaN,1933
20200211,1854,1.545,1532,0,431,16:10,Cloudy,0,0,NaN,NaN,NaN,NaN,1901
20200210,556,0.463,424,0,310,13:50,Showers,0,0,NaN,NaN,NaN,NaN,1870
20200209,828,0.690,120,0,358,09:25,Showers,0,0,NaN,NaN,NaN,NaN,1839
20200208,1752,1.460,1229,0,442,13:25,Cloudy,0,0,NaN,NaN,NaN,NaN,1809
20200207,2260,1.883,1626,0,597,14:10,Cloudy,0,0,NaN,NaN,NaN,NaN,1779
20200206,1620,1.350,1303,0,602,13:30,Cloudy,0,0,NaN,NaN,NaN,NaN,1750
20200205,2020,1.683,1632,0,601,13:50,Cloudy,0,0,NaN,NaN,NaN,NaN,1721
20200204,1807,1.506,1535,0,435,15:20,Cloudy,0,0,NaN,NaN,NaN,NaN,1693
20200203,0,0.000,0,0,0,17:45,Not Sure,0,0,NaN,NaN,NaN,NaN,1666
20200130,0,0.000,0,0,0,00:00,Not Sure,0,0,NaN,NaN,NaN,NaN,0
20200129,1902,1.585,1743,0,568,14:15,Cloudy,0,0,NaN,NaN,NaN,NaN,0
20200128,382,0.318,90,0,368,14:00,Showers,0,0,NaN,NaN,NaN,NaN,0
20200127,1640,1.367,1299,0,424,13:40,Cloudy,0,0,NaN,NaN,NaN,NaN,0
20200126,1611,1.342,1027,0,504,14:05,Cloudy,0,0,NaN,NaN,NaN,NaN,0
20200125,842,0.702,481,0,278,11:15,Showers,0,0,NaN,NaN,NaN,NaN,0
20200124,1183,0.986,884,0,453,13:45,Showers,0,0,NaN,NaN,NaN,NaN,0
20200123,1668,1.390,1436,0,595,13:55,Cloudy,0,0,NaN,NaN,NaN,NaN,0
20200122,1470,1.225,1340,0,523,11:15,Cloudy,0,0,NaN,NaN,NaN,NaN,0
20200121,1189,0.991,675,0,420,13:40,Showers,0,0,NaN,NaN,NaN,NaN,0
20200120,1757,1.464,1555,0,441,14:30,Cloudy,0,0,NaN,NaN,NaN,NaN,0
20200119,1565,1.304,905,0,336,11:40,Cloudy,0,0,NaN,NaN,NaN,NaN,0
20200118,1125,0.938,431,0,340,11:40,Showers,0,0,NaN,NaN,NaN,NaN,0
20200117,1565,1.304,1353,0,425,13:20,Cloudy,0,0,NaN,NaN,NaN,NaN,0
20200116,1481,1.234,925,0,442,14:10,Cloudy,0,0,NaN,NaN,NaN,NaN,0
20200115,424,0.353,164,0,260,13:40,Showers,0,0,NaN,NaN,NaN,NaN,0
20200114,581,0.484,101,0,251,10:05,Showers,0,0,NaN,NaN,NaN,NaN,0
20200113,1384,1.153,1036,0,452,13:30,Cloudy,0,0,NaN,NaN,NaN,NaN,0
20200112,1590,1.325,845,0,461,13:30,Cloudy,0,0,NaN,NaN,NaN,NaN,0
20200111,1591,1.326,1071,0,437,13:30,Cloudy,0,0,NaN,NaN,NaN,NaN,0
20200110,479,0.399,151,0,166,11:15,Showers,0,0,NaN,NaN,NaN,NaN,0
20200109,1085,0.904,760,0,300,13:15,Showers,0,0,NaN,NaN,NaN,NaN,0
20200108,442,0.368,20,0,228,11:15,Showers,0,0,NaN,NaN,NaN,NaN,0
20200107,437,0.364,65,0,209,10:50,Showers,0,0,NaN,NaN,NaN,NaN,0
20200106,803,0.669,93,0,297,09:50,Showers,0,0,NaN,NaN,NaN,NaN,0
20200105,1550,1.292,1089,0,373,12:10,Cloudy,0,0,NaN,NaN,NaN,NaN,0
20200101,276,0.230,88,0,266,10:20,Showers,0,0,NaN,NaN,NaN,NaN,0
20191231,0,0.000,0,0,0,18:15,Not Sure,0,0,NaN,NaN,NaN,NaN,0
20191230,0,0.000,0,0,0,00:05,Not Sure,0,0,NaN,NaN,NaN,NaN,0
20191229,664,0.553,217,0,326,13:55,Showers,0,0,NaN,NaN,NaN,NaN,0
20191228,955,0.796,829,0,343,13:55,Showers,0,0,NaN,NaN,NaN,NaN,0
20191227,1189,0.991,826,0,443,13:30,Showers,0,0,NaN,NaN,NaN,NaN,0
20191226,1046,0.872,344,0,337,12:00,Showers,0,0,NaN,NaN,NaN,NaN,0
20191225,1545,1.288,1079,0,397,12:20,Cloudy,0,0,NaN,NaN,NaN,NaN,0
20191224,1062,0.885,621,0,330,11:45,Showers,0,0,NaN,NaN,NaN,NaN,0
20191223,1496,1.247,1111,0,516,13:45,Cloudy,0,0,NaN,NaN,NaN,NaN,0
20191222,1425,1.188,1291,0,517,14:00,Cloudy,0,0,NaN,NaN,NaN,NaN,0
20191221,952,0.793,652,0,507,13:55,Showers,0,0,NaN,NaN,NaN,NaN,0
20191220,0,0.000,0,0,0,00:00,Not Sure,0,0,NaN,NaN,NaN,NaN,0
20191219,0,0.000,0,0,0,00:00,Not Sure,0,0,NaN,NaN,NaN,NaN,0
20191218,0,0.000,0,0,0,00:00,Not Sure,0,0,NaN,NaN,NaN,NaN,0
20191217,0,0.000,0,0,0,00:00,Not Sure,0,0,NaN,NaN,NaN,NaN,0
20191216,0,0.000,0,0,0,00:00,Not Sure,0,0,NaN,NaN,NaN,NaN,0
20191215,0,0.000,0,0,0,00:00,Not Sure,0,0,NaN,NaN,NaN,NaN,0
20191214,1522,1.268,1057,0,489,13:20,Cloudy,0,0,NaN,NaN,NaN,NaN,0
20191213,0,0.000,0,0,0,00:00,Not Sure,0,0,NaN,NaN,NaN,NaN,0
20191212,649,0.541,318,0,281,10:55,Showers,0,0,NaN,NaN,NaN,NaN,0
20191211,951,0.792,560,0,278,10:05,Showers,0,0,NaN,NaN,NaN,NaN,0
20191210,1563,1.302,1095,0,594,13:40,Cloudy,0,0,NaN,NaN,NaN,NaN,0
20191209,1048,0.873,865,0,319,12:30,Showers,0,0,NaN,NaN,NaN,NaN,0
20191208,712,0.593,92,0,316,12:05,Showers,0,0,NaN,NaN,NaN,NaN,0
20191207,1354,1.128,760,0,506,11:20,Cloudy,0,0,NaN,NaN,NaN,NaN,0
20191206,1118,0.932,876,0,318,13:25,Showers,0,0,NaN,NaN,NaN,NaN,0
20191205,1350,1.125,1050,0,305,13:40,Cloudy,0,0,NaN,NaN,NaN,NaN,0
20191204,979,0.816,640,0,354,14:05,Showers,0,0,NaN,NaN,NaN,NaN,0
20191203,590,0.492,114,0,151,09:30,Showers,0,0,NaN,NaN,NaN,NaN,0
20191202,1339,1.116,1030,0,577,12:35,Cloudy,0,0,NaN,NaN,NaN,NaN,0
20191201,0,0.000,0,0,0,00:00,Not Sure,0,0,NaN,NaN,NaN,NaN,0
20191130,1550,1.292,1163,0,598,13:35,Cloudy,0,0,NaN,NaN,NaN,NaN,0
20191129,858,0.715,858,0,187,10:20,Showers,0,0,NaN,NaN,NaN,NaN,0
20191128,806,0.672,336,0,254,12:40,Showers,0,0,NaN,NaN,NaN,NaN,0
20191127,0,0.000,0,0,0,00:00,Not Sure,0,0,NaN,NaN,NaN,NaN,0
20191126,1086,0.905,497,0,360,09:40,Showers,0,0,NaN,NaN,NaN,NaN,0
20191125,1801,1.501,1569,0,601,13:20,Cloudy,0,0,NaN,NaN,NaN,NaN,0
20191124,0,0.000,0,0,0,00:00,Not Sure,0,0,NaN,NaN,NaN,NaN,0
20191123,0,0.000,0,0,0,00:00,Not Sure,0,0,NaN,NaN,NaN,NaN,0
20191122,0,0.000,0,0,0,00:00,Not Sure,0,0,NaN,NaN,NaN,NaN,0
20191121,757,0.631,421,0,364,10:55,Showers,0,0,NaN,NaN,NaN,NaN,0
20191120,695,0.579,208,0,212,10:20,Showers,0,0,NaN,NaN,NaN,NaN,1520
20191119,0,0.000,0,0,0,00:00,Not Sure,0,0,NaN,NaN,NaN,NaN,1544
20191118,563,0.469,294,0,302,10:35,Showers,0,0,NaN,NaN,NaN,NaN,1569
20191117,246,0.205,38,0,307,15:25,Showers,0,0,NaN,NaN,NaN,NaN,1594
20191116,427,0.356,58,0,432,12:00,Showers,0,0,NaN,NaN,NaN,NaN,1620
20191115,693,0.578,154,0,228,10:35,Showers,0,0,NaN,NaN,NaN,NaN,1646
20191114,0,0.000,0,0,0,00:00,Not Sure,0,0,NaN,NaN,NaN,NaN,1673
20191113,1831,1.526,1685,0,423,11:45,Cloudy,0,0,NaN,NaN,NaN,NaN,1701
20191112,616,0.513,103,0,297,10:55,Showers,0,0,NaN,NaN,NaN,NaN,1729
20191111,440,0.367,201,0,263,13:05,Showers,0,0,NaN,NaN,NaN,NaN,1758
20191110,1580,1.317,1094,0,482,11:30,Cloudy,0,0,NaN,NaN,NaN,NaN,1787
20191109,1917,1.598,1535,0,601,13:40,Cloudy,0,0,NaN,NaN,NaN,NaN,1817
20191108,455,0.379,250,0,232,12:35,Showers,0,0,NaN,NaN,NaN,NaN,1847
20191107,477,0.398,163,0,255,11:00,Showers,0,0,NaN,NaN,NaN,NaN,1878
20191106,480,0.400,291,0,271,14:25,Showers,0,0,NaN,NaN,NaN,NaN,1909
20191105,1035,0.862,886,0,596,13:30,Showers,0,0,NaN,NaN,NaN,NaN,1941
20191104,1681,1.401,1681,0,341,13:50,Cloudy,0,0,NaN,NaN,NaN,NaN,1973
20191103,0,0.000,0,0,0,00:00,Not Sure,0,0,NaN,NaN,NaN,NaN,2006
20191102,657,0.548,195,0,370,11:30,Showers,0,0,NaN,NaN,NaN,NaN,2039
20191101,907,0.756,447,0,380,11:00,Showers,0,0,NaN,NaN,NaN,NaN,2073
20191031,975,0.812,625,0,322,12:00,Showers,0,0,NaN,NaN,NaN,NaN,2106
20191030,31,0.026,0,0,80,08:10,Showers,0,0,NaN,NaN,NaN,NaN,2141
20191029,782,0.652,427,0,472,13:05,Showers,0,0,NaN,NaN,NaN,NaN,2176
20191028,1655,1.379,1357,0,333,15:05,Cloudy,0,0,NaN,NaN,NaN,NaN,2211
20191027,2274,1.895,1901,0,603,12:10,Cloudy,0,0,NaN,NaN,NaN,NaN,2246
20191026,2461,2.051,2019,0,598,11:20,Cloudy,0,0,NaN,NaN,NaN,NaN,2282
20191025,1758,1.465,1026,0,520,13:10,Cloudy,0,0,NaN,NaN,NaN,NaN,2318
20191024,0,0.000,0,0,0,00:00,Not Sure,0,0,NaN,NaN,NaN,NaN,2355
20191023,1762,1.468,1546,0,601,12:00,Cloudy,0,0,NaN,NaN,NaN,NaN,2391
20191022,1707,1.422,1512,0,603,13:40,Cloudy,0,0,NaN,NaN,NaN,NaN,2428
20191021,352,0.293,235,0,277,16:40,Showers,0,0,NaN,NaN,NaN,NaN,2465
20191020,384,0.320,95,0,385,12:00,Showers,0,0,NaN,NaN,NaN,NaN,2503
20191019,311,0.259,48,0,377,15:45,Showers,0,0,NaN,NaN,NaN,NaN,2541
20191018,1047,0.872,800,0,478,13:50,Showers,0,0,NaN,NaN,NaN,NaN,2578
20191017,1425,1.188,1293,0,387,18:15,Cloudy,0,0,NaN,NaN,NaN,NaN,2617
20191016,1961,1.634,1774,0,610,13:55,Cloudy,0,0,NaN,NaN,NaN,NaN,2655
20191015,0,0.000,0,0,0,00:00,Not Sure,0,0,NaN,NaN,NaN,NaN,2693
20191022,1707,1.422,1512,0,603,13:40,Cloudy,0,0,NaN,NaN,NaN,NaN,2428
20191021,352,0.293,235,0,277,16:40,Showers,0,0,NaN,NaN,NaN,NaN,2465
20191020,384,0.320,95,0,385,12:00,Showers,0,0,NaN,NaN,NaN,NaN,2503
20191019,311,0.259,48,0,377,15:45,Showers,0,0,NaN,NaN,NaN,NaN,2541
20191018,1047,0.872,800,0,478,13:50,Showers,0,0,NaN,NaN,NaN,NaN,2578
20191017,1425,1.188,1293,0,387,18:15,Cloudy,0,0,NaN,NaN,NaN,NaN,2617
20191016,1961,1.634,1774,0,610,13:55,Cloudy,0,0,NaN,NaN,NaN,NaN,2655
20191015,0,0.000,0,0,0,00:00,Not Sure,0,0,NaN,NaN,NaN,NaN,2693
20191014,1470,1.225,1056,0,460,16:40,Cloudy,0,0,NaN,NaN,NaN,NaN,2732
20191013,1455,1.212,1097,0,341,13:30,Cloudy,0,0,NaN,NaN,NaN,NaN,2770
20191012,2328,1.940,2018,0,601,13:55,Cloudy,0,0,NaN,NaN,NaN,NaN,2809
20191011,2121,1.768,1699,0,603,15:40,Cloudy,0,0,NaN,NaN,NaN,NaN,2848
20191010,1904,1.587,1685,0,571,18:05,Cloudy,0,0,NaN,NaN,NaN,NaN,2887
20191009,0,0.000,0,0,0,00:00,Not Sure,0,0,NaN,NaN,NaN,NaN,2926
20191008,2070,1.725,1903,0,610,13:45,Cloudy,0,0,NaN,NaN,NaN,NaN,2965
20191007,2339,1.949,1881,0,607,13:40,Cloudy,0,0,NaN,NaN,NaN,NaN,3004
20191006,2150,1.792,1914,0,606,14:35,Cloudy,0,0,NaN,NaN,NaN,NaN,3043
20191005,2748,2.290,2453,0,603,11:45,Cloudy,0,0,NaN,NaN,NaN,NaN,3559
20191004,1526,1.272,1139,0,325,13:00,Cloudy,0,0,NaN,NaN,NaN,NaN,3605
20191003,2575,2.146,2240,0,609,14:45,Cloudy,0,0,NaN,NaN,NaN,NaN,3651
20191002,2336,1.947,2133,0,597,17:45,Cloudy,0,0,NaN,NaN,NaN,NaN,3697
20191001,2630,2.192,2343,0,588,17:50,Cloudy,0,0,NaN,NaN,NaN,NaN,3743
20190930,2052,1.710,1881,0,600,17:05,Cloudy,0,0,NaN,NaN,NaN,NaN,3789
20190929,2651,2.209,2344,0,611,14:10,Cloudy,0,0,NaN,NaN,NaN,NaN,3835
20190928,2804,2.337,1933,0,609,13:55,Cloudy,0,0,NaN,NaN,NaN,NaN,3880
20190927,1782,1.485,1577,0,396,18:20,Cloudy,0,0,NaN,NaN,NaN,NaN,3926
20190926,1975,1.646,1783,0,490,15:45,Cloudy,0,0,NaN,NaN,NaN,NaN,3971
20190925,2314,1.928,2076,0,613,13:45,Cloudy,0,0,NaN,NaN,NaN,NaN,4017
20190924,2455,2.046,2069,0,606,13:30,Cloudy,0,0,NaN,NaN,NaN,NaN,4062
20190923,1812,1.510,1626,0,598,14:00,Cloudy,0,0,NaN,NaN,NaN,NaN,4107
20190922,1242,1.035,765,0,358,12:15,Cloudy,0,0,NaN,NaN,NaN,NaN,4152
20190921,2446,2.038,2248,0,615,14:05,Cloudy,0,0,NaN,NaN,NaN,NaN,4196
20190920,2273,1.894,1975,0,613,14:25,Cloudy,0,0,NaN,NaN,NaN,NaN,4241
20190919,1968,1.640,1628,0,604,13:35,Cloudy,0,0,NaN,NaN,NaN,NaN,4285
20190918,2350,1.958,1990,0,606,13:55,Cloudy,0,0,NaN,NaN,NaN,NaN,4329
20190917,2572,2.143,2391,0,600,18:45,Cloudy,0,0,NaN,NaN,NaN,NaN,4373
20190916,2247,1.872,2089,0,613,14:15,Cloudy,0,0,NaN,NaN,NaN,NaN,4416
20190915,3180,2.650,2851,0,610,15:00,Mostly Cloudy,0,0,NaN,NaN,NaN,NaN,4460
20190914,3134,2.612,3134,0,613,13:45,Mostly Cloudy,0,0,NaN,NaN,NaN,NaN,4503
20190913,2417,2.014,2307,0,520,19:35,Cloudy,0,0,NaN,NaN,NaN,NaN,4545
20190912,3064,2.553,2190,0,613,13:55,Mostly Cloudy,0,0,NaN,NaN,NaN,NaN,4588
20190911,2691,2.242,2481,0,597,19:05,Cloudy,0,0,NaN,NaN,NaN,NaN,4630
20190910,1961,1.634,1496,0,467,15:50,Cloudy,0,0,NaN,NaN,NaN,NaN,4672
20190909,2963,2.469,2521,0,606,09:50,Cloudy,0,0,NaN,NaN,NaN,NaN,4713
20190908,2770,2.308,2511,0,610,11:10,Cloudy,0,0,NaN,NaN,NaN,NaN,4754
20190907,3244,2.703,2173,0,616,14:00,Mostly Cloudy,0,0,NaN,NaN,NaN,NaN,4795
20190906,1544,1.287,1065,0,596,13:55,Cloudy,0,0,NaN,NaN,NaN,NaN,4836
20190905,1918,1.598,1484,0,607,14:20,Cloudy,0,0,NaN,NaN,NaN,NaN,4876
20190904,2397,1.998,2198,0,616,13:55,Cloudy,0,0,NaN,NaN,NaN,NaN,4916
20190903,2718,2.265,2414,0,609,16:10,Cloudy,0,0,NaN,NaN,NaN,NaN,4955
20190902,2449,2.041,2288,0,598,19:20,Cloudy,0,0,NaN,NaN,NaN,NaN,4994
20190901,3545,2.954,2982,0,606,11:50,Mostly Cloudy,0,0,NaN,NaN,NaN,NaN,5033
20190831,4138,3.448,3372,0,610,13:25,Mostly Cloudy,0,0,NaN,NaN,NaN,NaN,5072
20190830,1089,0.908,965,0,599,18:30,Showers,0,0,NaN,NaN,NaN,NaN,5110
20190829,3186,2.655,2892,0,614,13:25,Mostly Cloudy,0,0,NaN,NaN,NaN,NaN,5147
20190828,1010,0.842,582,0,363,14:35,Showers,0,0,NaN,NaN,NaN,NaN,5184
20190827,3419,2.849,3001,0,608,15:30,Mostly Cloudy,0,0,NaN,NaN,NaN,NaN,5221
20190826,3559,2.966,3200,0,614,13:05,Mostly Cloudy,0,0,NaN,NaN,NaN,NaN,5258
20190825,3877,3.231,3545,0,617,14:20,Mostly Cloudy,0,0,NaN,NaN,NaN,NaN,5294
20190824,2751,2.292,2596,0,462,13:30,Cloudy,0,0,NaN,NaN,NaN,NaN,5329
20190823,2622,2.185,2413,0,603,17:30,Cloudy,0,0,NaN,NaN,NaN,NaN,5365
20190822,2695,2.246,2494,0,606,12:20,Cloudy,0,0,NaN,NaN,NaN,NaN,5399
20190821,3314,2.762,3146,0,614,14:25,Mostly Cloudy,0,0,NaN,NaN,NaN,NaN,5434
20190820,2803,2.336,2357,0,612,13:05,Cloudy,0,0,NaN,NaN,NaN,NaN,5468
20190819,3641,3.034,3267,0,616,12:55,Mostly Cloudy,0,0,NaN,NaN,NaN,NaN,5501
20190818,2893,2.411,2678,0,611,15:50,Cloudy,0,0,NaN,NaN,NaN,NaN,5534
20190817,3116,2.597,2684,0,617,13:25,Mostly Cloudy,0,0,NaN,NaN,NaN,NaN,5567
20190816,3248,2.707,2805,0,619,13:45,Mostly Cloudy,0,0,NaN,NaN,NaN,NaN,5599
20190815,2737,2.281,2539,0,612,13:45,Cloudy,0,0,NaN,NaN,NaN,NaN,5631
20190814,3747,3.122,3240,0,611,13:40,Mostly Cloudy,0,0,NaN,NaN,NaN,NaN,5663
20190813,3658,3.048,3377,0,613,12:40,Mostly Cloudy,0,0,NaN,NaN,NaN,NaN,5693
20190812,3355,2.796,2677,0,605,15:35,Mostly Cloudy,0,0,NaN,NaN,NaN,NaN,5724
20190811,4090,3.408,2899,0,615,13:20,Mostly Cloudy,0,0,NaN,NaN,NaN,NaN,5754
20190810,4788,3.990,4068,0,616,13:30,Mostly Cloudy,0,0,NaN,NaN,NaN,NaN,5784
20190809,5039,4.199,4047,0,609,13:20,Partly Cloudy,0,0,NaN,NaN,NaN,NaN,5813
20190808,3995,3.329,3547,0,617,13:30,Mostly Cloudy,0,0,NaN,NaN,NaN,NaN,5842
20190807,2003,1.669,1857,0,604,14:40,Cloudy,0,0,NaN,NaN,NaN,NaN,5870
20190806,4051,3.376,3091,0,609,15:45,Mostly Cloudy,0,0,NaN,NaN,NaN,NaN,5898
20190805,4075,3.396,3148,0,613,12:05,Mostly Cloudy,0,0,NaN,NaN,NaN,NaN,5925
20190804,3817,3.181,3542,0,616,14:45,Mostly Cloudy,0,0,NaN,NaN,NaN,NaN,5952
20190803,3933,3.278,3475,0,616,15:35,Mostly Cloudy,0,0,NaN,NaN,NaN,NaN,5979
20190802,3981,3.318,3598,0,608,15:45,Mostly Cloudy,0,0,NaN,NaN,NaN,NaN,6005
20190801,4698,3.915,4007,0,603,16:05,Mostly Cloudy,0,0,NaN,NaN,NaN,NaN,0
20190731,4590,3.825,4063,0,599,16:30,Mostly Cloudy,0,0,NaN,NaN,NaN,NaN,0
20190730,4393,3.661,3534,0,613,14:15,Mostly Cloudy,0,0,NaN,NaN,NaN,NaN,0
20190729,3147,2.622,2906,0,615,14:00,Mostly Cloudy,0,0,NaN,NaN,NaN,NaN,0
20190728,4623,3.852,3638,0,610,11:15,Mostly Cloudy,0,0,NaN,NaN,NaN,NaN,0
20190727,3465,2.888,2352,0,612,14:35,Mostly Cloudy,0,0,NaN,NaN,NaN,NaN,0
20190726,5184,4.320,4550,0,613,12:15,Partly Cloudy,0,0,NaN,NaN,NaN,NaN,0
20190725,5038,4.198,4305,0,607,15:55,Partly Cloudy,0,0,NaN,NaN,NaN,NaN,1
20190724,5439,4.532,4218,0,608,15:05,Partly Cloudy,0,0,NaN,NaN,NaN,NaN,1
20190723,5360,4.467,4550,0,607,15:20,Partly Cloudy,0,0,NaN,NaN,NaN,NaN,1
20190722,5496,4.580,4456,0,612,14:15,Partly Cloudy,0,0,NaN,NaN,NaN,NaN,1
20190721,3276,2.730,2832,0,615,11:20,Mostly Cloudy,0,0,NaN,NaN,NaN,NaN,3
20190720,4344,3.620,3546,0,608,14:35,Mostly Cloudy,0,0,NaN,NaN,NaN,NaN,3
20190719,4310,3.592,3568,0,619,12:20,Mostly Cloudy,0,0,NaN,NaN,NaN,NaN,4
20190718,3671,3.059,3313,0,617,13:50,Mostly Cloudy,0,0,NaN,NaN,NaN,NaN,4
20190717,3992,3.327,3575,0,613,12:40,Mostly Cloudy,0,0,NaN,NaN,NaN,NaN,4
20190716,4008,3.340,3590,0,621,13:55,Mostly Cloudy,0,0,NaN,NaN,NaN,NaN,5
20190715,2402,2.002,733,0,600,17:35,Cloudy,0,0,NaN,NaN,NaN,NaN,7
20190714,4047,3.372,3404,0,616,15:00,Mostly Cloudy,0,0,NaN,NaN,NaN,NaN,8
20190713,4465,3.721,3964,0,615,15:45,Mostly Cloudy,0,0,NaN,NaN,NaN,NaN,8
20190712,3493,2.911,3005,0,615,14:55,Mostly Cloudy,0,0,NaN,NaN,NaN,NaN,9
20190711,2556,2.130,2181,0,600,13:40,Cloudy,0,0,NaN,NaN,NaN,NaN,9
20190710,2165,1.804,1705,0,606,16:30,Cloudy,0,0,NaN,NaN,NaN,NaN,9
20190709,3416,2.847,3060,0,616,13:25,Mostly Cloudy,0,0,NaN,NaN,NaN,NaN,9
20190708,4973,4.144,4371,0,613,13:10,Partly Cloudy,0,0,NaN,NaN,NaN,NaN,14
20190707,3672,3.060,2922,0,615,13:40,Mostly Cloudy,0,0,NaN,NaN,NaN,NaN,14
20190706,5029,4.191,4134,0,616,15:00,Partly Cloudy,0,0,NaN,NaN,NaN,NaN,14
20190705,5541,4.618,4741,0,613,13:00,Partly Cloudy,0,0,NaN,NaN,NaN,NaN,14
20190704,4578,3.815,4272,0,619,13:45,Mostly Cloudy,0,0,NaN,NaN,NaN,NaN,15
20190703,5320,4.433,4453,0,612,14:15,Partly Cloudy,0,0,NaN,NaN,NaN,NaN,15
20190702,5430,4.525,4413,0,612,14:05,Partly Cloudy,0,0,NaN,NaN,NaN,NaN,15
20190701,5034,4.195,4459,0,606,13:35,Partly Cloudy,0,0,NaN,NaN,NaN,NaN,15
20190630,4316,3.597,3558,0,610,13:40,Mostly Cloudy,0,0,NaN,NaN,NaN,NaN,15
20190629,5672,4.727,4694,0,613,14:00,Partly Cloudy,0,0,NaN,NaN,NaN,NaN,15
20190628,5634,4.695,4722,0,609,12:10,Partly Cloudy,0,0,NaN,NaN,NaN,NaN,15
20190627,5688,4.740,4983,0,610,13:45,Partly Cloudy,0,0,NaN,NaN,NaN,NaN,20
20190626,5377,4.481,4871,0,608,14:00,Partly Cloudy,0,0,NaN,NaN,NaN,NaN,20
20190625,5578,4.648,5035,0,612,13:00,Partly Cloudy,0,0,NaN,NaN,NaN,NaN,20
20190624,5213,4.344,3888,0,604,17:35,Partly Cloudy,0,0,NaN,NaN,NaN,NaN,20
20190623,4124,3.437,3395,0,617,12:30,Mostly Cloudy,0,0,NaN,NaN,NaN,NaN,20
20190622,2921,2.434,2606,0,612,13:35,Cloudy,0,0,NaN,NaN,NaN,NaN,19
20190621,3778,3.148,3384,0,531,18:15,Mostly Cloudy,0,0,NaN,NaN,NaN,NaN,19
20190620,3325,2.771,3091,0,607,14:30,Mostly Cloudy,0,0,NaN,NaN,NaN,NaN,19
20190619,4438,3.698,4231,0,596,20:00,Mostly Cloudy,0,0,NaN,NaN,NaN,NaN,19
20190618,5155,4.296,4305,0,613,14:35,Partly Cloudy,0,0,NaN,NaN,NaN,NaN,18
20190617,4026,3.355,3256,0,617,13:30,Mostly Cloudy,0,0,NaN,NaN,NaN,NaN,18
20190616,4123,3.436,3707,0,610,10:30,Mostly Cloudy,0,0,NaN,NaN,NaN,NaN,17
20190615,2971,2.476,2065,0,614,15:00,Cloudy,0,0,NaN,NaN,NaN,NaN,13
20190614,3980,3.317,3604,0,600,18:05,Mostly Cloudy,0,0,NaN,NaN,NaN,NaN,12
20190613,2985,2.488,2849,0,600,08:30,Cloudy,0,0,NaN,NaN,NaN,NaN,12
20190612,3007,2.506,2752,0,619,13:55,Mostly Cloudy,0,0,NaN,NaN,NaN,NaN,11
20190611,3197,2.664,2843,0,600,11:05,Mostly Cloudy,0,0,NaN,NaN,NaN,NaN,11
20190610,3311,2.759,2960,0,596,17:50,Mostly Cloudy,0,0,NaN,NaN,NaN,NaN,11
20190609,2667,2.222,946,0,258,17:50,Cloudy,0,0,NaN,NaN,NaN,NaN,10
20190608,3408,2.840,3064,0,602,18:30,Mostly Cloudy,0,0,NaN,NaN,NaN,NaN,10
20190607,3403,2.836,1415,0,598,18:15,Mostly Cloudy,0,0,NaN,NaN,NaN,NaN,9
20190606,2927,2.439,2752,0,605,13:45,Cloudy,0,0,NaN,NaN,NaN,NaN,9
20190605,3493,2.911,3293,0,496,16:35,Mostly Cloudy,0,0,NaN,NaN,NaN,NaN,8
20190604,4712,3.927,3694,0,617,14:30,Mostly Cloudy,0,0,NaN,NaN,NaN,NaN,8
20190603,4197,3.498,3851,0,610,10:45,Mostly Cloudy,0,0,NaN,NaN,NaN,NaN,5
20190602,3676,3.063,3412,0,604,09:35,Mostly Cloudy,0,0,NaN,NaN,NaN,NaN,4
20190601,3727,3.106,2812,0,621,14:00,Mostly Cloudy,0,0,NaN,NaN,NaN,NaN,4
20190531,3381,2.818,3076,0,618,12:55,Mostly Cloudy,0,0,NaN,NaN,NaN,NaN,4
20190530,3187,2.656,3000,0,598,19:15,Mostly Cloudy,0,0,NaN,NaN,NaN,NaN,3
20190529,3062,2.552,2430,0,604,13:55,Mostly Cloudy,0,0,NaN,NaN,NaN,NaN,3
20190528,2944,2.453,2147,0,612,13:10,Cloudy,0,0,NaN,NaN,NaN,NaN,3
20190527,1761,1.468,1097,0,338,11:05,Cloudy,0,0,NaN,NaN,NaN,NaN,1
20190526,3758,3.132,3025,0,609,12:45,Mostly Cloudy,0,0,NaN,NaN,NaN,NaN,1
20190525,1581,1.318,1461,0,602,18:40,Cloudy,0,0,NaN,NaN,NaN,NaN,1
20190524,3065,2.554,2812,0,613,13:55,Mostly Cloudy,0,0,NaN,NaN,NaN,NaN,1
20190523,3009,2.508,2794,0,595,20:15,Mostly Cloudy,0,0,NaN,NaN,NaN,NaN,1
20190522,3509,2.924,2904,0,615,14:35,Mostly Cloudy,0,0,NaN,NaN,NaN,NaN,0
20190521,3325,2.771,3112,0,606,17:15,Mostly Cloudy,0,0,NaN,NaN,NaN,NaN,0
20190520,2331,1.942,1796,0,344,12:45,Cloudy,0,0,NaN,NaN,NaN,NaN,0
20190519,1367,1.139,856,0,468,13:25,Cloudy,0,0,NaN,NaN,NaN,NaN,0
20190518,1436,1.197,907,0,608,13:55,Cloudy,0,0,NaN,NaN,NaN,NaN,0
20190517,2364,1.970,1977,0,603,15:45,Cloudy,0,0,NaN,NaN,NaN,NaN,0
20190516,3739,3.116,3084,0,624,13:50,Mostly Cloudy,0,0,NaN,NaN,NaN,NaN,6265
20190515,3550,2.958,3396,0,543,18:00,Mostly Cloudy,0,0,NaN,NaN,NaN,NaN,6241
20190514,3388,2.823,2740,0,607,14:45,Mostly Cloudy,0,0,NaN,NaN,NaN,NaN,6216
20190513,2724,2.270,2600,0,628,13:55,Cloudy,0,0,NaN,NaN,NaN,NaN,6190
20190512,2628,2.190,1878,0,441,09:05,Cloudy,0,0,NaN,NaN,NaN,NaN,6163
20190511,2550,2.125,2049,0,524,13:40,Cloudy,0,0,NaN,NaN,NaN,NaN,6136
20190510,3092,2.577,2822,0,611,16:30,Mostly Cloudy,0,0,NaN,NaN,NaN,NaN,6108
20190509,2484,2.070,2330,0,413,19:15,Cloudy,0,0,NaN,NaN,NaN,NaN,6079
20190508,602,0.502,0,0,100,12:25,Showers,0,0,NaN,NaN,NaN,NaN,6050
20190507,2904,2.420,2676,0,355,19:40,Cloudy,0,0,NaN,NaN,NaN,NaN,6020
20190506,3605,3.004,3222,0,608,16:40,Mostly Cloudy,0,0,NaN,NaN,NaN,NaN,5989
20190505,2104,1.753,1469,0,431,16:05,Cloudy,0,0,NaN,NaN,NaN,NaN,5957
20190504,3379,2.816,2708,0,503,15:45,Mostly Cloudy,0,0,NaN,NaN,NaN,NaN,5925
20190503,2764,2.303,2283,0,393,17:15,Cloudy,0,0,NaN,NaN,NaN,NaN,5892
20190502,2711,2.259,2476,0,387,19:05,Cloudy,0,0,NaN,NaN,NaN,NaN,5859
20190501,2973,2.478,2450,0,405,12:55,Cloudy,0,0,NaN,NaN,NaN,NaN,5825
20190430,2599,2.166,2285,0,388,19:10,Cloudy,0,0,NaN,NaN,NaN,NaN,5790
20190429,2448,2.040,2083,0,388,19:05,Cloudy,0,0,NaN,NaN,NaN,NaN,5754
20190428,3115,2.596,2840,0,404,14:25,Mostly Cloudy,0,0,NaN,NaN,NaN,NaN,5718
20190427,2918,2.432,2397,0,404,14:50,Cloudy,0,0,NaN,NaN,NaN,NaN,5681
20190426,2157,1.798,1616,0,331,09:55,Cloudy,0,0,NaN,NaN,NaN,NaN,5644
20190425,984,0.820,704,0,295,12:20,Showers,0,0,NaN,NaN,NaN,NaN,5606
20190424,1659,1.382,1127,0,388,08:50,Cloudy,0,0,NaN,NaN,NaN,NaN,5567
20190423,0,0.000,0,0,0,00:00,Not Sure,0,0,NaN,NaN,NaN,NaN,5528
20190422,2941,2.451,1781,0,401,13:05,Cloudy,0,0,NaN,NaN,NaN,NaN,5488
20190421,2594,2.162,2344,0,395,09:55,Cloudy,0,0,NaN,NaN,NaN,NaN,5448
20190420,2958,2.465,2730,0,405,14:05,Cloudy,0,0,NaN,NaN,NaN,NaN,5407
20190419,2628,2.190,2373,0,388,19:45,Cloudy,0,0,NaN,NaN,NaN,NaN,5366
20190418,3070,2.558,2810,0,405,12:20,Mostly Cloudy,0,0,NaN,NaN,NaN,NaN,5324
20190417,2629,2.191,2322,0,599,16:40,Cloudy,0,0,NaN,NaN,NaN,NaN,5282
20190416,3066,2.555,2724,0,377,14:15,Mostly Cloudy,0,0,NaN,NaN,NaN,NaN,5239
20190415,2665,2.221,2396,0,372,17:20,Cloudy,0,0,NaN,NaN,NaN,NaN,5196
20190414,1482,1.235,725,0,368,10:05,Cloudy,0,0,NaN,NaN,NaN,NaN,5152
20190413,2932,2.443,1981,0,374,15:25,Cloudy,0,0,NaN,NaN,NaN,NaN,5108
20190412,2429,2.024,750,0,369,16:55,Cloudy,0,0,NaN,NaN,NaN,NaN,5063
20190411,1209,1.008,788,0,364,14:30,Cloudy,0,0,NaN,NaN,NaN,NaN,5018
20190410,2725,2.271,2415,0,368,15:25,Cloudy,0,0,NaN,NaN,NaN,NaN,4973
20190409,2596,2.163,2420,0,379,13:40,Cloudy,0,0,NaN,NaN,NaN,NaN,4927
20190408,2833,2.361,2629,0,381,13:55,Cloudy,0,0,NaN,NaN,NaN,NaN,4881
20190407,1337,1.114,454,0,334,09:20,Cloudy,0,0,NaN,NaN,NaN,NaN,4835
20190406,2552,2.127,1618,0,379,14:45,Cloudy,0,0,NaN,NaN,NaN,NaN,4110
20190405,1670,1.392,1398,0,372,17:30,Cloudy,0,0,NaN,NaN,NaN,NaN,4068
20190404,849,0.708,384,0,359,09:35,Showers,0,0,NaN,NaN,NaN,NaN,4025
20190403,1346,1.122,576,0,366,15:55,Cloudy,0,0,NaN,NaN,NaN,NaN,3983
20190402,2529,2.108,2178,0,372,13:20,Cloudy,0,0,NaN,NaN,NaN,NaN,3940
20190401,3130,2.608,2920,0,380,16:00,Mostly Cloudy,0,0,NaN,NaN,NaN,NaN,3897
20190331,2726,2.272,2155,0,378,15:10,Cloudy,0,0,NaN,NaN,NaN,NaN,3853
20190330,2927,2.439,2302,0,378,14:10,Cloudy,0,0,NaN,NaN,NaN,NaN,3810
20190329,2265,1.888,2110,0,375,11:25,Cloudy,0,0,NaN,NaN,NaN,NaN,3766
20190328,2563,2.136,1991,0,372,16:20,Cloudy,0,0,NaN,NaN,NaN,NaN,3723
20190327,2398,1.998,1915,0,372,15:40,Cloudy,0,0,NaN,NaN,NaN,NaN,3679
20190326,2747,2.289,2407,0,369,16:20,Cloudy,0,0,NaN,NaN,NaN,NaN,3635
20190325,2338,1.948,1977,0,365,17:55,Cloudy,0,0,NaN,NaN,NaN,NaN,3591
20190324,2975,2.479,2546,0,381,12:40,Cloudy,0,0,NaN,NaN,NaN,NaN,3547
20190323,2349,1.958,1785,0,379,14:30,Cloudy,0,0,NaN,NaN,NaN,NaN,3503
20190322,1768,1.473,1519,0,380,13:00,Cloudy,0,0,NaN,NaN,NaN,NaN,3459
20190321,2031,1.692,1671,0,492,15:00,Cloudy,0,0,NaN,NaN,NaN,NaN,3415
20190320,2663,2.219,2432,0,487,14:55,Cloudy,0,0,NaN,NaN,NaN,NaN,3371
20190319,2406,2.005,2006,0,381,18:00,Cloudy,0,0,NaN,NaN,NaN,NaN,3327
20190318,2054,1.712,1887,0,293,16:50,Cloudy,0,0,NaN,NaN,NaN,NaN,3284
20190317,678,0.565,267,0,280,13:30,Showers,0,0,NaN,NaN,NaN,NaN,3240
20190316,2233,1.861,1696,0,303,14:10,Cloudy,0,0,NaN,NaN,NaN,NaN,3196
20190315,2702,2.252,2223,0,306,12:15,Cloudy,0,0,NaN,NaN,NaN,NaN,3152
20190314,2036,1.697,1590,0,301,14:10,Cloudy,0,0,NaN,NaN,NaN,NaN,3109
20190313,2222,1.852,1417,0,305,14:20,Cloudy,0,0,NaN,NaN,NaN,NaN,3066
20190312,2261,1.884,1993,0,309,14:15,Cloudy,0,0,NaN,NaN,NaN,NaN,3022
20190311,1939,1.616,1461,0,291,13:55,Cloudy,0,0,NaN,NaN,NaN,NaN,2979
20190310,2038,1.698,1319,0,303,11:45,Cloudy,0,0,NaN,NaN,NaN,NaN,2937
20190309,2299,1.916,2033,0,304,12:45,Cloudy,0,0,NaN,NaN,NaN,NaN,2894
20190308,2012,1.677,1664,0,304,12:55,Cloudy,0,0,NaN,NaN,NaN,NaN,2852
20190307,817,0.681,477,0,292,12:25,Showers,0,0,NaN,NaN,NaN,NaN,2810
20190306,1155,0.962,344,0,271,08:15,Showers,0,0,NaN,NaN,NaN,NaN,2768
20190305,2171,1.809,1815,0,307,13:50,Cloudy,0,0,NaN,NaN,NaN,NaN,2726
20190304,577,0.481,31,0,195,13:35,Showers,0,0,NaN,NaN,NaN,NaN,2685
20190303,1867,1.556,1558,0,302,14:35,Cloudy,0,0,NaN,NaN,NaN,NaN,2644
20190302,1744,1.453,1417,0,299,13:00,Cloudy,0,0,NaN,NaN,NaN,NaN,2603
20190301,1983,1.652,1715,0,305,15:05,Cloudy,0,0,NaN,NaN,NaN,NaN,2563
20190228,1660,1.383,12,0,154,17:35,Cloudy,0,0,NaN,NaN,NaN,NaN,2523
20190226,702,0.585,636,0,347,11:40,Cloudy,0,0,NaN,NaN,NaN,NaN,2444
20190225,2118,1.765,1790,0,352,13:05,Cloudy,0,0,NaN,NaN,NaN,NaN,2405
20190224,2130,1.775,1466,0,255,12:55,Cloudy,0,0,NaN,NaN,NaN,NaN,2367
20190223,1555,1.296,788,0,248,12:35,Cloudy,0,0,NaN,NaN,NaN,NaN,2329
20190222,1317,1.098,1083,0,258,13:00,Cloudy,0,0,NaN,NaN,NaN,NaN,2291
20190221,1855,1.546,1550,0,252,13:25,Cloudy,0,0,NaN,NaN,NaN,NaN,2254
20190220,1849,1.541,1470,0,252,13:15,Cloudy,0,0,NaN,NaN,NaN,NaN,2217
20190219,1845,1.538,1501,0,252,12:55,Cloudy,0,0,NaN,NaN,NaN,NaN,2181
20190218,1735,1.446,1472,0,253,13:45,Cloudy,0,0,NaN,NaN,NaN,NaN,2145
20190217,1909,1.591,1289,0,253,12:50,Cloudy,0,0,NaN,NaN,NaN,NaN,2110
20190216,1840,1.533,1464,0,253,13:40,Cloudy,0,0,NaN,NaN,NaN,NaN,2075
20190215,1107,0.922,514,0,251,13:05,Showers,0,0,NaN,NaN,NaN,NaN,2041
20190214,2152,1.793,1284,0,258,13:35,Cloudy,0,0,NaN,NaN,NaN,NaN,2007
20190213,1894,1.578,1493,0,252,12:55,Cloudy,0,0,NaN,NaN,NaN,NaN,1974
20190212,1915,1.596,1466,0,253,12:15,Cloudy,0,0,NaN,NaN,NaN,NaN,1941
20190211,1915,1.596,1162,0,254,11:55,Cloudy,0,0,NaN,NaN,NaN,NaN,1909
20190210,0,0.000,0,0,0,00:00,Not Sure,0,0,NaN,NaN,NaN,NaN,1878
20190209,1673,1.394,1417,0,253,12:55,Cloudy,0,0,NaN,NaN,NaN,NaN,1846
20190208,1677,1.398,1325,0,252,11:55,Cloudy,0,0,NaN,NaN,NaN,NaN,1816
20190207,1137,0.948,405,0,245,11:05,Showers,0,0,NaN,NaN,NaN,NaN,1786
20190206,1849,1.541,1235,0,253,12:25,Cloudy,0,0,NaN,NaN,NaN,NaN,1757
20190205,1605,1.338,1416,0,252,12:25,Cloudy,0,0,NaN,NaN,NaN,NaN,1728
20190204,1728,1.440,1232,0,253,12:55,Cloudy,0,0,NaN,NaN,NaN,NaN,1700
20190203,594,0.495,89,0,194,09:55,Showers,0,0,NaN,NaN,NaN,NaN,1673
20190202,362,0.302,3,0,173,11:25,Showers,0,0,NaN,NaN,NaN,NaN,1646
20190201,0,0.000,0,0,0,00:00,Not Sure,0,0,NaN,NaN,NaN,NaN,0
20190131,660,0.550,660,0,244,12:05,Showers,0,0,NaN,NaN,NaN,NaN,0
20190130,399,0.332,399,0,245,13:35,Showers,0,0,NaN,NaN,NaN,NaN,0
20190129,1657,1.381,1177,0,251,12:10,Cloudy,0,0,NaN,NaN,NaN,NaN,0
20190128,1655,1.379,1311,0,252,11:55,Cloudy,0,0,NaN,NaN,NaN,NaN,0
20190127,177,0.148,0,0,50,11:40,Showers,0,0,NaN,NaN,NaN,NaN,0
20190126,1435,1.196,695,0,256,13:10,Cloudy,0,0,NaN,NaN,NaN,NaN,0
20190125,264,0.220,196,0,248,14:20,Showers,0,0,NaN,NaN,NaN,NaN,0
20190124,1149,0.958,844,0,252,13:20,Showers,0,0,NaN,NaN,NaN,NaN,0
20190123,320,0.267,0,0,146,11:10,Showers,0,0,NaN,NaN,NaN,NaN,0
20190122,1669,1.391,584,0,250,12:10,Cloudy,0,0,NaN,NaN,NaN,NaN,0
20190121,1591,1.326,728,0,250,11:15,Cloudy,0,0,NaN,NaN,NaN,NaN,0
20190120,1306,1.088,488,0,251,11:45,Cloudy,0,0,NaN,NaN,NaN,NaN,0
20190119,677,0.564,56,0,196,11:00,Showers,0,0,NaN,NaN,NaN,NaN,0
20190118,1445,1.204,717,0,200,12:05,Cloudy,0,0,NaN,NaN,NaN,NaN,0
20190117,381,0.318,66,0,195,12:00,Showers,0,0,NaN,NaN,NaN,NaN,0
20190116,1331,1.109,692,0,200,12:00,Cloudy,0,0,NaN,NaN,NaN,NaN,0
20190115,0,0.000,0,0,0,00:00,Not Sure,0,0,NaN,NaN,NaN,NaN,0
20190114,1400,1.167,1024,0,202,11:30,Cloudy,0,0,NaN,NaN,NaN,NaN,0
20190113,891,0.742,468,0,202,11:50,Showers,0,0,NaN,NaN,NaN,NaN,0
20190112,1077,0.898,263,0,201,13:05,Showers,0,0,NaN,NaN,NaN,NaN,0
20190111,1388,1.157,769,0,200,11:25,Cloudy,0,0,NaN,NaN,NaN,NaN,0
20190110,1273,1.061,846,0,200,11:25,Cloudy,0,0,NaN,NaN,NaN,NaN,0
20190109,1366,1.138,721,0,201,11:55,Cloudy,0,0,NaN,NaN,NaN,NaN,0
20190108,782,0.652,340,0,198,13:25,Showers,0,0,NaN,NaN,NaN,NaN,0
20190107,1258,1.048,943,0,247,10:45,Cloudy,0,0,NaN,NaN,NaN,NaN,0
20190106,1593,1.328,674,0,253,12:20,Cloudy,0,0,NaN,NaN,NaN,NaN,0
20190105,1066,0.888,217,0,252,12:25,Showers,0,0,NaN,NaN,NaN,NaN,0
20190104,1090,0.908,77,0,251,12:50,Showers,0,0,NaN,NaN,NaN,NaN,0
20190103,1413,1.178,589,0,250,11:30,Cloudy,0,0,NaN,NaN,NaN,NaN,0
20190102,1616,1.347,692,0,323,11:45,Cloudy,0,0,NaN,NaN,NaN,NaN,0
20190101,810,0.675,54,0,197,13:00,Showers,0,0,NaN,NaN,NaN,NaN,0
20181231,1337,1.114,629,0,200,11:55,Cloudy,0,0,NaN,NaN,NaN,NaN,0
20181230,434,0.362,150,0,198,14:00,Showers,0,0,NaN,NaN,NaN,NaN,0
20181229,1379,1.149,429,0,200,11:50,Cloudy,0,0,NaN,NaN,NaN,NaN,0
20181228,770,0.642,248,0,188,09:20,Showers,0,0,NaN,NaN,NaN,NaN,0
20181227,686,0.572,43,0,193,13:40,Showers,0,0,NaN,NaN,NaN,NaN,0
20181226,406,0.338,4,0,196,10:45,Showers,0,0,NaN,NaN,NaN,NaN,0
20181226,406,0.338,4,0,196,10:45,Showers,0,0,NaN,NaN,NaN,NaN,0
20181225,1209,1.008,666,0,200,13:05,Cloudy,0,0,NaN,NaN,NaN,NaN,0
20181224,1309,1.091,936,0,201,12:10,Cloudy,0,0,NaN,NaN,NaN,NaN,0
20181223,331,0.276,1,0,193,10:55,Showers,0,0,NaN,NaN,NaN,NaN,0
20181222,0,0.000,0,0,0,15:00,Not Sure,0,0,NaN,NaN,NaN,NaN,0
20181220,0,0.000,0,0,0,00:00,Not Sure,0,0,NaN,NaN,NaN,NaN,0
20181219,0,0.000,0,0,0,00:10,Not Sure,0,0,NaN,NaN,NaN,NaN,0
20181218,409,0.341,106,0,192,10:45,Showers,0,0,NaN,NaN,NaN,NaN,0
20181217,1074,0.895,708,0,200,12:35,Showers,0,0,NaN,NaN,NaN,NaN,0
20181216,0,0.000,0,0,0,15:10,Not Sure,0,0,NaN,NaN,NaN,NaN,0
20181215,0,0.000,0,0,0,00:00,Not Sure,0,0,NaN,NaN,NaN,NaN,0
20181214,1417,1.181,786,0,249,11:55,Cloudy,0,0,NaN,NaN,NaN,NaN,0
20181213,799,0.666,321,0,188,13:00,Showers,0,0,NaN,NaN,NaN,NaN,0
20181212,860,0.717,447,0,252,12:50,Showers,0,0,NaN,NaN,NaN,NaN,0
20181211,1344,1.120,943,0,200,11:05,Cloudy,0,0,NaN,NaN,NaN,NaN,0
20181210,1624,1.353,1395,0,494,13:05,Cloudy,0,0,NaN,NaN,NaN,NaN,0
20181209,1551,1.292,1214,0,353,11:35,Cloudy,0,0,NaN,NaN,NaN,NaN,0
20181208,1869,1.558,764,0,379,12:05,Cloudy,0,0,NaN,NaN,NaN,NaN,0
20181207,697,0.581,109,0,226,13:15,Showers,0,0,NaN,NaN,NaN,NaN,0
20181206,979,0.816,525,0,316,12:55,Showers,0,0,NaN,NaN,NaN,NaN,0
20181205,1440,1.200,706,0,328,12:30,Cloudy,0,0,NaN,NaN,NaN,NaN,0
20181204,1348,1.123,1002,0,336,12:50,Cloudy,0,0,NaN,NaN,NaN,NaN,0
20181203,1376,1.147,939,0,342,12:30,Cloudy,0,0,NaN,NaN,NaN,NaN,0
20181202,784,0.653,382,0,318,11:05,Showers,0,0,NaN,NaN,NaN,NaN,0
20181201,841,0.701,116,0,302,12:50,Showers,0,0,NaN,NaN,NaN,NaN,0
20181130,1,0.001,0,0,0,00:00,Showers,0,0,NaN,NaN,NaN,NaN,0
20181129,1141,0.951,707,0,299,13:40,Showers,0,0,NaN,NaN,NaN,NaN,0
20181128,1358,1.132,961,0,350,11:15,Cloudy,0,0,NaN,NaN,NaN,NaN,0
20181127,1587,1.322,1003,0,388,11:30,Cloudy,0,0,NaN,NaN,NaN,NaN,0
20181126,1067,0.889,438,0,409,13:55,Showers,0,0,NaN,NaN,NaN,NaN,0
20181125,748,0.623,80,0,243,14:30,Showers,0,0,NaN,NaN,NaN,NaN,0
20181124,504,0.420,0,0,110,12:40,Showers,0,0,NaN,NaN,NaN,NaN,0
20181123,178,0.148,0,0,64,12:35,Showers,0,0,NaN,NaN,NaN,NaN,0
20181122,809,0.674,210,0,227,13:30,Showers,0,0,NaN,NaN,NaN,NaN,0
20181121,744,0.620,78,0,214,13:55,Showers,0,0,NaN,NaN,NaN,NaN,0
20181120,499,0.416,15,0,125,12:00,Showers,0,0,NaN,NaN,NaN,NaN,0
20181119,716,0.597,716,0,202,11:05,Showers,-1,0,NaN,NaN,NaN,NaN,1538
20181114,300,0.250,0,0,NaN,NaN,Not Sure,NaN,NaN,NaN,NaN,NaN,NaN,1667
20181113,800,0.667,0,0,NaN,NaN,Fine,NaN,NaN,NaN,NaN,NaN,NaN,1694
