Date,Energy Generated,Efficiency,Energy Exported,Energy Used,Peak Power,Peak Time,Condition,Min. Temperature,Max. Temperature,Peak Energy Import,Off-Peak Energy Import,Shoulder Energy Import,High-Shoulder Energy Import,Insolation
20220409,10268,5.134,0,0,1612,13:30,Fine,-1,-1,NaN,NaN,NaN,NaN,9568
20220408,8824,4.412,0,0,1699,14:45,Partly Cloudy,-1,25,NaN,NaN,NaN,NaN,9528
20220407,8926,4.463,0,0,1459,13:05,Partly Cloudy,-1,25,NaN,NaN,NaN,NaN,9487
20220406,8362,4.181,0,0,1484,14:05,Partly Cloudy,-1,22,NaN,NaN,NaN,NaN,9445
20220405,9742,4.871,0,0,1486,13:35,Partly Cloudy,-1,21,NaN,NaN,NaN,NaN,9402
20220404,7540,3.770,0,0,1710,12:35,Mostly Cloudy,-1,21,NaN,NaN,NaN,NaN,9359
20220403,4976,2.488,0,0,1242,12:55,Cloudy,-1,17,NaN,NaN,NaN,NaN,9314
20220402,3532,1.766,0,0,588,10:10,Cloudy,-1,16,NaN,NaN,NaN,NaN,7951
20220401,4232,2.116,0,0,1468,14:30,Cloudy,-1,20,NaN,NaN,NaN,NaN,7908
20220331,4484,2.242,0,0,1461,13:50,Cloudy,-1,22,NaN,NaN,NaN,NaN,7865
20220330,2844,1.422,0,0,602,13:45,Cloudy,-1,19,NaN,NaN,NaN,NaN,7821
20220329,7306,3.653,0,0,1454,13:45,Mostly Cloudy,-1,22,NaN,NaN,NaN,NaN,7776
20220328,8421,4.210,0,0,1314,13:15,Partly Cloudy,-1,25,NaN,NaN,NaN,NaN,7731
20220327,7867,3.934,0,0,1444,13:30,Mostly Cloudy,-1,24,NaN,NaN,NaN,NaN,7685
20220326,8524,4.262,0,0,1347,12:00,Partly Cloudy,-1,23,NaN,NaN,NaN,NaN,7638
20220325,8827,4.414,0,0,1396,12:20,Partly Cloudy,-1,23,NaN,NaN,NaN,NaN,7591
20220324,8827,4.414,0,0,1382,12:45,Partly Cloudy,-1,20,NaN,NaN,NaN,NaN,7543
20220323,8907,4.454,0,0,1386,12:15,Partly Cloudy,-1,25,NaN,NaN,NaN,NaN,7494
20220322,8743,4.372,0,0,1399,12:00,Partly Cloudy,-1,20,NaN,NaN,NaN,NaN,7445
20220321,8103,4.052,0,0,1343,11:35,Partly Cloudy,-1,19,NaN,NaN,NaN,NaN,7396
20220320,8358,4.179,0,0,1365,12:05,Partly Cloudy,-1,18,NaN,NaN,NaN,NaN,7346
20220319,8067,4.034,0,0,1374,12:25,Partly Cloudy,-1,19,NaN,NaN,NaN,NaN,7295
20220318,4080,2.040,0,0,921,11:25,Cloudy,-1,18,NaN,NaN,NaN,NaN,7244
20220317,2043,1.022,0,0,495,12:55,Cloudy,-1,19,NaN,NaN,NaN,NaN,7192
20220316,5322,2.661,0,0,1219,14:15,Mostly Cloudy,-1,20,NaN,NaN,NaN,NaN,7140
20220315,2934,1.467,0,0,635,11:20,Cloudy,-1,18,NaN,NaN,NaN,NaN,7088
20220314,4603,2.302,0,0,1452,13:30,Cloudy,-1,19,NaN,NaN,NaN,NaN,7035
20220313,7649,3.824,0,0,1557,12:50,Mostly Cloudy,-1,16,NaN,NaN,NaN,NaN,6981
20220312,6181,3.090,0,0,1417,12:40,Mostly Cloudy,-1,16,NaN,NaN,NaN,NaN,6928
20220311,3864,1.932,0,0,1203,10:55,Cloudy,-1,15,NaN,NaN,NaN,NaN,6874
20220310,7887,3.944,0,0,1301,12:15,Mostly Cloudy,-1,16,NaN,NaN,NaN,NaN,6820
20220309,8311,4.156,0,0,1357,12:15,Partly Cloudy,-1,18,NaN,NaN,NaN,NaN,6765
20220308,4070,2.035,0,0,1181,13:35,Cloudy,-1,14,NaN,NaN,NaN,NaN,6710
20220307,7853,3.926,0,0,1345,12:15,Mostly Cloudy,-1,14,NaN,NaN,NaN,NaN,6655
20220306,7206,3.603,0,0,1458,11:55,Mostly Cloudy,-1,14,NaN,NaN,NaN,NaN,6600
20220305,6701,3.350,0,0,1562,12:35,Mostly Cloudy,-1,15,NaN,NaN,NaN,NaN,6545
20220304,6326,3.163,0,0,1198,12:30,Mostly Cloudy,-1,16,NaN,NaN,NaN,NaN,6489
20220303,7592,3.796,0,0,1303,12:20,Mostly Cloudy,-1,17,NaN,NaN,NaN,NaN,6433
20220302,6792,3.396,0,0,1362,12:30,Mostly Cloudy,-1,15,NaN,NaN,NaN,NaN,6378
20220301,7776,3.888,0,0,1320,12:30,Mostly Cloudy,-1,15,NaN,NaN,NaN,NaN,6322
20220228,7887,3.944,0,0,1321,12:20,Mostly Cloudy,-1,16,NaN,NaN,NaN,NaN,6266
20220227,7942,3.971,0,0,1337,12:20,Mostly Cloudy,-1,23,NaN,NaN,NaN,NaN,6210
20220226,8119,4.060,0,0,1354,12:45,Partly Cloudy,-1,19,NaN,NaN,NaN,NaN,6154
20220225,7198,3.599,0,0,1235,12:05,Mostly Cloudy,-1,16,NaN,NaN,NaN,NaN,6099
20220224,4835,2.418,0,0,1269,14:35,Cloudy,-1,16,NaN,NaN,NaN,NaN,6043
20220223,7626,3.813,0,0,1320,12:30,Mostly Cloudy,-1,18,NaN,NaN,NaN,NaN,5987
20220222,7900,3.950,0,0,1348,12:10,Mostly Cloudy,-1,26,NaN,NaN,NaN,NaN,5932
20220221,6052,3.026,0,0,1737,12:25,Mostly Cloudy,-1,21,NaN,NaN,NaN,NaN,5877
20220220,6202,3.101,0,0,1215,12:20,Mostly Cloudy,-1,19,NaN,NaN,NaN,NaN,5822
20220219,3581,1.790,0,0,1245,11:55,Cloudy,-1,15,NaN,NaN,NaN,NaN,5767
20220218,3909,1.954,0,0,1182,12:55,Cloudy,-1,15,NaN,NaN,NaN,NaN,5712
20220217,7124,3.562,0,0,1263,12:40,Mostly Cloudy,-1,15,NaN,NaN,NaN,NaN,5658
20220216,5586,2.793,0,0,1603,11:40,Mostly Cloudy,-1,13,NaN,NaN,NaN,NaN,5604
20220215,1069,0.534,0,0,339,12:30,Showers,-1,12,NaN,NaN,NaN,NaN,5550
20220214,1112,0.556,0,0,281,11:40,Showers,-1,13,NaN,NaN,NaN,NaN,5497
20220213,6528,3.264,0,0,1191,12:30,Mostly Cloudy,-1,14,NaN,NaN,NaN,NaN,5444
20220212,6616,3.308,0,0,1196,11:55,Mostly Cloudy,-1,16,NaN,NaN,NaN,NaN,5392
20220211,3846,1.923,0,0,1143,11:40,Cloudy,-1,16,NaN,NaN,NaN,NaN,5340
20220210,1235,0.618,0,0,284,16:05,Showers,-1,14,NaN,NaN,NaN,NaN,5288
20220209,6217,3.108,0,0,1129,12:50,Mostly Cloudy,-1,14,NaN,NaN,NaN,NaN,5237
20220208,6439,3.220,0,0,1159,12:20,Mostly Cloudy,-1,14,NaN,NaN,NaN,NaN,5187
20220207,6651,3.326,0,0,1240,12:15,Mostly Cloudy,-1,14,NaN,NaN,NaN,NaN,5137
20220206,2348,1.174,0,0,934,13:25,Cloudy,-1,12,NaN,NaN,NaN,NaN,5088
20220205,2655,1.328,0,0,779,14:30,Cloudy,-1,13,NaN,NaN,NaN,NaN,5039
20220204,3501,1.750,0,0,1214,11:35,Cloudy,-1,16,NaN,NaN,NaN,NaN,4991
20220203,4722,2.361,0,0,1180,12:15,Cloudy,-1,16,NaN,NaN,NaN,NaN,4944
20220202,6226,3.113,0,0,1135,12:40,Mostly Cloudy,-1,17,NaN,NaN,NaN,NaN,4897
20220201,6190,3.095,0,0,1153,12:15,Mostly Cloudy,-1,15,NaN,NaN,NaN,NaN,0
20220131,4594,2.297,0,0,1111,10:55,Cloudy,-1,13,NaN,NaN,NaN,NaN,0
20220130,6084,3.042,0,0,1144,12:25,Mostly Cloudy,-1,16,NaN,NaN,NaN,NaN,0
20220129,5651,2.826,0,0,1195,12:20,Mostly Cloudy,-1,13,NaN,NaN,NaN,NaN,0
20220128,5860,2.930,0,0,1146,12:05,Mostly Cloudy,-1,12,NaN,NaN,NaN,NaN,0
20220127,1779,0.890,0,0,660,14:30,Showers,-1,11,NaN,NaN,NaN,NaN,0
20220126,1037,0.518,0,0,275,11:25,Showers,-1,10,NaN,NaN,NaN,NaN,0
20220125,3628,1.814,0,0,951,12:55,Cloudy,-1,10,NaN,NaN,NaN,NaN,0
20220124,3205,1.602,0,0,967,12:10,Cloudy,-1,7,NaN,NaN,NaN,NaN,0
20220123,4130,2.065,0,0,1006,12:15,Cloudy,-1,10,NaN,NaN,NaN,NaN,0
20220122,2880,1.440,0,0,857,12:05,Cloudy,-1,11,NaN,NaN,NaN,NaN,0
20220121,1393,0.696,0,0,425,13:20,Showers,-1,10,NaN,NaN,NaN,NaN,0
20220120,1974,0.987,0,0,791,14:20,Showers,-1,11,NaN,NaN,NaN,NaN,0
20220119,3660,1.830,0,0,869,12:35,Cloudy,-1,12,NaN,NaN,NaN,NaN,0
20220118,4784,2.392,0,0,991,12:40,Cloudy,-1,12,NaN,NaN,NaN,NaN,0
20220117,5133,2.566,0,0,1130,11:35,Mostly Cloudy,-1,13,NaN,NaN,NaN,NaN,0
20220116,4745,2.372,0,0,936,12:00,Cloudy,-1,15,NaN,NaN,NaN,NaN,0
20220115,5212,2.606,0,0,1019,12:15,Mostly Cloudy,-1,14,NaN,NaN,NaN,NaN,0
20220114,5152,2.576,0,0,1016,12:15,Mostly Cloudy,-1,13,NaN,NaN,NaN,NaN,0
20220113,5124,2.562,0,0,1020,12:15,Mostly Cloudy,-1,11,NaN,NaN,NaN,NaN,0
20220112,5107,2.554,0,0,1025,12:35,Mostly Cloudy,-1,10,NaN,NaN,NaN,NaN,0
20220111,5249,2.624,0,0,1035,12:25,Mostly Cloudy,-1,10,NaN,NaN,NaN,NaN,0
20220110,4460,2.230,0,0,1287,12:55,Cloudy,-1,9,NaN,NaN,NaN,NaN,0
20220109,3042,1.521,0,0,907,12:45,Cloudy,-1,11,NaN,NaN,NaN,NaN,0
20220108,4626,2.313,0,0,954,12:30,Cloudy,-1,9,NaN,NaN,NaN,NaN,0
20220107,3093,1.546,0,0,1112,12:35,Cloudy,-1,11,NaN,NaN,NaN,NaN,0
20220104,357,0.178,0,0,94,12:30,Showers,-1,13,NaN,NaN,NaN,NaN,0
20220103,831,0.416,0,0,304,10:30,Showers,-1,10,NaN,NaN,NaN,NaN,0
20220102,3181,1.590,0,0,1070,12:40,Cloudy,-1,12,NaN,NaN,NaN,NaN,0
20220101,4449,2.224,0,0,933,12:30,Cloudy,-1,12,NaN,NaN,NaN,NaN,0
20211231,3784,1.892,0,0,957,12:10,Cloudy,-1,12,NaN,NaN,NaN,NaN,0
20211230,2515,1.258,0,0,786,12:05,Cloudy,-1,11,NaN,NaN,NaN,NaN,0
20211229,2198,1.099,0,0,776,10:40,Cloudy,-1,12,NaN,NaN,NaN,NaN,0
20211228,826,0.413,0,0,293,14:00,Showers,-1,12,NaN,NaN,NaN,NaN,0
20211227,459,0.230,0,0,186,11:30,Showers,-1,10,NaN,NaN,NaN,NaN,0
20211226,1297,0.648,0,0,709,12:40,Showers,-1,10,NaN,NaN,NaN,NaN,0
20211225,425,0.212,0,0,134,12:30,Showers,-1,11,NaN,NaN,NaN,NaN,0
20211224,222,0.111,0,0,76,14:10,Showers,-1,10,NaN,NaN,NaN,NaN,0
20211223,1615,0.808,0,0,693,14:05,Showers,-1,10,NaN,NaN,NaN,NaN,0
20211222,3386,1.693,0,0,1031,12:10,Cloudy,-1,12,NaN,NaN,NaN,NaN,0
20211221,756,0.378,0,0,168,12:50,Showers,-1,10,NaN,NaN,NaN,NaN,0
20211220,4495,2.248,0,0,974,12:00,Cloudy,-1,10,NaN,NaN,NaN,NaN,0
20211219,4490,2.245,0,0,943,12:25,Cloudy,-1,12,NaN,NaN,NaN,NaN,0
20211218,3716,1.858,0,0,932,12:20,Cloudy,-1,9,NaN,NaN,NaN,NaN,0
20211217,3080,1.540,0,0,964,12:05,Cloudy,-1,11,NaN,NaN,NaN,NaN,0
20211216,4198,2.099,0,0,878,12:20,Cloudy,-1,11,NaN,NaN,NaN,NaN,0
20211215,4104,2.052,0,0,897,12:30,Cloudy,-1,12,NaN,NaN,NaN,NaN,0
20211214,3123,1.562,0,0,912,13:55,Cloudy,-1,11,NaN,NaN,NaN,NaN,0
20211213,4562,2.281,0,0,952,12:20,Cloudy,-1,10,NaN,NaN,NaN,NaN,0
20211212,4802,2.401,0,0,985,11:40,Cloudy,-1,12,NaN,NaN,NaN,NaN,0
20211211,4759,2.380,0,0,978,12:00,Cloudy,-1,11,NaN,NaN,NaN,NaN,0
20211210,343,0.172,0,0,122,12:55,Showers,-1,8,NaN,NaN,NaN,NaN,0
20211209,233,0.116,0,0,100,13:55,Showers,-1,9,NaN,NaN,NaN,NaN,0
20211208,211,0.106,0,0,131,11:10,Showers,-1,10,NaN,NaN,NaN,NaN,0
20211207,4884,2.442,0,0,988,11:50,Cloudy,-1,10,NaN,NaN,NaN,NaN,0
20211206,4542,2.271,0,0,941,12:00,Cloudy,-1,11,NaN,NaN,NaN,NaN,0
20211205,4345,2.172,0,0,980,12:20,Cloudy,-1,13,NaN,NaN,NaN,NaN,0
20211204,1024,0.512,0,0,280,11:10,Showers,-1,11,NaN,NaN,NaN,NaN,0
20211203,4815,2.408,0,0,1003,12:05,Cloudy,-1,14,NaN,NaN,NaN,NaN,0
20211202,3404,1.702,0,0,954,11:35,Cloudy,-1,14,NaN,NaN,NaN,NaN,0
20211201,3108,1.554,0,0,1073,12:25,Cloudy,-1,13,NaN,NaN,NaN,NaN,0
20211130,5384,2.692,0,0,1031,11:55,Mostly Cloudy,-1,18,NaN,NaN,NaN,NaN,0
20211129,4633,2.316,0,0,1099,10:40,Cloudy,-1,14,NaN,NaN,NaN,NaN,0
20211128,719,0.360,0,0,289,15:45,Showers,-1,13,NaN,NaN,NaN,NaN,0
20211127,2991,1.496,0,0,1183,11:35,Cloudy,-1,15,NaN,NaN,NaN,NaN,0
20211126,3227,1.614,0,0,1061,12:05,Cloudy,-1,14,NaN,NaN,NaN,NaN,0
20211125,360,0.180,0,0,114,13:05,Showers,-1,14,NaN,NaN,NaN,NaN,0
20211124,4790,2.395,0,0,951,12:05,Cloudy,-1,16,NaN,NaN,NaN,NaN,0
20211123,3142,1.571,0,0,1362,12:10,Cloudy,-1,20,NaN,NaN,NaN,NaN,0
20211122,652,0.326,0,0,193,11:15,Showers,-1,15,NaN,NaN,NaN,NaN,0
20211121,694,0.347,0,0,333,12:10,Showers,-1,15,NaN,NaN,NaN,NaN,0
20211120,2195,1.098,0,0,854,13:45,Cloudy,-1,16,NaN,NaN,NaN,NaN,4812
20211119,2324,1.162,0,0,898,13:25,Cloudy,-1,18,NaN,NaN,NaN,NaN,4859
20211118,4453,2.226,0,0,1048,12:05,Cloudy,-1,21,NaN,NaN,NaN,NaN,4906
20211117,1406,0.703,0,0,384,12:10,Showers,-1,17,NaN,NaN,NaN,NaN,4954
20211116,1793,0.896,0,0,428,11:10,Showers,-1,17,NaN,NaN,NaN,NaN,5003
20211115,785,0.392,0,0,357,13:50,Showers,-1,17,NaN,NaN,NaN,NaN,5053
20211114,307,0.154,0,0,138,11:10,Showers,-1,17,NaN,NaN,NaN,NaN,5103
20211113,3312,1.656,0,0,1248,12:30,Cloudy,-1,17,NaN,NaN,NaN,NaN,5154
20211112,4540,2.270,0,0,1065,12:30,Cloudy,-1,19,NaN,NaN,NaN,NaN,5205
20211111,2031,1.016,0,0,1295,11:25,Cloudy,-1,19,NaN,NaN,NaN,NaN,5257
20211110,2482,1.241,0,0,1006,11:00,Cloudy,-1,17,NaN,NaN,NaN,NaN,5310
20211109,2979,1.490,0,0,1179,11:10,Cloudy,-1,16,NaN,NaN,NaN,NaN,5363
20211110,2482,1.241,0,0,1006,11:00,Cloudy,-1,17,NaN,NaN,NaN,NaN,5310
20211109,2979,1.490,0,0,1179,11:10,Cloudy,-1,16,NaN,NaN,NaN,NaN,5363
20211108,461,0.230,0,0,146,09:35,Showers,-1,15,NaN,NaN,NaN,NaN,5416
20211107,5870,2.935,0,0,1112,12:00,Mostly Cloudy,-1,18,NaN,NaN,NaN,NaN,5469
20211106,6212,3.106,0,0,1133,11:45,Mostly Cloudy,-1,18,NaN,NaN,NaN,NaN,5523
20211105,6326,3.163,0,0,1149,11:45,Mostly Cloudy,-1,22,NaN,NaN,NaN,NaN,5578
20211104,6369,3.184,0,0,1172,11:50,Mostly Cloudy,-1,20,NaN,NaN,NaN,NaN,5632
20211103,341,0.170,0,0,162,10:25,Showers,-1,17,NaN,NaN,NaN,NaN,5687
20211102,6007,3.004,0,0,1227,11:45,Mostly Cloudy,-1,17,NaN,NaN,NaN,NaN,5741
20211101,154,0.077,0,0,82,09:55,Showers,-1,18,NaN,NaN,NaN,NaN,5796
20211031,1261,0.630,0,0,379,10:35,Showers,-1,18,NaN,NaN,NaN,NaN,5851
20211030,1216,0.608,0,0,333,11:20,Showers,-1,18,NaN,NaN,NaN,NaN,5907
20211029,5055,2.528,0,0,1110,13:10,Mostly Cloudy,-1,18,NaN,NaN,NaN,NaN,5962
20211028,6071,3.036,0,0,1117,12:45,Mostly Cloudy,-1,25,NaN,NaN,NaN,NaN,6017
20211027,6249,3.124,0,0,1137,12:55,Mostly Cloudy,-1,20,NaN,NaN,NaN,NaN,6072
20211026,5868,2.934,0,0,1116,12:55,Mostly Cloudy,-1,19,NaN,NaN,NaN,NaN,6127
20211025,2528,1.264,0,0,867,15:55,Cloudy,-1,18,NaN,NaN,NaN,NaN,6182
20211024,4867,2.434,0,0,1177,13:00,Cloudy,-1,20,NaN,NaN,NaN,NaN,6236
20211023,4245,2.122,0,0,1057,13:20,Cloudy,-1,22,NaN,NaN,NaN,NaN,6291
20211022,6213,3.106,0,0,1237,14:05,Mostly Cloudy,-1,23,NaN,NaN,NaN,NaN,6345
20211021,460,0.230,0,0,160,13:55,Showers,-1,20,NaN,NaN,NaN,NaN,6399
20211020,2210,1.105,0,0,1362,12:20,Cloudy,-1,20,NaN,NaN,NaN,NaN,6453
20211019,3807,1.904,0,0,961,13:15,Cloudy,-1,22,NaN,NaN,NaN,NaN,6506
20211018,6551,3.276,0,0,1178,12:50,Mostly Cloudy,-1,21,NaN,NaN,NaN,NaN,6559
20211017,7073,3.536,0,0,1218,12:50,Mostly Cloudy,-1,25,NaN,NaN,NaN,NaN,6612
20211016,7002,3.501,0,0,1209,13:20,Mostly Cloudy,-1,29,NaN,NaN,NaN,NaN,6664
20211015,6965,3.482,0,0,1204,13:00,Mostly Cloudy,-1,21,NaN,NaN,NaN,NaN,6716
20211014,6117,3.058,0,0,1491,12:50,Mostly Cloudy,-1,21,NaN,NaN,NaN,NaN,6768
20211013,7320,3.660,0,0,1271,13:15,Mostly Cloudy,-1,22,NaN,NaN,NaN,NaN,6819
20211012,6806,3.403,0,0,1337,11:45,Mostly Cloudy,-1,22,NaN,NaN,NaN,NaN,6869
20211011,7261,3.630,0,0,1283,13:05,Mostly Cloudy,-1,22,NaN,NaN,NaN,NaN,6919
20211010,7123,3.562,0,0,1271,12:35,Mostly Cloudy,-1,23,NaN,NaN,NaN,NaN,6969
20211009,5475,2.738,0,0,1574,13:15,Mostly Cloudy,-1,23,NaN,NaN,NaN,NaN,7017
20211008,5032,2.516,0,0,1624,12:55,Mostly Cloudy,-1,23,NaN,NaN,NaN,NaN,7066
20211007,4446,2.223,0,0,1460,11:45,Cloudy,-1,23,NaN,NaN,NaN,NaN,7113
20211006,1364,0.682,0,0,351,13:50,Showers,-1,21,NaN,NaN,NaN,NaN,7161
20211005,2300,1.150,0,0,1111,10:50,Cloudy,-1,24,NaN,NaN,NaN,NaN,7207
20211004,1145,0.572,0,0,584,11:10,Showers,-1,24,NaN,NaN,NaN,NaN,7253
20211003,1462,0.731,0,0,562,12:45,Showers,-1,25,NaN,NaN,NaN,NaN,7298
20211002,7017,3.508,0,0,1256,12:25,Mostly Cloudy,-1,26,NaN,NaN,NaN,NaN,8465
20211001,7711,3.856,0,0,1304,12:45,Mostly Cloudy,-1,27,NaN,NaN,NaN,NaN,8518
20210930,6754,3.377,0,0,1390,11:40,Mostly Cloudy,-1,28,NaN,NaN,NaN,NaN,8570
20210929,7438,3.719,0,0,1286,13:25,Mostly Cloudy,-1,29,NaN,NaN,NaN,NaN,8621
20210928,7293,3.646,0,0,1345,13:00,Mostly Cloudy,-1,28,NaN,NaN,NaN,NaN,8671
20210927,4802,2.401,0,0,1586,13:55,Cloudy,-1,27,NaN,NaN,NaN,NaN,8720
20210926,41,0.020,0,0,110,08:25,Showers,-1,27,NaN,NaN,NaN,NaN,8769
20210925,4428,2.214,0,0,1240,12:40,Cloudy,-1,33,NaN,NaN,NaN,NaN,8816
20210924,8009,4.004,0,0,1276,12:50,Partly Cloudy,-1,28,NaN,NaN,NaN,NaN,8863
20210923,6004,3.002,0,0,1443,13:05,Mostly Cloudy,-1,27,NaN,NaN,NaN,NaN,8909
20210922,7887,3.944,0,0,1503,13:20,Mostly Cloudy,-1,28,NaN,NaN,NaN,NaN,8954
20210921,8066,4.033,0,0,1417,11:25,Partly Cloudy,-1,27,NaN,NaN,NaN,NaN,8999
20210920,7754,3.877,0,0,1720,14:30,Mostly Cloudy,-1,35,NaN,NaN,NaN,NaN,9042
20210919,3918,1.959,0,0,1603,12:35,Cloudy,-1,28,NaN,NaN,NaN,NaN,9085
20210918,6121,3.060,0,0,1366,13:45,Mostly Cloudy,-1,30,NaN,NaN,NaN,NaN,9127
20210917,8064,4.032,0,0,1507,12:20,Partly Cloudy,-1,30,NaN,NaN,NaN,NaN,9167
20210916,2882,1.441,0,0,1219,15:35,Cloudy,-1,29,NaN,NaN,NaN,NaN,9208
20210915,3956,1.978,0,0,1163,15:10,Cloudy,-1,31,NaN,NaN,NaN,NaN,9247
20210914,5005,2.502,0,0,1156,11:50,Mostly Cloudy,-1,30,NaN,NaN,NaN,NaN,9285
20210913,8135,4.068,0,0,1291,13:15,Partly Cloudy,-1,33,NaN,NaN,NaN,NaN,9322
20210912,8460,4.230,0,0,1284,13:35,Partly Cloudy,-1,32,NaN,NaN,NaN,NaN,9359
20210911,8141,4.070,0,0,1298,13:20,Partly Cloudy,-1,32,NaN,NaN,NaN,NaN,9395
20210910,5725,2.862,0,0,1537,12:40,Mostly Cloudy,-1,31,NaN,NaN,NaN,NaN,9430
20210909,8207,4.104,0,0,1477,12:20,Partly Cloudy,-1,32,NaN,NaN,NaN,NaN,9464
20210908,8485,4.242,0,0,1459,11:50,Partly Cloudy,-1,35,NaN,NaN,NaN,NaN,9497
20210907,8064,4.032,0,0,1445,12:40,Partly Cloudy,-1,32,NaN,NaN,NaN,NaN,9529
20210906,9071,4.536,0,0,1393,12:40,Partly Cloudy,-1,32,NaN,NaN,NaN,NaN,9561
20210905,8924,4.462,0,0,1340,13:10,Partly Cloudy,-1,36,NaN,NaN,NaN,NaN,9592
20210904,9122,4.561,0,0,1428,13:15,Partly Cloudy,-1,32,NaN,NaN,NaN,NaN,9622
20210903,9088,4.544,0,0,1401,13:25,Partly Cloudy,-1,31,NaN,NaN,NaN,NaN,9651
20210902,9160,4.580,0,0,1438,12:55,Partly Cloudy,-1,31,NaN,NaN,NaN,NaN,9679
20210901,9367,4.684,0,0,1414,12:35,Partly Cloudy,-1,39,NaN,NaN,NaN,NaN,9707
20210831,7923,3.962,0,0,1864,13:05,Mostly Cloudy,-1,27,NaN,NaN,NaN,NaN,9734
20210830,8823,4.412,0,0,1767,11:30,Partly Cloudy,-1,31,NaN,NaN,NaN,NaN,9760
20210829,9806,4.903,0,0,1432,13:20,Partly Cloudy,-1,29,NaN,NaN,NaN,NaN,9785
20210828,9057,4.528,0,0,1681,12:35,Partly Cloudy,-1,38,NaN,NaN,NaN,NaN,9810
20210827,5657,2.828,0,0,1888,13:20,Mostly Cloudy,-1,28,NaN,NaN,NaN,NaN,9834
20210810,8310,4.155,0,0,1433,13:05,Partly Cloudy,-1,41,NaN,NaN,NaN,NaN,10148
20210809,9614,4.807,0,0,1528,13:15,Partly Cloudy,-1,34,NaN,NaN,NaN,NaN,10162
20210808,9401,4.700,0,0,1637,11:35,Partly Cloudy,-1,35,NaN,NaN,NaN,NaN,10176
20210807,6050,3.025,0,0,1804,12:20,Mostly Cloudy,-1,31,NaN,NaN,NaN,NaN,10189
20210806,10322,5.161,0,0,1438,12:35,Fine,-1,33,NaN,NaN,NaN,NaN,10202
20210805,10643,5.322,0,0,1516,14:10,Fine,-1,33,NaN,NaN,NaN,NaN,10214
20210804,2495,1.248,0,0,530,12:10,Cloudy,-1,29,NaN,NaN,NaN,NaN,10226
20210803,7085,3.542,0,0,1689,13:00,Mostly Cloudy,-1,30,NaN,NaN,NaN,NaN,10238
20210802,9819,4.910,0,0,1886,13:25,Partly Cloudy,-1,30,NaN,NaN,NaN,NaN,10249
20210801,4035,2.018,0,0,1827,12:40,Cloudy,-1,30,NaN,NaN,NaN,NaN,10260
20210731,7205,3.602,0,0,1597,11:45,Mostly Cloudy,-1,32,NaN,NaN,NaN,NaN,10271
20210730,8257,4.128,0,0,1627,13:35,Partly Cloudy,-1,33,NaN,NaN,NaN,NaN,10281
20210729,9924,4.962,0,0,1497,14:20,Partly Cloudy,-1,35,NaN,NaN,NaN,NaN,10291
20210728,6598,3.299,0,0,1639,12:40,Mostly Cloudy,-1,34,NaN,NaN,NaN,NaN,10301
20210727,6205,3.102,0,0,1855,13:05,Mostly Cloudy,-1,31,NaN,NaN,NaN,NaN,10311
20210726,4810,2.405,0,0,1715,14:55,Cloudy,-1,32,NaN,NaN,NaN,NaN,10320
20210725,6853,3.426,0,0,1780,12:30,Mostly Cloudy,-1,35,NaN,NaN,NaN,NaN,10330
20210724,8042,4.021,0,0,1545,13:10,Partly Cloudy,-1,36,NaN,NaN,NaN,NaN,10339
20210723,10064,5.032,0,0,1428,12:55,Fine,-1,34,NaN,NaN,NaN,NaN,10347
20210722,9470,4.735,0,0,1381,12:10,Partly Cloudy,-1,36,NaN,NaN,NaN,NaN,10356
20210721,10052,5.026,0,0,1394,13:10,Fine,-1,39,NaN,NaN,NaN,NaN,10364
20210720,10563,5.282,0,0,1438,13:05,Fine,-1,37,NaN,NaN,NaN,NaN,10373
20210719,10608,5.304,0,0,1421,13:15,Fine,-1,37,NaN,NaN,NaN,NaN,10381
20210718,8636,4.318,0,0,1798,13:55,Partly Cloudy,-1,33,NaN,NaN,NaN,NaN,10389
20210717,8551,4.276,0,0,1887,14:10,Partly Cloudy,-1,32,NaN,NaN,NaN,NaN,10397
20210716,8781,4.390,0,0,1703,14:40,Partly Cloudy,-1,30,NaN,NaN,NaN,NaN,10405
20210715,6729,3.364,0,0,1594,11:30,Mostly Cloudy,-1,30,NaN,NaN,NaN,NaN,10412
20210714,5059,2.530,0,0,1506,10:40,Mostly Cloudy,-1,30,NaN,NaN,NaN,NaN,10420
20210713,6801,3.400,0,0,1605,14:05,Mostly Cloudy,-1,31,NaN,NaN,NaN,NaN,10427
20210712,9335,4.668,0,0,1508,13:00,Partly Cloudy,-1,36,NaN,NaN,NaN,NaN,10435
20210711,10925,5.462,0,0,1463,13:35,Fine,-1,34,NaN,NaN,NaN,NaN,10442
20210710,10730,5.365,0,0,1446,13:10,Fine,-1,35,NaN,NaN,NaN,NaN,10449
20210709,11069,5.534,0,0,1486,13:35,Fine,-1,33,NaN,NaN,NaN,NaN,10456
20210708,6973,3.486,0,0,1678,13:05,Mostly Cloudy,-1,33,NaN,NaN,NaN,NaN,10463
20210707,8978,4.489,0,0,1565,13:40,Partly Cloudy,-1,36,NaN,NaN,NaN,NaN,10470
20210706,10141,5.070,0,0,1475,14:00,Fine,-1,36,NaN,NaN,NaN,NaN,10476
20210705,8511,4.256,0,0,1751,12:45,Partly Cloudy,-1,34,NaN,NaN,NaN,NaN,10483
20210704,2322,1.161,0,0,716,10:00,Cloudy,-1,28,NaN,NaN,NaN,NaN,10490
20210703,7225,3.612,0,0,1581,13:50,Mostly Cloudy,-1,33,NaN,NaN,NaN,NaN,10496
20210702,10704,5.352,0,0,1476,12:55,Fine,-1,34,NaN,NaN,NaN,NaN,10503
20210701,10749,5.374,0,0,1495,13:55,Fine,-1,34,NaN,NaN,NaN,NaN,10509
20210630,8580,4.290,0,0,1813,13:50,Partly Cloudy,-1,32,NaN,NaN,NaN,NaN,10515
20210629,9168,4.584,0,0,1624,12:10,Partly Cloudy,-1,34,NaN,NaN,NaN,NaN,10521
20210628,10407,5.204,0,0,1443,14:55,Fine,-1,38,NaN,NaN,NaN,NaN,10527
20210627,10056,5.028,0,0,1442,13:45,Fine,-1,34,NaN,NaN,NaN,NaN,10533
20210626,10704,5.352,0,0,1462,13:20,Fine,-1,34,NaN,NaN,NaN,NaN,10539
20210625,11123,5.562,0,0,1482,12:55,Fine,-1,34,NaN,NaN,NaN,NaN,10545
20210624,10462,5.231,0,0,1476,13:35,Fine,-1,34,NaN,NaN,NaN,NaN,10551
20210623,8417,4.208,0,0,1814,13:35,Partly Cloudy,-1,33,NaN,NaN,NaN,NaN,10556
20210622,9749,4.874,0,0,1577,11:25,Partly Cloudy,-1,36,NaN,NaN,NaN,NaN,10561
20210621,8847,4.424,0,0,1585,13:20,Partly Cloudy,-1,36,NaN,NaN,NaN,NaN,10566
20210620,6626,3.313,0,0,1416,14:00,Mostly Cloudy,-1,34,NaN,NaN,NaN,NaN,10572
20210619,8373,4.186,0,0,1488,12:50,Partly Cloudy,-1,35,NaN,NaN,NaN,NaN,10576
20210618,9766,4.883,0,0,1341,13:40,Partly Cloudy,-1,35,NaN,NaN,NaN,NaN,10581
20210617,8854,4.427,0,0,1567,12:00,Partly Cloudy,-1,37,NaN,NaN,NaN,NaN,10586
20210616,6948,3.474,0,0,1444,12:55,Mostly Cloudy,-1,34,NaN,NaN,NaN,NaN,10590
20210615,10881,5.440,0,0,1437,13:10,Fine,-1,34,NaN,NaN,NaN,NaN,10594
20210614,10731,5.366,0,0,1440,13:20,Fine,-1,36,NaN,NaN,NaN,NaN,10598
20210613,10806,5.403,0,0,1446,13:30,Fine,-1,36,NaN,NaN,NaN,NaN,10602
20210612,10516,5.258,0,0,1486,13:25,Fine,-1,35,NaN,NaN,NaN,NaN,10605
20210611,10261,5.130,0,0,1696,14:25,Fine,-1,29,NaN,NaN,NaN,NaN,10608
20210610,10487,5.244,0,0,1438,13:05,Fine,-1,34,NaN,NaN,NaN,NaN,10611
20210609,9613,4.806,0,0,1596,14:45,Partly Cloudy,-1,30,NaN,NaN,NaN,NaN,10614
20210608,6148,3.074,0,0,1768,11:15,Mostly Cloudy,-1,31,NaN,NaN,NaN,NaN,10616
20210607,6432,3.216,0,0,1916,12:40,Mostly Cloudy,-1,29,NaN,NaN,NaN,NaN,10618
20210606,10316,5.158,0,0,1566,14:05,Fine,-1,31,NaN,NaN,NaN,NaN,10620
20210605,5724,2.862,0,0,1483,13:05,Mostly Cloudy,-1,31,NaN,NaN,NaN,NaN,10621
20210604,9425,4.712,0,0,1796,13:25,Partly Cloudy,-1,32,NaN,NaN,NaN,NaN,10623
20210603,10784,5.392,0,0,1472,11:40,Fine,-1,31,NaN,NaN,NaN,NaN,10623
20210602,9571,4.786,0,0,1714,14:15,Partly Cloudy,-1,29,NaN,NaN,NaN,NaN,10624
20210601,10603,5.302,0,0,1575,12:20,Fine,-1,30,NaN,NaN,NaN,NaN,10623
20210531,10618,5.309,0,0,1583,13:10,Fine,-1,29,NaN,NaN,NaN,NaN,10623
20210530,11300,5.650,0,0,1710,12:15,Fine,-1,28,NaN,NaN,NaN,NaN,10622
20210529,10316,5.158,0,0,1678,12:40,Fine,-1,29,NaN,NaN,NaN,NaN,10621
20210613,10806,5.403,0,0,1446,13:30,Fine,-1,36,NaN,NaN,NaN,NaN,10602
20210612,10516,5.258,0,0,1486,13:25,Fine,-1,35,NaN,NaN,NaN,NaN,10605
20210611,10261,5.130,0,0,1696,14:25,Fine,-1,29,NaN,NaN,NaN,NaN,10608
20210610,10487,5.244,0,0,1438,13:05,Fine,-1,34,NaN,NaN,NaN,NaN,10611
20210609,9613,4.806,0,0,1596,14:45,Partly Cloudy,-1,30,NaN,NaN,NaN,NaN,10614
20210608,6148,3.074,0,0,1768,11:15,Mostly Cloudy,-1,31,NaN,NaN,NaN,NaN,10616
20210607,6432,3.216,0,0,1916,12:40,Mostly Cloudy,-1,29,NaN,NaN,NaN,NaN,10618
20210606,10316,5.158,0,0,1566,14:05,Fine,-1,31,NaN,NaN,NaN,NaN,10620
20210605,5724,2.862,0,0,1483,13:05,Mostly Cloudy,-1,31,NaN,NaN,NaN,NaN,10621
20210604,9425,4.712,0,0,1796,13:25,Partly Cloudy,-1,32,NaN,NaN,NaN,NaN,10623
20210603,10784,5.392,0,0,1472,11:40,Fine,-1,31,NaN,NaN,NaN,NaN,10623
20210602,9571,4.786,0,0,1714,14:15,Partly Cloudy,-1,29,NaN,NaN,NaN,NaN,10624
20210601,10603,5.302,0,0,1575,12:20,Fine,-1,30,NaN,NaN,NaN,NaN,10623
20210531,10618,5.309,0,0,1583,13:10,Fine,-1,29,NaN,NaN,NaN,NaN,10623
20210530,11300,5.650,0,0,1710,12:15,Fine,-1,28,NaN,NaN,NaN,NaN,10622
20210529,10316,5.158,0,0,1678,12:40,Fine,-1,29,NaN,NaN,NaN,NaN,10621
20210528,11045,5.522,0,0,1489,13:05,Fine,-1,29,NaN,NaN,NaN,NaN,10619
20210527,10336,5.168,0,0,1735,12:30,Fine,-1,29,NaN,NaN,NaN,NaN,10617
20210526,11140,5.570,0,0,1608,13:15,Fine,-1,27,NaN,NaN,NaN,NaN,10614
20210525,11496,5.748,0,0,1599,13:30,Fine,-1,27,NaN,NaN,NaN,NaN,10610
20210524,1531,0.766,0,0,405,12:00,Showers,-1,25,NaN,NaN,NaN,NaN,10607
20210523,10576,5.288,0,0,1623,12:45,Fine,-1,27,NaN,NaN,NaN,NaN,10602
20210522,6088,3.044,0,0,1786,12:10,Mostly Cloudy,-1,25,NaN,NaN,NaN,NaN,10597
20210521,9194,4.597,0,0,1623,13:15,Partly Cloudy,-1,26,NaN,NaN,NaN,NaN,10592
20210520,11192,5.596,0,0,1538,13:20,Fine,-1,27,NaN,NaN,NaN,NaN,10586
20210519,10843,5.422,0,0,1542,12:35,Fine,-1,28,NaN,NaN,NaN,NaN,10579
20210518,10148,5.074,0,0,1926,14:35,Fine,-1,26,NaN,NaN,NaN,NaN,10572
20210517,10647,5.324,0,0,1913,13:35,Fine,-1,27,NaN,NaN,NaN,NaN,10564
20210516,2830,1.415,0,0,1001,10:40,Cloudy,-1,24,NaN,NaN,NaN,NaN,10555
20210515,6731,3.366,0,0,1486,14:40,Mostly Cloudy,-1,23,NaN,NaN,NaN,NaN,10546
20210514,7813,3.906,0,0,1862,12:50,Mostly Cloudy,-1,26,NaN,NaN,NaN,NaN,10536
20210513,8820,4.410,0,0,1956,11:30,Partly Cloudy,-1,26,NaN,NaN,NaN,NaN,10526
20210512,9946,4.973,0,0,1742,10:55,Partly Cloudy,-1,26,NaN,NaN,NaN,NaN,10514
20210511,1292,0.646,0,0,256,11:50,Showers,-1,23,NaN,NaN,NaN,NaN,10502
20210510,5650,2.825,0,0,1647,11:20,Mostly Cloudy,-1,29,NaN,NaN,NaN,NaN,10490
20210509,8994,4.497,0,0,1657,13:55,Partly Cloudy,-1,26,NaN,NaN,NaN,NaN,10476
20210508,10682,5.341,0,0,1531,13:50,Fine,-1,26,NaN,NaN,NaN,NaN,10462
20210507,10056,5.028,0,0,1651,11:50,Fine,-1,27,NaN,NaN,NaN,NaN,10447
20210506,7226,3.613,0,0,1801,12:25,Mostly Cloudy,-1,24,NaN,NaN,NaN,NaN,10431
20210505,7188,3.594,0,0,1998,13:25,Mostly Cloudy,-1,27,NaN,NaN,NaN,NaN,10414
20210504,10122,5.061,0,0,1576,12:00,Fine,-1,24,NaN,NaN,NaN,NaN,10397
20210503,10654,5.327,0,0,1768,13:35,Fine,-1,25,NaN,NaN,NaN,NaN,10378
20210502,9705,4.852,0,0,1722,15:10,Partly Cloudy,-1,24,NaN,NaN,NaN,NaN,10359
20210501,2601,1.300,0,0,834,13:00,Cloudy,-1,21,NaN,NaN,NaN,NaN,10340
20210430,4256,2.128,0,0,1943,13:45,Cloudy,-1,23,NaN,NaN,NaN,NaN,10319
20210429,1166,0.583,0,0,354,09:05,Showers,-1,21,NaN,NaN,NaN,NaN,10297
20210428,6176,3.088,0,0,1245,11:45,Mostly Cloudy,-1,23,NaN,NaN,NaN,NaN,10275
20210427,4194,2.097,0,0,917,14:15,Cloudy,-1,20,NaN,NaN,NaN,NaN,10251
20210426,3165,1.582,0,0,686,14:00,Cloudy,-1,21,NaN,NaN,NaN,NaN,10227
20210425,9747,4.874,0,0,1495,12:55,Partly Cloudy,-1,27,NaN,NaN,NaN,NaN,10202
20210424,10025,5.012,0,0,1463,13:30,Fine,-1,26,NaN,NaN,NaN,NaN,10176
20210423,9225,4.612,0,0,1641,13:35,Partly Cloudy,-1,25,NaN,NaN,NaN,NaN,10149
20210422,8513,4.256,0,0,1681,12:25,Partly Cloudy,-1,23,NaN,NaN,NaN,NaN,10121
20210421,8952,4.476,0,0,1629,12:45,Partly Cloudy,-1,23,NaN,NaN,NaN,NaN,10093
20210420,2109,1.054,0,0,926,16:45,Cloudy,-1,27,NaN,NaN,NaN,NaN,10063
20190702,3022,1.511,0,0,1493,12:15,Mostly Cloudy,-1,-1,NaN,NaN,NaN,NaN,10724
20190701,9571,4.786,0,0,1447,13:10,Partly Cloudy,-1,-1,NaN,NaN,NaN,NaN,10730
20190630,11154,5.577,0,0,1461,13:35,Fine,-1,37,NaN,NaN,NaN,NaN,10737
20190629,11189,5.594,0,0,1492,13:25,Fine,-1,37,NaN,NaN,NaN,NaN,10743
20190628,10822,5.411,0,0,1463,12:45,Fine,-1,39,NaN,NaN,NaN,NaN,10749
20190627,10943,5.472,0,0,1450,12:50,Fine,-1,41,NaN,NaN,NaN,NaN,10755
20190626,10580,5.290,0,0,1407,12:55,Fine,-1,38,NaN,NaN,NaN,NaN,10761
20190625,11155,5.578,0,0,1444,13:00,Fine,-1,36,NaN,NaN,NaN,NaN,10767
20190624,11491,5.746,0,0,1530,12:55,Fine,-1,34,NaN,NaN,NaN,NaN,10772
20190623,11699,5.850,0,0,1555,13:05,Fine,-1,32,NaN,NaN,NaN,NaN,10778
20190622,4295,2.148,0,0,1712,15:25,Cloudy,-1,31,NaN,NaN,NaN,NaN,10783
20190621,9693,4.846,0,0,1583,13:50,Partly Cloudy,-1,33,NaN,NaN,NaN,NaN,10788
20190620,11322,5.661,0,0,1594,13:55,Fine,-1,35,NaN,NaN,NaN,NaN,10793
20190619,11180,5.590,0,0,1485,12:50,Fine,-1,36,NaN,NaN,NaN,NaN,10798
20190618,11137,5.568,0,0,1507,14:05,Fine,-1,36,NaN,NaN,NaN,NaN,10803
20190617,11500,5.750,0,0,1624,13:45,Fine,-1,34,NaN,NaN,NaN,NaN,10807
20190616,11861,5.930,0,0,1545,13:00,Fine,-1,34,NaN,NaN,NaN,NaN,10812
20190615,9910,4.955,0,0,1618,14:00,Partly Cloudy,-1,34,NaN,NaN,NaN,NaN,10816
20190614,10129,5.064,0,0,1598,13:10,Fine,-1,33,NaN,NaN,NaN,NaN,10820
20190613,12163,6.082,0,0,1641,13:20,Fine,-1,30,NaN,NaN,NaN,NaN,10823
20190612,10564,5.282,0,0,1656,13:20,Fine,-1,32,NaN,NaN,NaN,NaN,10827
20190611,8868,4.434,0,0,1914,12:45,Partly Cloudy,-1,33,NaN,NaN,NaN,NaN,10830
20190610,7239,3.620,0,0,1608,12:30,Mostly Cloudy,-1,31,NaN,NaN,NaN,NaN,10833
20190609,6974,3.487,0,0,1660,13:05,Mostly Cloudy,-1,31,NaN,NaN,NaN,NaN,10835
20190608,11189,5.594,0,0,1599,12:30,Fine,-1,33,NaN,NaN,NaN,NaN,10838
20190607,9233,4.616,0,0,1736,15:40,Partly Cloudy,-1,31,NaN,NaN,NaN,NaN,10839
20190606,8264,4.132,0,0,2085,11:40,Partly Cloudy,-1,32,NaN,NaN,NaN,NaN,10841
20190605,11252,5.626,0,0,1490,13:20,Fine,-1,34,NaN,NaN,NaN,NaN,10842
20190604,11414,5.707,0,0,1512,13:20,Fine,-1,34,NaN,NaN,NaN,NaN,10843
20190603,11647,5.824,0,0,1550,12:45,Fine,-1,33,NaN,NaN,NaN,NaN,10844
20190602,11727,5.864,0,0,1543,12:55,Fine,-1,33,NaN,NaN,NaN,NaN,10844
20190601,11959,5.980,0,0,1590,12:45,Fine,-1,32,NaN,NaN,NaN,NaN,10844
20190531,12247,6.124,0,0,1628,13:10,Fine,-1,29,NaN,NaN,NaN,NaN,10843
20190530,12506,6.253,0,0,1684,12:55,Fine,-1,28,NaN,NaN,NaN,NaN,10842
20190529,8303,4.152,0,0,1690,14:55,Partly Cloudy,-1,25,NaN,NaN,NaN,NaN,10840
20190528,5802,2.901,0,0,1726,11:15,Mostly Cloudy,-1,24,NaN,NaN,NaN,NaN,10838
20190527,2113,1.056,0,0,388,15:30,Cloudy,-1,23,NaN,NaN,NaN,NaN,10835
20190526,8309,4.154,0,0,1742,15:00,Partly Cloudy,-1,27,NaN,NaN,NaN,NaN,10832
20190525,7148,3.574,0,0,1749,13:35,Mostly Cloudy,-1,28,NaN,NaN,NaN,NaN,10828
20190524,10497,5.248,0,0,1591,13:15,Fine,-1,30,NaN,NaN,NaN,NaN,10824
20190523,11866,5.933,0,0,1673,12:25,Fine,-1,29,NaN,NaN,NaN,NaN,10819
20190522,11501,5.750,0,0,2085,12:40,Fine,-1,26,NaN,NaN,NaN,NaN,10814
20190521,11990,5.995,0,0,1708,13:05,Fine,-1,28,NaN,NaN,NaN,NaN,10808
20190520,2951,1.476,0,0,584,15:20,Cloudy,-1,23,NaN,NaN,NaN,NaN,10802
20190519,3395,1.698,0,0,712,13:30,Cloudy,-1,21,NaN,NaN,NaN,NaN,10795
20190518,3333,1.666,0,0,1747,15:30,Cloudy,-1,23,NaN,NaN,NaN,NaN,10787
20190517,7909,3.954,0,0,1482,12:00,Mostly Cloudy,-1,26,NaN,NaN,NaN,NaN,10778
20190516,11317,5.658,0,0,1907,13:05,Fine,-1,27,NaN,NaN,NaN,NaN,10769
20190515,10275,5.138,0,0,2085,14:45,Fine,-1,21,NaN,NaN,NaN,NaN,10760
20190514,10573,5.286,0,0,1848,11:15,Fine,-1,24,NaN,NaN,NaN,NaN,10749
20190513,8329,4.164,0,0,2085,12:05,Partly Cloudy,-1,24,NaN,NaN,NaN,NaN,10738
20190512,6089,3.044,0,0,1531,15:25,Mostly Cloudy,-1,22,NaN,NaN,NaN,NaN,10726
20190511,4470,2.235,0,0,1989,13:45,Cloudy,-1,27,NaN,NaN,NaN,NaN,10713
20190510,10941,5.470,0,0,1897,12:25,Fine,-1,27,NaN,NaN,NaN,NaN,10700
20190509,11032,5.516,0,0,1952,13:30,Fine,-1,24,NaN,NaN,NaN,NaN,10686
20190508,1560,0.780,0,0,242,14:55,Showers,-1,21,NaN,NaN,NaN,NaN,10670
20190507,10507,5.254,0,0,1967,13:05,Fine,-1,24,NaN,NaN,NaN,NaN,10655
20190506,12408,6.204,0,0,1712,13:25,Fine,-1,23,NaN,NaN,NaN,NaN,10638
20190505,4129,2.064,0,0,818,15:10,Cloudy,-1,20,NaN,NaN,NaN,NaN,10621
20190504,7506,3.753,0,0,2084,12:15,Mostly Cloudy,-1,23,NaN,NaN,NaN,NaN,10603
20190503,5357,2.678,0,0,1866,12:55,Mostly Cloudy,-1,23,NaN,NaN,NaN,NaN,10583
20190502,9763,4.882,0,0,1747,13:20,Partly Cloudy,-1,27,NaN,NaN,NaN,NaN,10564
20190501,11593,5.796,0,0,1618,13:25,Fine,-1,27,NaN,NaN,NaN,NaN,10543
20190430,11984,5.992,0,0,1721,12:55,Fine,-1,26,NaN,NaN,NaN,NaN,10521
20190429,9369,4.684,0,0,2048,11:40,Partly Cloudy,-1,22,NaN,NaN,NaN,NaN,10499
20190428,12211,6.106,0,0,1738,12:45,Fine,-1,22,NaN,NaN,NaN,NaN,10475
20190427,10634,5.317,0,0,1957,13:20,Fine,-1,25,NaN,NaN,NaN,NaN,10451
20190426,8002,4.001,0,0,1972,12:30,Partly Cloudy,-1,21,NaN,NaN,NaN,NaN,10426
20190425,3360,1.680,0,0,824,10:50,Cloudy,-1,22,NaN,NaN,NaN,NaN,10400
20190424,3182,1.591,0,0,1439,11:05,Cloudy,-1,22,NaN,NaN,NaN,NaN,10373
20190423,1303,0.652,0,0,415,12:10,Showers,-1,21,NaN,NaN,NaN,NaN,10345
20190422,7253,3.626,0,0,1612,12:40,Mostly Cloudy,-1,26,NaN,NaN,NaN,NaN,10316
20190421,9132,4.566,0,0,1640,13:50,Partly Cloudy,-1,26,NaN,NaN,NaN,NaN,10286
20190420,11088,5.544,0,0,1578,13:00,Fine,-1,28,NaN,NaN,NaN,NaN,10256
20190419,10810,5.405,0,0,1573,13:15,Fine,-1,26,NaN,NaN,NaN,NaN,10224
20190418,10649,5.324,0,0,1682,13:15,Fine,-1,26,NaN,NaN,NaN,NaN,10191
20190417,11015,5.508,0,0,1561,13:50,Fine,-1,27,NaN,NaN,NaN,NaN,10158
20190416,8786,4.393,0,0,1825,12:55,Partly Cloudy,-1,23,NaN,NaN,NaN,NaN,10124
20190415,11224,5.612,0,0,1739,12:50,Fine,-1,22,NaN,NaN,NaN,NaN,10088
20190414,2456,1.228,0,0,630,14:50,Cloudy,-1,17,NaN,NaN,NaN,NaN,10052
20190413,7794,3.897,0,0,1874,13:20,Mostly Cloudy,-1,22,NaN,NaN,NaN,NaN,10015
20190227,8006,4.003,0,0,1356,12:20,Partly Cloudy,-1,21,NaN,NaN,NaN,NaN,6389
20190226,6633,3.316,0,0,1599,14:00,Mostly Cloudy,-1,19,NaN,NaN,NaN,NaN,6332
20190225,7769,3.884,0,0,1324,12:30,Mostly Cloudy,-1,16,NaN,NaN,NaN,NaN,6274
20190224,7001,3.500,0,0,1565,13:15,Mostly Cloudy,-1,13,NaN,NaN,NaN,NaN,6217
20190223,3736,1.868,0,0,1316,14:50,Cloudy,-1,14,NaN,NaN,NaN,NaN,6159
20190222,7523,3.762,0,0,1306,12:05,Mostly Cloudy,-1,18,NaN,NaN,NaN,NaN,6102
20190221,6720,3.360,0,0,1226,12:25,Mostly Cloudy,-1,17,NaN,NaN,NaN,NaN,6045
20190220,4894,2.447,0,0,1242,12:35,Cloudy,-1,15,NaN,NaN,NaN,NaN,5989
20190219,7151,3.576,0,0,1276,12:25,Mostly Cloudy,-1,17,NaN,NaN,NaN,NaN,5932
20190218,7257,3.628,0,0,1286,12:35,Mostly Cloudy,-1,17,NaN,NaN,NaN,NaN,5876
20190217,7182,3.591,0,0,1293,12:45,Mostly Cloudy,-1,19,NaN,NaN,NaN,NaN,5820
20190216,6834,3.417,0,0,1254,12:10,Mostly Cloudy,-1,17,NaN,NaN,NaN,NaN,5764
20190215,7203,3.602,0,0,1284,12:20,Mostly Cloudy,-1,15,NaN,NaN,NaN,NaN,5709
20190214,7238,3.619,0,0,1354,12:25,Mostly Cloudy,-1,15,NaN,NaN,NaN,NaN,5654
20190702,3022,1.511,0,0,1493,12:15,Mostly Cloudy,-1,-1,NaN,NaN,NaN,NaN,10724
20190701,9571,4.786,0,0,1447,13:10,Partly Cloudy,-1,-1,NaN,NaN,NaN,NaN,10730
20190630,11154,5.577,0,0,1461,13:35,Fine,-1,37,NaN,NaN,NaN,NaN,10737
20190629,11189,5.594,0,0,1492,13:25,Fine,-1,37,NaN,NaN,NaN,NaN,10743
20190628,10822,5.411,0,0,1463,12:45,Fine,-1,39,NaN,NaN,NaN,NaN,10749
20190627,10943,5.472,0,0,1450,12:50,Fine,-1,41,NaN,NaN,NaN,NaN,10755
20190626,10580,5.290,0,0,1407,12:55,Fine,-1,38,NaN,NaN,NaN,NaN,10761
20190625,11155,5.578,0,0,1444,13:00,Fine,-1,36,NaN,NaN,NaN,NaN,10767
20190624,11491,5.746,0,0,1530,12:55,Fine,-1,34,NaN,NaN,NaN,NaN,10772
20190623,11699,5.850,0,0,1555,13:05,Fine,-1,32,NaN,NaN,NaN,NaN,10778
20190622,4295,2.148,0,0,1712,15:25,Cloudy,-1,31,NaN,NaN,NaN,NaN,10783
20190621,9693,4.846,0,0,1583,13:50,Partly Cloudy,-1,33,NaN,NaN,NaN,NaN,10788
20190620,11322,5.661,0,0,1594,13:55,Fine,-1,35,NaN,NaN,NaN,NaN,10793
20190619,11180,5.590,0,0,1485,12:50,Fine,-1,36,NaN,NaN,NaN,NaN,10798
20190618,11137,5.568,0,0,1507,14:05,Fine,-1,36,NaN,NaN,NaN,NaN,10803
20190617,11500,5.750,0,0,1624,13:45,Fine,-1,34,NaN,NaN,NaN,NaN,10807
20190616,11861,5.930,0,0,1545,13:00,Fine,-1,34,NaN,NaN,NaN,NaN,10812
20190615,9910,4.955,0,0,1618,14:00,Partly Cloudy,-1,34,NaN,NaN,NaN,NaN,10816
20190614,10129,5.064,0,0,1598,13:10,Fine,-1,33,NaN,NaN,NaN,NaN,10820
20190613,12163,6.082,0,0,1641,13:20,Fine,-1,30,NaN,NaN,NaN,NaN,10823
20190612,10564,5.282,0,0,1656,13:20,Fine,-1,32,NaN,NaN,NaN,NaN,10827
20190611,8868,4.434,0,0,1914,12:45,Partly Cloudy,-1,33,NaN,NaN,NaN,NaN,10830
20190610,7239,3.620,0,0,1608,12:30,Mostly Cloudy,-1,31,NaN,NaN,NaN,NaN,10833
20190609,6974,3.487,0,0,1660,13:05,Mostly Cloudy,-1,31,NaN,NaN,NaN,NaN,10835
20190608,11189,5.594,0,0,1599,12:30,Fine,-1,33,NaN,NaN,NaN,NaN,10838
20190607,9233,4.616,0,0,1736,15:40,Partly Cloudy,-1,31,NaN,NaN,NaN,NaN,10839
20190606,8264,4.132,0,0,2085,11:40,Partly Cloudy,-1,32,NaN,NaN,NaN,NaN,10841
20190605,11252,5.626,0,0,1490,13:20,Fine,-1,34,NaN,NaN,NaN,NaN,10842
20190604,11414,5.707,0,0,1512,13:20,Fine,-1,34,NaN,NaN,NaN,NaN,10843
20190603,11647,5.824,0,0,1550,12:45,Fine,-1,33,NaN,NaN,NaN,NaN,10844
20190602,11727,5.864,0,0,1543,12:55,Fine,-1,33,NaN,NaN,NaN,NaN,10844
20190601,11959,5.980,0,0,1590,12:45,Fine,-1,32,NaN,NaN,NaN,NaN,10844
20190531,12247,6.124,0,0,1628,13:10,Fine,-1,29,NaN,NaN,NaN,NaN,10843
20190530,12506,6.253,0,0,1684,12:55,Fine,-1,28,NaN,NaN,NaN,NaN,10842
20190529,8303,4.152,0,0,1690,14:55,Partly Cloudy,-1,25,NaN,NaN,NaN,NaN,10840
20190528,5802,2.901,0,0,1726,11:15,Mostly Cloudy,-1,24,NaN,NaN,NaN,NaN,10838
20190527,2113,1.056,0,0,388,15:30,Cloudy,-1,23,NaN,NaN,NaN,NaN,10835
20190526,8309,4.154,0,0,1742,15:00,Partly Cloudy,-1,27,NaN,NaN,NaN,NaN,10832
20190525,7148,3.574,0,0,1749,13:35,Mostly Cloudy,-1,28,NaN,NaN,NaN,NaN,10828
20190524,10497,5.248,0,0,1591,13:15,Fine,-1,30,NaN,NaN,NaN,NaN,10824
20190523,11866,5.933,0,0,1673,12:25,Fine,-1,29,NaN,NaN,NaN,NaN,10819
20190522,11501,5.750,0,0,2085,12:40,Fine,-1,26,NaN,NaN,NaN,NaN,10814
20190521,11990,5.995,0,0,1708,13:05,Fine,-1,28,NaN,NaN,NaN,NaN,10808
20190520,2951,1.476,0,0,584,15:20,Cloudy,-1,23,NaN,NaN,NaN,NaN,10802
20190519,3395,1.698,0,0,712,13:30,Cloudy,-1,21,NaN,NaN,NaN,NaN,10795
20190518,3333,1.666,0,0,1747,15:30,Cloudy,-1,23,NaN,NaN,NaN,NaN,10787
20190517,7909,3.954,0,0,1482,12:00,Mostly Cloudy,-1,26,NaN,NaN,NaN,NaN,10778
20190516,11317,5.658,0,0,1907,13:05,Fine,-1,27,NaN,NaN,NaN,NaN,10769
20190515,10275,5.138,0,0,2085,14:45,Fine,-1,21,NaN,NaN,NaN,NaN,10760
20190514,10573,5.286,0,0,1848,11:15,Fine,-1,24,NaN,NaN,NaN,NaN,10749
20190513,8329,4.164,0,0,2085,12:05,Partly Cloudy,-1,24,NaN,NaN,NaN,NaN,10738
20190512,6089,3.044,0,0,1531,15:25,Mostly Cloudy,-1,22,NaN,NaN,NaN,NaN,10726
20190511,4470,2.235,0,0,1989,13:45,Cloudy,-1,27,NaN,NaN,NaN,NaN,10713
20190510,10941,5.470,0,0,1897,12:25,Fine,-1,27,NaN,NaN,NaN,NaN,10700
20190509,11032,5.516,0,0,1952,13:30,Fine,-1,24,NaN,NaN,NaN,NaN,10686
20190508,1560,0.780,0,0,242,14:55,Showers,-1,21,NaN,NaN,NaN,NaN,10670
20190507,10507,5.254,0,0,1967,13:05,Fine,-1,24,NaN,NaN,NaN,NaN,10655
20190506,12408,6.204,0,0,1712,13:25,Fine,-1,23,NaN,NaN,NaN,NaN,10638
20190505,4129,2.064,0,0,818,15:10,Cloudy,-1,20,NaN,NaN,NaN,NaN,10621
20190504,7506,3.753,0,0,2084,12:15,Mostly Cloudy,-1,23,NaN,NaN,NaN,NaN,10603
20190503,5357,2.678,0,0,1866,12:55,Mostly Cloudy,-1,23,NaN,NaN,NaN,NaN,10583
20190502,9763,4.882,0,0,1747,13:20,Partly Cloudy,-1,27,NaN,NaN,NaN,NaN,10564
20190501,11593,5.796,0,0,1618,13:25,Fine,-1,27,NaN,NaN,NaN,NaN,10543
20190430,11984,5.992,0,0,1721,12:55,Fine,-1,26,NaN,NaN,NaN,NaN,10521
20190429,9369,4.684,0,0,2048,11:40,Partly Cloudy,-1,22,NaN,NaN,NaN,NaN,10499
20190428,12211,6.106,0,0,1738,12:45,Fine,-1,22,NaN,NaN,NaN,NaN,10475
20190427,10634,5.317,0,0,1957,13:20,Fine,-1,25,NaN,NaN,NaN,NaN,10451
20190426,8002,4.001,0,0,1972,12:30,Partly Cloudy,-1,21,NaN,NaN,NaN,NaN,10426
20190425,3360,1.680,0,0,824,10:50,Cloudy,-1,22,NaN,NaN,NaN,NaN,10400
20190424,3182,1.591,0,0,1439,11:05,Cloudy,-1,22,NaN,NaN,NaN,NaN,10373
20190423,1303,0.652,0,0,415,12:10,Showers,-1,21,NaN,NaN,NaN,NaN,10345
20190422,7253,3.626,0,0,1612,12:40,Mostly Cloudy,-1,26,NaN,NaN,NaN,NaN,10316
20190421,9132,4.566,0,0,1640,13:50,Partly Cloudy,-1,26,NaN,NaN,NaN,NaN,10286
20190420,11088,5.544,0,0,1578,13:00,Fine,-1,28,NaN,NaN,NaN,NaN,10256
20190419,10810,5.405,0,0,1573,13:15,Fine,-1,26,NaN,NaN,NaN,NaN,10224
20190418,10649,5.324,0,0,1682,13:15,Fine,-1,26,NaN,NaN,NaN,NaN,10191
20190417,11015,5.508,0,0,1561,13:50,Fine,-1,27,NaN,NaN,NaN,NaN,10158
20190416,8786,4.393,0,0,1825,12:55,Partly Cloudy,-1,23,NaN,NaN,NaN,NaN,10124
20190415,11224,5.612,0,0,1739,12:50,Fine,-1,22,NaN,NaN,NaN,NaN,10088
20190414,2456,1.228,0,0,630,14:50,Cloudy,-1,17,NaN,NaN,NaN,NaN,10052
20190413,7794,3.897,0,0,1874,13:20,Mostly Cloudy,-1,22,NaN,NaN,NaN,NaN,10015
20190227,8006,4.003,0,0,1356,12:20,Partly Cloudy,-1,21,NaN,NaN,NaN,NaN,6389
20190226,6633,3.316,0,0,1599,14:00,Mostly Cloudy,-1,19,NaN,NaN,NaN,NaN,6332
20190225,7769,3.884,0,0,1324,12:30,Mostly Cloudy,-1,16,NaN,NaN,NaN,NaN,6274
20190224,7001,3.500,0,0,1565,13:15,Mostly Cloudy,-1,13,NaN,NaN,NaN,NaN,6217
20190223,3736,1.868,0,0,1316,14:50,Cloudy,-1,14,NaN,NaN,NaN,NaN,6159
20190222,7523,3.762,0,0,1306,12:05,Mostly Cloudy,-1,18,NaN,NaN,NaN,NaN,6102
20190221,6720,3.360,0,0,1226,12:25,Mostly Cloudy,-1,17,NaN,NaN,NaN,NaN,6045
20190220,4894,2.447,0,0,1242,12:35,Cloudy,-1,15,NaN,NaN,NaN,NaN,5989
20190219,7151,3.576,0,0,1276,12:25,Mostly Cloudy,-1,17,NaN,NaN,NaN,NaN,5932
20190218,7257,3.628,0,0,1286,12:35,Mostly Cloudy,-1,17,NaN,NaN,NaN,NaN,5876
20190217,7182,3.591,0,0,1293,12:45,Mostly Cloudy,-1,19,NaN,NaN,NaN,NaN,5820
20190216,6834,3.417,0,0,1254,12:10,Mostly Cloudy,-1,17,NaN,NaN,NaN,NaN,5764
20190215,7203,3.602,0,0,1284,12:20,Mostly Cloudy,-1,15,NaN,NaN,NaN,NaN,5709
20190214,7238,3.619,0,0,1354,12:25,Mostly Cloudy,-1,15,NaN,NaN,NaN,NaN,5654
20190213,7026,3.513,0,0,1349,11:35,Mostly Cloudy,-1,15,NaN,NaN,NaN,NaN,5600
20190212,7523,3.762,0,0,1371,12:40,Mostly Cloudy,-1,15,NaN,NaN,NaN,NaN,5546
20190211,7472,3.736,0,0,1466,14:10,Mostly Cloudy,-1,13,NaN,NaN,NaN,NaN,5492
20190210,225,0.112,0,0,93,11:50,Showers,-1,14,NaN,NaN,NaN,NaN,5439
20190209,5723,2.862,0,0,1195,12:20,Mostly Cloudy,-1,12,NaN,NaN,NaN,NaN,5387
20190208,6464,3.232,0,0,1258,12:30,Mostly Cloudy,-1,12,NaN,NaN,NaN,NaN,5335
20190207,2795,1.398,0,0,837,11:35,Cloudy,-1,10,NaN,NaN,NaN,NaN,5284
20190206,7063,3.532,0,0,1284,12:15,Mostly Cloudy,-1,11,NaN,NaN,NaN,NaN,5233
20190202,659,0.330,0,0,543,11:45,Showers,-1,11,NaN,NaN,NaN,NaN,5038
20190201,33,0.016,0,0,29,12:15,Showers,-1,9,NaN,NaN,NaN,NaN,0
20190131,1457,0.728,0,0,494,12:20,Showers,-1,11,NaN,NaN,NaN,NaN,0
20190130,1664,0.832,0,0,635,13:00,Showers,-1,9,NaN,NaN,NaN,NaN,0
20190129,3514,1.757,0,0,1228,12:25,Mostly Cloudy,-1,-1,NaN,NaN,NaN,NaN,0
20190127,220,0.110,0,0,75,13:05,Showers,-1,-1,NaN,NaN,NaN,NaN,0
20190126,3665,1.832,0,0,1202,11:35,Cloudy,-1,9,NaN,NaN,NaN,NaN,0
20181208,5501,2.750,0,0,1088,12:00,Mostly Cloudy,11,24,NaN,NaN,NaN,NaN,0
20181207,2371,1.186,0,0,958,13:05,Cloudy,11,18,NaN,NaN,NaN,NaN,0
20181206,2544,1.272,0,0,874,12:15,Cloudy,11,19,NaN,NaN,NaN,NaN,0
20181205,4601,2.300,0,0,1063,10:45,Cloudy,9,18,NaN,NaN,NaN,NaN,0
20181204,4990,2.495,0,0,1014,11:25,Mostly Cloudy,9,19,NaN,NaN,NaN,NaN,0
20181203,3683,1.842,0,0,876,12:05,Cloudy,8,17,NaN,NaN,NaN,NaN,0
20181202,1643,0.822,0,0,1320,10:55,Showers,9,14,NaN,NaN,NaN,NaN,0
20181201,4033,2.016,0,0,928,12:20,Cloudy,7,16,NaN,NaN,NaN,NaN,0
20181130,2142,1.071,0,0,989,13:50,Cloudy,8,14,NaN,NaN,NaN,NaN,0
20181129,3129,1.564,0,0,886,11:55,Cloudy,9,17,NaN,NaN,NaN,NaN,0
20181128,5500,2.750,0,0,1085,12:00,Mostly Cloudy,9,21,NaN,NaN,NaN,NaN,0
20181117,4415,2.208,0,0,1260,11:00,Cloudy,14,24,NaN,NaN,NaN,NaN,5123
20181116,1708,0.854,0,0,806,10:10,Showers,16,21,NaN,NaN,NaN,NaN,5174
20181115,1068,0.534,0,0,243,12:55,Showers,17,20,NaN,NaN,NaN,NaN,5225
20181114,4813,2.406,0,0,1068,11:20,Mostly Cloudy,17,26,NaN,NaN,NaN,NaN,5277
20181113,2446,1.223,0,0,803,13:15,Cloudy,17,23,NaN,NaN,NaN,NaN,5329
20181107,121,0.060,0,0,190,08:55,Showers,18,20,NaN,NaN,NaN,NaN,5655
20181106,2996,1.498,0,0,1619,11:45,Cloudy,17,27,NaN,NaN,NaN,NaN,5711
20181105,1223,0.612,0,0,610,14:20,Showers,18,23,NaN,NaN,NaN,NaN,5767
20181104,1866,0.933,0,0,406,12:25,Showers,16,21,NaN,NaN,NaN,NaN,5823
20181103,1987,0.994,0,0,NaN,NaN,Showers,20,20,NaN,NaN,NaN,NaN,5880
20181031,236,0.118,0,0,202,10:15,Showers,17,19,NaN,NaN,NaN,NaN,6050
20181029,31,0.016,0,0,113,15:00,Showers,18,20,NaN,NaN,NaN,NaN,6163
20181028,543,0.272,0,0,386,13:20,Showers,19,22,NaN,NaN,NaN,NaN,6220
20181027,662,0.331,0,0,203,12:50,Showers,19,22,NaN,NaN,NaN,NaN,6277
20181026,1195,0.598,0,0,308,12:15,Showers,20,24,NaN,NaN,NaN,NaN,6334
20181022,7396,3.698,0,0,1295,12:40,Mostly Cloudy,16,30,NaN,NaN,NaN,NaN,6558
20181021,4798,2.399,0,0,1101,13:20,Cloudy,19,29,NaN,NaN,NaN,NaN,6614
20181020,5691,2.846,0,0,1076,13:40,Mostly Cloudy,19,31,NaN,NaN,NaN,NaN,6669
20181019,6120,3.060,0,0,1135,12:25,Mostly Cloudy,18,32,NaN,NaN,NaN,NaN,6724
20181018,6306,3.153,0,0,1201,14:05,Mostly Cloudy,18,32,NaN,NaN,NaN,NaN,6779
20181017,2860,1.430,0,0,521,11:00,Cloudy,19,26,NaN,NaN,NaN,NaN,6833
20181016,6000,3.000,0,0,1330,14:05,Mostly Cloudy,19,32,NaN,NaN,NaN,NaN,6887
20181015,6117,3.058,0,0,1453,13:15,Mostly Cloudy,18,31,NaN,NaN,NaN,NaN,6940
20181014,7110,3.555,0,0,1228,13:00,Mostly Cloudy,19,32,NaN,NaN,NaN,NaN,6993
20181013,6335,3.168,0,0,1181,13:15,Mostly Cloudy,20,32,NaN,NaN,NaN,NaN,7046
20181012,7322,3.661,0,0,1270,13:15,Mostly Cloudy,20,33,NaN,NaN,NaN,NaN,7098
20181011,947,0.474,0,0,279,10:40,Showers,21,25,NaN,NaN,NaN,NaN,7149
20181010,5356,2.678,0,0,1501,12:05,Mostly Cloudy,20,34,NaN,NaN,NaN,NaN,7200
20181009,6290,3.145,0,0,1224,13:30,Mostly Cloudy,20,33,NaN,NaN,NaN,NaN,7250
20190702,3022,1.511,0,0,1493,12:15,Mostly Cloudy,-1,-1,NaN,NaN,NaN,NaN,10724
20190701,9571,4.786,0,0,1447,13:10,Partly Cloudy,-1,-1,NaN,NaN,NaN,NaN,10730
20190630,11154,5.577,0,0,1461,13:35,Fine,-1,37,NaN,NaN,NaN,NaN,10737
20190629,11189,5.594,0,0,1492,13:25,Fine,-1,37,NaN,NaN,NaN,NaN,10743
20190628,10822,5.411,0,0,1463,12:45,Fine,-1,39,NaN,NaN,NaN,NaN,10749
20190627,10943,5.472,0,0,1450,12:50,Fine,-1,41,NaN,NaN,NaN,NaN,10755
20190626,10580,5.290,0,0,1407,12:55,Fine,-1,38,NaN,NaN,NaN,NaN,10761
20190625,11155,5.578,0,0,1444,13:00,Fine,-1,36,NaN,NaN,NaN,NaN,10767
20190624,11491,5.746,0,0,1530,12:55,Fine,-1,34,NaN,NaN,NaN,NaN,10772
20190623,11699,5.850,0,0,1555,13:05,Fine,-1,32,NaN,NaN,NaN,NaN,10778
20190622,4295,2.148,0,0,1712,15:25,Cloudy,-1,31,NaN,NaN,NaN,NaN,10783
20190621,9693,4.846,0,0,1583,13:50,Partly Cloudy,-1,33,NaN,NaN,NaN,NaN,10788
20190620,11322,5.661,0,0,1594,13:55,Fine,-1,35,NaN,NaN,NaN,NaN,10793
20190619,11180,5.590,0,0,1485,12:50,Fine,-1,36,NaN,NaN,NaN,NaN,10798
20190618,11137,5.568,0,0,1507,14:05,Fine,-1,36,NaN,NaN,NaN,NaN,10803
20190617,11500,5.750,0,0,1624,13:45,Fine,-1,34,NaN,NaN,NaN,NaN,10807
20190616,11861,5.930,0,0,1545,13:00,Fine,-1,34,NaN,NaN,NaN,NaN,10812
20190615,9910,4.955,0,0,1618,14:00,Partly Cloudy,-1,34,NaN,NaN,NaN,NaN,10816
20190614,10129,5.064,0,0,1598,13:10,Fine,-1,33,NaN,NaN,NaN,NaN,10820
20190613,12163,6.082,0,0,1641,13:20,Fine,-1,30,NaN,NaN,NaN,NaN,10823
20190612,10564,5.282,0,0,1656,13:20,Fine,-1,32,NaN,NaN,NaN,NaN,10827
20190611,8868,4.434,0,0,1914,12:45,Partly Cloudy,-1,33,NaN,NaN,NaN,NaN,10830
20190610,7239,3.620,0,0,1608,12:30,Mostly Cloudy,-1,31,NaN,NaN,NaN,NaN,10833
20190609,6974,3.487,0,0,1660,13:05,Mostly Cloudy,-1,31,NaN,NaN,NaN,NaN,10835
20190608,11189,5.594,0,0,1599,12:30,Fine,-1,33,NaN,NaN,NaN,NaN,10838
20190607,9233,4.616,0,0,1736,15:40,Partly Cloudy,-1,31,NaN,NaN,NaN,NaN,10839
20190606,8264,4.132,0,0,2085,11:40,Partly Cloudy,-1,32,NaN,NaN,NaN,NaN,10841
20190605,11252,5.626,0,0,1490,13:20,Fine,-1,34,NaN,NaN,NaN,NaN,10842
20190604,11414,5.707,0,0,1512,13:20,Fine,-1,34,NaN,NaN,NaN,NaN,10843
20190603,11647,5.824,0,0,1550,12:45,Fine,-1,33,NaN,NaN,NaN,NaN,10844
20190602,11727,5.864,0,0,1543,12:55,Fine,-1,33,NaN,NaN,NaN,NaN,10844
20190601,11959,5.980,0,0,1590,12:45,Fine,-1,32,NaN,NaN,NaN,NaN,10844
20190531,12247,6.124,0,0,1628,13:10,Fine,-1,29,NaN,NaN,NaN,NaN,10843
20190530,12506,6.253,0,0,1684,12:55,Fine,-1,28,NaN,NaN,NaN,NaN,10842
20190529,8303,4.152,0,0,1690,14:55,Partly Cloudy,-1,25,NaN,NaN,NaN,NaN,10840
20190528,5802,2.901,0,0,1726,11:15,Mostly Cloudy,-1,24,NaN,NaN,NaN,NaN,10838
20190527,2113,1.056,0,0,388,15:30,Cloudy,-1,23,NaN,NaN,NaN,NaN,10835
20190526,8309,4.154,0,0,1742,15:00,Partly Cloudy,-1,27,NaN,NaN,NaN,NaN,10832
20190525,7148,3.574,0,0,1749,13:35,Mostly Cloudy,-1,28,NaN,NaN,NaN,NaN,10828
20190524,10497,5.248,0,0,1591,13:15,Fine,-1,30,NaN,NaN,NaN,NaN,10824
20190523,11866,5.933,0,0,1673,12:25,Fine,-1,29,NaN,NaN,NaN,NaN,10819
20190522,11501,5.750,0,0,2085,12:40,Fine,-1,26,NaN,NaN,NaN,NaN,10814
20190521,11990,5.995,0,0,1708,13:05,Fine,-1,28,NaN,NaN,NaN,NaN,10808
20190520,2951,1.476,0,0,584,15:20,Cloudy,-1,23,NaN,NaN,NaN,NaN,10802
20190519,3395,1.698,0,0,712,13:30,Cloudy,-1,21,NaN,NaN,NaN,NaN,10795
20190518,3333,1.666,0,0,1747,15:30,Cloudy,-1,23,NaN,NaN,NaN,NaN,10787
20190517,7909,3.954,0,0,1482,12:00,Mostly Cloudy,-1,26,NaN,NaN,NaN,NaN,10778
20190516,11317,5.658,0,0,1907,13:05,Fine,-1,27,NaN,NaN,NaN,NaN,10769
20190515,10275,5.138,0,0,2085,14:45,Fine,-1,21,NaN,NaN,NaN,NaN,10760
20190514,10573,5.286,0,0,1848,11:15,Fine,-1,24,NaN,NaN,NaN,NaN,10749
20190513,8329,4.164,0,0,2085,12:05,Partly Cloudy,-1,24,NaN,NaN,NaN,NaN,10738
20190512,6089,3.044,0,0,1531,15:25,Mostly Cloudy,-1,22,NaN,NaN,NaN,NaN,10726
20190511,4470,2.235,0,0,1989,13:45,Cloudy,-1,27,NaN,NaN,NaN,NaN,10713
20190510,10941,5.470,0,0,1897,12:25,Fine,-1,27,NaN,NaN,NaN,NaN,10700
20190509,11032,5.516,0,0,1952,13:30,Fine,-1,24,NaN,NaN,NaN,NaN,10686
20190508,1560,0.780,0,0,242,14:55,Showers,-1,21,NaN,NaN,NaN,NaN,10670
20190507,10507,5.254,0,0,1967,13:05,Fine,-1,24,NaN,NaN,NaN,NaN,10655
20190506,12408,6.204,0,0,1712,13:25,Fine,-1,23,NaN,NaN,NaN,NaN,10638
20190505,4129,2.064,0,0,818,15:10,Cloudy,-1,20,NaN,NaN,NaN,NaN,10621
20190504,7506,3.753,0,0,2084,12:15,Mostly Cloudy,-1,23,NaN,NaN,NaN,NaN,10603
20190503,5357,2.678,0,0,1866,12:55,Mostly Cloudy,-1,23,NaN,NaN,NaN,NaN,10583
20190502,9763,4.882,0,0,1747,13:20,Partly Cloudy,-1,27,NaN,NaN,NaN,NaN,10564
20190501,11593,5.796,0,0,1618,13:25,Fine,-1,27,NaN,NaN,NaN,NaN,10543
20190430,11984,5.992,0,0,1721,12:55,Fine,-1,26,NaN,NaN,NaN,NaN,10521
20190429,9369,4.684,0,0,2048,11:40,Partly Cloudy,-1,22,NaN,NaN,NaN,NaN,10499
20190428,12211,6.106,0,0,1738,12:45,Fine,-1,22,NaN,NaN,NaN,NaN,10475
20190427,10634,5.317,0,0,1957,13:20,Fine,-1,25,NaN,NaN,NaN,NaN,10451
20190426,8002,4.001,0,0,1972,12:30,Partly Cloudy,-1,21,NaN,NaN,NaN,NaN,10426
20190425,3360,1.680,0,0,824,10:50,Cloudy,-1,22,NaN,NaN,NaN,NaN,10400
20190424,3182,1.591,0,0,1439,11:05,Cloudy,-1,22,NaN,NaN,NaN,NaN,10373
20190423,1303,0.652,0,0,415,12:10,Showers,-1,21,NaN,NaN,NaN,NaN,10345
20190422,7253,3.626,0,0,1612,12:40,Mostly Cloudy,-1,26,NaN,NaN,NaN,NaN,10316
20190421,9132,4.566,0,0,1640,13:50,Partly Cloudy,-1,26,NaN,NaN,NaN,NaN,10286
20190420,11088,5.544,0,0,1578,13:00,Fine,-1,28,NaN,NaN,NaN,NaN,10256
20190419,10810,5.405,0,0,1573,13:15,Fine,-1,26,NaN,NaN,NaN,NaN,10224
20190418,10649,5.324,0,0,1682,13:15,Fine,-1,26,NaN,NaN,NaN,NaN,10191
20190417,11015,5.508,0,0,1561,13:50,Fine,-1,27,NaN,NaN,NaN,NaN,10158
20190416,8786,4.393,0,0,1825,12:55,Partly Cloudy,-1,23,NaN,NaN,NaN,NaN,10124
20190415,11224,5.612,0,0,1739,12:50,Fine,-1,22,NaN,NaN,NaN,NaN,10088
20190414,2456,1.228,0,0,630,14:50,Cloudy,-1,17,NaN,NaN,NaN,NaN,10052
20190413,7794,3.897,0,0,1874,13:20,Mostly Cloudy,-1,22,NaN,NaN,NaN,NaN,10015
20190227,8006,4.003,0,0,1356,12:20,Partly Cloudy,-1,21,NaN,NaN,NaN,NaN,6389
20190226,6633,3.316,0,0,1599,14:00,Mostly Cloudy,-1,19,NaN,NaN,NaN,NaN,6332
20190225,7769,3.884,0,0,1324,12:30,Mostly Cloudy,-1,16,NaN,NaN,NaN,NaN,6274
20190224,7001,3.500,0,0,1565,13:15,Mostly Cloudy,-1,13,NaN,NaN,NaN,NaN,6217
20190223,3736,1.868,0,0,1316,14:50,Cloudy,-1,14,NaN,NaN,NaN,NaN,6159
20190222,7523,3.762,0,0,1306,12:05,Mostly Cloudy,-1,18,NaN,NaN,NaN,NaN,6102
20190221,6720,3.360,0,0,1226,12:25,Mostly Cloudy,-1,17,NaN,NaN,NaN,NaN,6045
20190220,4894,2.447,0,0,1242,12:35,Cloudy,-1,15,NaN,NaN,NaN,NaN,5989
20190219,7151,3.576,0,0,1276,12:25,Mostly Cloudy,-1,17,NaN,NaN,NaN,NaN,5932
20190218,7257,3.628,0,0,1286,12:35,Mostly Cloudy,-1,17,NaN,NaN,NaN,NaN,5876
20190217,7182,3.591,0,0,1293,12:45,Mostly Cloudy,-1,19,NaN,NaN,NaN,NaN,5820
20190216,6834,3.417,0,0,1254,12:10,Mostly Cloudy,-1,17,NaN,NaN,NaN,NaN,5764
20190215,7203,3.602,0,0,1284,12:20,Mostly Cloudy,-1,15,NaN,NaN,NaN,NaN,5709
20190214,7238,3.619,0,0,1354,12:25,Mostly Cloudy,-1,15,NaN,NaN,NaN,NaN,5654
20190213,7026,3.513,0,0,1349,11:35,Mostly Cloudy,-1,15,NaN,NaN,NaN,NaN,5600
20190212,7523,3.762,0,0,1371,12:40,Mostly Cloudy,-1,15,NaN,NaN,NaN,NaN,5546
20190211,7472,3.736,0,0,1466,14:10,Mostly Cloudy,-1,13,NaN,NaN,NaN,NaN,5492
20190210,225,0.112,0,0,93,11:50,Showers,-1,14,NaN,NaN,NaN,NaN,5439
20190209,5723,2.862,0,0,1195,12:20,Mostly Cloudy,-1,12,NaN,NaN,NaN,NaN,5387
20190208,6464,3.232,0,0,1258,12:30,Mostly Cloudy,-1,12,NaN,NaN,NaN,NaN,5335
20190207,2795,1.398,0,0,837,11:35,Cloudy,-1,10,NaN,NaN,NaN,NaN,5284
20190206,7063,3.532,0,0,1284,12:15,Mostly Cloudy,-1,11,NaN,NaN,NaN,NaN,5233
20190202,659,0.330,0,0,543,11:45,Showers,-1,11,NaN,NaN,NaN,NaN,5038
20190201,33,0.016,0,0,29,12:15,Showers,-1,9,NaN,NaN,NaN,NaN,0
20190131,1457,0.728,0,0,494,12:20,Showers,-1,11,NaN,NaN,NaN,NaN,0
20190130,1664,0.832,0,0,635,13:00,Showers,-1,9,NaN,NaN,NaN,NaN,0
20190129,3514,1.757,0,0,1228,12:25,Mostly Cloudy,-1,-1,NaN,NaN,NaN,NaN,0
20190127,220,0.110,0,0,75,13:05,Showers,-1,-1,NaN,NaN,NaN,NaN,0
20190126,3665,1.832,0,0,1202,11:35,Cloudy,-1,9,NaN,NaN,NaN,NaN,0
20181208,5501,2.750,0,0,1088,12:00,Mostly Cloudy,11,24,NaN,NaN,NaN,NaN,0
20181207,2371,1.186,0,0,958,13:05,Cloudy,11,18,NaN,NaN,NaN,NaN,0
20181206,2544,1.272,0,0,874,12:15,Cloudy,11,19,NaN,NaN,NaN,NaN,0
20181205,4601,2.300,0,0,1063,10:45,Cloudy,9,18,NaN,NaN,NaN,NaN,0
20181204,4990,2.495,0,0,1014,11:25,Mostly Cloudy,9,19,NaN,NaN,NaN,NaN,0
20181203,3683,1.842,0,0,876,12:05,Cloudy,8,17,NaN,NaN,NaN,NaN,0
20181202,1643,0.822,0,0,1320,10:55,Showers,9,14,NaN,NaN,NaN,NaN,0
20181201,4033,2.016,0,0,928,12:20,Cloudy,7,16,NaN,NaN,NaN,NaN,0
20181130,2142,1.071,0,0,989,13:50,Cloudy,8,14,NaN,NaN,NaN,NaN,0
20181129,3129,1.564,0,0,886,11:55,Cloudy,9,17,NaN,NaN,NaN,NaN,0
20181128,5500,2.750,0,0,1085,12:00,Mostly Cloudy,9,21,NaN,NaN,NaN,NaN,0
20181117,4415,2.208,0,0,1260,11:00,Cloudy,14,24,NaN,NaN,NaN,NaN,5123
20181116,1708,0.854,0,0,806,10:10,Showers,16,21,NaN,NaN,NaN,NaN,5174
20181115,1068,0.534,0,0,243,12:55,Showers,17,20,NaN,NaN,NaN,NaN,5225
20181114,4813,2.406,0,0,1068,11:20,Mostly Cloudy,17,26,NaN,NaN,NaN,NaN,5277
20181113,2446,1.223,0,0,803,13:15,Cloudy,17,23,NaN,NaN,NaN,NaN,5329
20181107,121,0.060,0,0,190,08:55,Showers,18,20,NaN,NaN,NaN,NaN,5655
20181106,2996,1.498,0,0,1619,11:45,Cloudy,17,27,NaN,NaN,NaN,NaN,5711
20181105,1223,0.612,0,0,610,14:20,Showers,18,23,NaN,NaN,NaN,NaN,5767
20181104,1866,0.933,0,0,406,12:25,Showers,16,21,NaN,NaN,NaN,NaN,5823
20181103,1987,0.994,0,0,NaN,NaN,Showers,20,20,NaN,NaN,NaN,NaN,5880
20181031,236,0.118,0,0,202,10:15,Showers,17,19,NaN,NaN,NaN,NaN,6050
20181029,31,0.016,0,0,113,15:00,Showers,18,20,NaN,NaN,NaN,NaN,6163
20181028,543,0.272,0,0,386,13:20,Showers,19,22,NaN,NaN,NaN,NaN,6220
20181027,662,0.331,0,0,203,12:50,Showers,19,22,NaN,NaN,NaN,NaN,6277
20181026,1195,0.598,0,0,308,12:15,Showers,20,24,NaN,NaN,NaN,NaN,6334
20181022,7396,3.698,0,0,1295,12:40,Mostly Cloudy,16,30,NaN,NaN,NaN,NaN,6558
20181021,4798,2.399,0,0,1101,13:20,Cloudy,19,29,NaN,NaN,NaN,NaN,6614
20181020,5691,2.846,0,0,1076,13:40,Mostly Cloudy,19,31,NaN,NaN,NaN,NaN,6669
20181019,6120,3.060,0,0,1135,12:25,Mostly Cloudy,18,32,NaN,NaN,NaN,NaN,6724
20181018,6306,3.153,0,0,1201,14:05,Mostly Cloudy,18,32,NaN,NaN,NaN,NaN,6779
20181017,2860,1.430,0,0,521,11:00,Cloudy,19,26,NaN,NaN,NaN,NaN,6833
20181016,6000,3.000,0,0,1330,14:05,Mostly Cloudy,19,32,NaN,NaN,NaN,NaN,6887
20181015,6117,3.058,0,0,1453,13:15,Mostly Cloudy,18,31,NaN,NaN,NaN,NaN,6940
20181014,7110,3.555,0,0,1228,13:00,Mostly Cloudy,19,32,NaN,NaN,NaN,NaN,6993
20181013,6335,3.168,0,0,1181,13:15,Mostly Cloudy,20,32,NaN,NaN,NaN,NaN,7046
20181012,7322,3.661,0,0,1270,13:15,Mostly Cloudy,20,33,NaN,NaN,NaN,NaN,7098
20181011,947,0.474,0,0,279,10:40,Showers,21,25,NaN,NaN,NaN,NaN,7149
20181010,5356,2.678,0,0,1501,12:05,Mostly Cloudy,20,34,NaN,NaN,NaN,NaN,7200
20181009,6290,3.145,0,0,1224,13:30,Mostly Cloudy,20,33,NaN,NaN,NaN,NaN,7250
20190702,3022,1.511,0,0,1493,12:15,Mostly Cloudy,-1,-1,NaN,NaN,NaN,NaN,10724
20190701,9571,4.786,0,0,1447,13:10,Partly Cloudy,-1,-1,NaN,NaN,NaN,NaN,10730
20190630,11154,5.577,0,0,1461,13:35,Fine,-1,37,NaN,NaN,NaN,NaN,10737
20190629,11189,5.594,0,0,1492,13:25,Fine,-1,37,NaN,NaN,NaN,NaN,10743
20190628,10822,5.411,0,0,1463,12:45,Fine,-1,39,NaN,NaN,NaN,NaN,10749
20190627,10943,5.472,0,0,1450,12:50,Fine,-1,41,NaN,NaN,NaN,NaN,10755
20190626,10580,5.290,0,0,1407,12:55,Fine,-1,38,NaN,NaN,NaN,NaN,10761
20190625,11155,5.578,0,0,1444,13:00,Fine,-1,36,NaN,NaN,NaN,NaN,10767
20190624,11491,5.746,0,0,1530,12:55,Fine,-1,34,NaN,NaN,NaN,NaN,10772
20190623,11699,5.850,0,0,1555,13:05,Fine,-1,32,NaN,NaN,NaN,NaN,10778
20190622,4295,2.148,0,0,1712,15:25,Cloudy,-1,31,NaN,NaN,NaN,NaN,10783
20190621,9693,4.846,0,0,1583,13:50,Partly Cloudy,-1,33,NaN,NaN,NaN,NaN,10788
20190620,11322,5.661,0,0,1594,13:55,Fine,-1,35,NaN,NaN,NaN,NaN,10793
20190619,11180,5.590,0,0,1485,12:50,Fine,-1,36,NaN,NaN,NaN,NaN,10798
20190618,11137,5.568,0,0,1507,14:05,Fine,-1,36,NaN,NaN,NaN,NaN,10803
20190617,11500,5.750,0,0,1624,13:45,Fine,-1,34,NaN,NaN,NaN,NaN,10807
20190616,11861,5.930,0,0,1545,13:00,Fine,-1,34,NaN,NaN,NaN,NaN,10812
20190615,9910,4.955,0,0,1618,14:00,Partly Cloudy,-1,34,NaN,NaN,NaN,NaN,10816
20190614,10129,5.064,0,0,1598,13:10,Fine,-1,33,NaN,NaN,NaN,NaN,10820
20190613,12163,6.082,0,0,1641,13:20,Fine,-1,30,NaN,NaN,NaN,NaN,10823
20190612,10564,5.282,0,0,1656,13:20,Fine,-1,32,NaN,NaN,NaN,NaN,10827
20190611,8868,4.434,0,0,1914,12:45,Partly Cloudy,-1,33,NaN,NaN,NaN,NaN,10830
20190610,7239,3.620,0,0,1608,12:30,Mostly Cloudy,-1,31,NaN,NaN,NaN,NaN,10833
20190609,6974,3.487,0,0,1660,13:05,Mostly Cloudy,-1,31,NaN,NaN,NaN,NaN,10835
20190608,11189,5.594,0,0,1599,12:30,Fine,-1,33,NaN,NaN,NaN,NaN,10838
20190607,9233,4.616,0,0,1736,15:40,Partly Cloudy,-1,31,NaN,NaN,NaN,NaN,10839
20190606,8264,4.132,0,0,2085,11:40,Partly Cloudy,-1,32,NaN,NaN,NaN,NaN,10841
20190605,11252,5.626,0,0,1490,13:20,Fine,-1,34,NaN,NaN,NaN,NaN,10842
20190604,11414,5.707,0,0,1512,13:20,Fine,-1,34,NaN,NaN,NaN,NaN,10843
20190603,11647,5.824,0,0,1550,12:45,Fine,-1,33,NaN,NaN,NaN,NaN,10844
20190602,11727,5.864,0,0,1543,12:55,Fine,-1,33,NaN,NaN,NaN,NaN,10844
20190601,11959,5.980,0,0,1590,12:45,Fine,-1,32,NaN,NaN,NaN,NaN,10844
20190531,12247,6.124,0,0,1628,13:10,Fine,-1,29,NaN,NaN,NaN,NaN,10843
20190530,12506,6.253,0,0,1684,12:55,Fine,-1,28,NaN,NaN,NaN,NaN,10842
20190529,8303,4.152,0,0,1690,14:55,Partly Cloudy,-1,25,NaN,NaN,NaN,NaN,10840
20190528,5802,2.901,0,0,1726,11:15,Mostly Cloudy,-1,24,NaN,NaN,NaN,NaN,10838
20190527,2113,1.056,0,0,388,15:30,Cloudy,-1,23,NaN,NaN,NaN,NaN,10835
20190526,8309,4.154,0,0,1742,15:00,Partly Cloudy,-1,27,NaN,NaN,NaN,NaN,10832
20190525,7148,3.574,0,0,1749,13:35,Mostly Cloudy,-1,28,NaN,NaN,NaN,NaN,10828
20190524,10497,5.248,0,0,1591,13:15,Fine,-1,30,NaN,NaN,NaN,NaN,10824
20190523,11866,5.933,0,0,1673,12:25,Fine,-1,29,NaN,NaN,NaN,NaN,10819
20190522,11501,5.750,0,0,2085,12:40,Fine,-1,26,NaN,NaN,NaN,NaN,10814
20190521,11990,5.995,0,0,1708,13:05,Fine,-1,28,NaN,NaN,NaN,NaN,10808
20190520,2951,1.476,0,0,584,15:20,Cloudy,-1,23,NaN,NaN,NaN,NaN,10802
20190519,3395,1.698,0,0,712,13:30,Cloudy,-1,21,NaN,NaN,NaN,NaN,10795
20190518,3333,1.666,0,0,1747,15:30,Cloudy,-1,23,NaN,NaN,NaN,NaN,10787
20190517,7909,3.954,0,0,1482,12:00,Mostly Cloudy,-1,26,NaN,NaN,NaN,NaN,10778
20190516,11317,5.658,0,0,1907,13:05,Fine,-1,27,NaN,NaN,NaN,NaN,10769
20190515,10275,5.138,0,0,2085,14:45,Fine,-1,21,NaN,NaN,NaN,NaN,10760
20190514,10573,5.286,0,0,1848,11:15,Fine,-1,24,NaN,NaN,NaN,NaN,10749
20190513,8329,4.164,0,0,2085,12:05,Partly Cloudy,-1,24,NaN,NaN,NaN,NaN,10738
20190512,6089,3.044,0,0,1531,15:25,Mostly Cloudy,-1,22,NaN,NaN,NaN,NaN,10726
20190511,4470,2.235,0,0,1989,13:45,Cloudy,-1,27,NaN,NaN,NaN,NaN,10713
20190510,10941,5.470,0,0,1897,12:25,Fine,-1,27,NaN,NaN,NaN,NaN,10700
20190509,11032,5.516,0,0,1952,13:30,Fine,-1,24,NaN,NaN,NaN,NaN,10686
20190508,1560,0.780,0,0,242,14:55,Showers,-1,21,NaN,NaN,NaN,NaN,10670
20190507,10507,5.254,0,0,1967,13:05,Fine,-1,24,NaN,NaN,NaN,NaN,10655
20190506,12408,6.204,0,0,1712,13:25,Fine,-1,23,NaN,NaN,NaN,NaN,10638
20190505,4129,2.064,0,0,818,15:10,Cloudy,-1,20,NaN,NaN,NaN,NaN,10621
20190504,7506,3.753,0,0,2084,12:15,Mostly Cloudy,-1,23,NaN,NaN,NaN,NaN,10603
20190503,5357,2.678,0,0,1866,12:55,Mostly Cloudy,-1,23,NaN,NaN,NaN,NaN,10583
20190502,9763,4.882,0,0,1747,13:20,Partly Cloudy,-1,27,NaN,NaN,NaN,NaN,10564
20190501,11593,5.796,0,0,1618,13:25,Fine,-1,27,NaN,NaN,NaN,NaN,10543
20190430,11984,5.992,0,0,1721,12:55,Fine,-1,26,NaN,NaN,NaN,NaN,10521
20190429,9369,4.684,0,0,2048,11:40,Partly Cloudy,-1,22,NaN,NaN,NaN,NaN,10499
20190428,12211,6.106,0,0,1738,12:45,Fine,-1,22,NaN,NaN,NaN,NaN,10475
20190427,10634,5.317,0,0,1957,13:20,Fine,-1,25,NaN,NaN,NaN,NaN,10451
20190426,8002,4.001,0,0,1972,12:30,Partly Cloudy,-1,21,NaN,NaN,NaN,NaN,10426
20190425,3360,1.680,0,0,824,10:50,Cloudy,-1,22,NaN,NaN,NaN,NaN,10400
20190424,3182,1.591,0,0,1439,11:05,Cloudy,-1,22,NaN,NaN,NaN,NaN,10373
20190423,1303,0.652,0,0,415,12:10,Showers,-1,21,NaN,NaN,NaN,NaN,10345
20190422,7253,3.626,0,0,1612,12:40,Mostly Cloudy,-1,26,NaN,NaN,NaN,NaN,10316
20190421,9132,4.566,0,0,1640,13:50,Partly Cloudy,-1,26,NaN,NaN,NaN,NaN,10286
20190420,11088,5.544,0,0,1578,13:00,Fine,-1,28,NaN,NaN,NaN,NaN,10256
20190419,10810,5.405,0,0,1573,13:15,Fine,-1,26,NaN,NaN,NaN,NaN,10224
20190418,10649,5.324,0,0,1682,13:15,Fine,-1,26,NaN,NaN,NaN,NaN,10191
20190417,11015,5.508,0,0,1561,13:50,Fine,-1,27,NaN,NaN,NaN,NaN,10158
20190416,8786,4.393,0,0,1825,12:55,Partly Cloudy,-1,23,NaN,NaN,NaN,NaN,10124
20190415,11224,5.612,0,0,1739,12:50,Fine,-1,22,NaN,NaN,NaN,NaN,10088
20190414,2456,1.228,0,0,630,14:50,Cloudy,-1,17,NaN,NaN,NaN,NaN,10052
20190413,7794,3.897,0,0,1874,13:20,Mostly Cloudy,-1,22,NaN,NaN,NaN,NaN,10015
20190227,8006,4.003,0,0,1356,12:20,Partly Cloudy,-1,21,NaN,NaN,NaN,NaN,6389
20190226,6633,3.316,0,0,1599,14:00,Mostly Cloudy,-1,19,NaN,NaN,NaN,NaN,6332
20190225,7769,3.884,0,0,1324,12:30,Mostly Cloudy,-1,16,NaN,NaN,NaN,NaN,6274
20190224,7001,3.500,0,0,1565,13:15,Mostly Cloudy,-1,13,NaN,NaN,NaN,NaN,6217
20190223,3736,1.868,0,0,1316,14:50,Cloudy,-1,14,NaN,NaN,NaN,NaN,6159
20190222,7523,3.762,0,0,1306,12:05,Mostly Cloudy,-1,18,NaN,NaN,NaN,NaN,6102
20190221,6720,3.360,0,0,1226,12:25,Mostly Cloudy,-1,17,NaN,NaN,NaN,NaN,6045
20190220,4894,2.447,0,0,1242,12:35,Cloudy,-1,15,NaN,NaN,NaN,NaN,5989
20190219,7151,3.576,0,0,1276,12:25,Mostly Cloudy,-1,17,NaN,NaN,NaN,NaN,5932
20190218,7257,3.628,0,0,1286,12:35,Mostly Cloudy,-1,17,NaN,NaN,NaN,NaN,5876
20190217,7182,3.591,0,0,1293,12:45,Mostly Cloudy,-1,19,NaN,NaN,NaN,NaN,5820
20190216,6834,3.417,0,0,1254,12:10,Mostly Cloudy,-1,17,NaN,NaN,NaN,NaN,5764
20190215,7203,3.602,0,0,1284,12:20,Mostly Cloudy,-1,15,NaN,NaN,NaN,NaN,5709
20190214,7238,3.619,0,0,1354,12:25,Mostly Cloudy,-1,15,NaN,NaN,NaN,NaN,5654
20190213,7026,3.513,0,0,1349,11:35,Mostly Cloudy,-1,15,NaN,NaN,NaN,NaN,5600
20190212,7523,3.762,0,0,1371,12:40,Mostly Cloudy,-1,15,NaN,NaN,NaN,NaN,5546
20190211,7472,3.736,0,0,1466,14:10,Mostly Cloudy,-1,13,NaN,NaN,NaN,NaN,5492
20190210,225,0.112,0,0,93,11:50,Showers,-1,14,NaN,NaN,NaN,NaN,5439
20190209,5723,2.862,0,0,1195,12:20,Mostly Cloudy,-1,12,NaN,NaN,NaN,NaN,5387
20190208,6464,3.232,0,0,1258,12:30,Mostly Cloudy,-1,12,NaN,NaN,NaN,NaN,5335
20190207,2795,1.398,0,0,837,11:35,Cloudy,-1,10,NaN,NaN,NaN,NaN,5284
20190206,7063,3.532,0,0,1284,12:15,Mostly Cloudy,-1,11,NaN,NaN,NaN,NaN,5233
20190202,659,0.330,0,0,543,11:45,Showers,-1,11,NaN,NaN,NaN,NaN,5038
20190201,33,0.016,0,0,29,12:15,Showers,-1,9,NaN,NaN,NaN,NaN,0
20190131,1457,0.728,0,0,494,12:20,Showers,-1,11,NaN,NaN,NaN,NaN,0
20190130,1664,0.832,0,0,635,13:00,Showers,-1,9,NaN,NaN,NaN,NaN,0
20190129,3514,1.757,0,0,1228,12:25,Mostly Cloudy,-1,-1,NaN,NaN,NaN,NaN,0
20190127,220,0.110,0,0,75,13:05,Showers,-1,-1,NaN,NaN,NaN,NaN,0
20190126,3665,1.832,0,0,1202,11:35,Cloudy,-1,9,NaN,NaN,NaN,NaN,0
20181208,5501,2.750,0,0,1088,12:00,Mostly Cloudy,11,24,NaN,NaN,NaN,NaN,0
20181207,2371,1.186,0,0,958,13:05,Cloudy,11,18,NaN,NaN,NaN,NaN,0
20181206,2544,1.272,0,0,874,12:15,Cloudy,11,19,NaN,NaN,NaN,NaN,0
20181205,4601,2.300,0,0,1063,10:45,Cloudy,9,18,NaN,NaN,NaN,NaN,0
20181204,4990,2.495,0,0,1014,11:25,Mostly Cloudy,9,19,NaN,NaN,NaN,NaN,0
20181203,3683,1.842,0,0,876,12:05,Cloudy,8,17,NaN,NaN,NaN,NaN,0
20181202,1643,0.822,0,0,1320,10:55,Showers,9,14,NaN,NaN,NaN,NaN,0
20181201,4033,2.016,0,0,928,12:20,Cloudy,7,16,NaN,NaN,NaN,NaN,0
20181130,2142,1.071,0,0,989,13:50,Cloudy,8,14,NaN,NaN,NaN,NaN,0
20181129,3129,1.564,0,0,886,11:55,Cloudy,9,17,NaN,NaN,NaN,NaN,0
20181128,5500,2.750,0,0,1085,12:00,Mostly Cloudy,9,21,NaN,NaN,NaN,NaN,0
20181117,4415,2.208,0,0,1260,11:00,Cloudy,14,24,NaN,NaN,NaN,NaN,5123
20181116,1708,0.854,0,0,806,10:10,Showers,16,21,NaN,NaN,NaN,NaN,5174
20181115,1068,0.534,0,0,243,12:55,Showers,17,20,NaN,NaN,NaN,NaN,5225
20181114,4813,2.406,0,0,1068,11:20,Mostly Cloudy,17,26,NaN,NaN,NaN,NaN,5277
20181113,2446,1.223,0,0,803,13:15,Cloudy,17,23,NaN,NaN,NaN,NaN,5329
20181107,121,0.060,0,0,190,08:55,Showers,18,20,NaN,NaN,NaN,NaN,5655
20181106,2996,1.498,0,0,1619,11:45,Cloudy,17,27,NaN,NaN,NaN,NaN,5711
20181105,1223,0.612,0,0,610,14:20,Showers,18,23,NaN,NaN,NaN,NaN,5767
20181104,1866,0.933,0,0,406,12:25,Showers,16,21,NaN,NaN,NaN,NaN,5823
20181103,1987,0.994,0,0,NaN,NaN,Showers,20,20,NaN,NaN,NaN,NaN,5880
20181031,236,0.118,0,0,202,10:15,Showers,17,19,NaN,NaN,NaN,NaN,6050
20181029,31,0.016,0,0,113,15:00,Showers,18,20,NaN,NaN,NaN,NaN,6163
20181028,543,0.272,0,0,386,13:20,Showers,19,22,NaN,NaN,NaN,NaN,6220
20181027,662,0.331,0,0,203,12:50,Showers,19,22,NaN,NaN,NaN,NaN,6277
20181026,1195,0.598,0,0,308,12:15,Showers,20,24,NaN,NaN,NaN,NaN,6334
20181022,7396,3.698,0,0,1295,12:40,Mostly Cloudy,16,30,NaN,NaN,NaN,NaN,6558
20181021,4798,2.399,0,0,1101,13:20,Cloudy,19,29,NaN,NaN,NaN,NaN,6614
20181020,5691,2.846,0,0,1076,13:40,Mostly Cloudy,19,31,NaN,NaN,NaN,NaN,6669
20181019,6120,3.060,0,0,1135,12:25,Mostly Cloudy,18,32,NaN,NaN,NaN,NaN,6724
20181018,6306,3.153,0,0,1201,14:05,Mostly Cloudy,18,32,NaN,NaN,NaN,NaN,6779
20181017,2860,1.430,0,0,521,11:00,Cloudy,19,26,NaN,NaN,NaN,NaN,6833
20181016,6000,3.000,0,0,1330,14:05,Mostly Cloudy,19,32,NaN,NaN,NaN,NaN,6887
20181015,6117,3.058,0,0,1453,13:15,Mostly Cloudy,18,31,NaN,NaN,NaN,NaN,6940
20181014,7110,3.555,0,0,1228,13:00,Mostly Cloudy,19,32,NaN,NaN,NaN,NaN,6993
20181013,6335,3.168,0,0,1181,13:15,Mostly Cloudy,20,32,NaN,NaN,NaN,NaN,7046
20181012,7322,3.661,0,0,1270,13:15,Mostly Cloudy,20,33,NaN,NaN,NaN,NaN,7098
20181011,947,0.474,0,0,279,10:40,Showers,21,25,NaN,NaN,NaN,NaN,7149
20181010,5356,2.678,0,0,1501,12:05,Mostly Cloudy,20,34,NaN,NaN,NaN,NaN,7200
20181009,6290,3.145,0,0,1224,13:30,Mostly Cloudy,20,33,NaN,NaN,NaN,NaN,7250
20190702,3022,1.511,0,0,1493,12:15,Mostly Cloudy,-1,-1,NaN,NaN,NaN,NaN,10724
20190701,9571,4.786,0,0,1447,13:10,Partly Cloudy,-1,-1,NaN,NaN,NaN,NaN,10730
20190630,11154,5.577,0,0,1461,13:35,Fine,-1,37,NaN,NaN,NaN,NaN,10737
20190629,11189,5.594,0,0,1492,13:25,Fine,-1,37,NaN,NaN,NaN,NaN,10743
20190628,10822,5.411,0,0,1463,12:45,Fine,-1,39,NaN,NaN,NaN,NaN,10749
20190627,10943,5.472,0,0,1450,12:50,Fine,-1,41,NaN,NaN,NaN,NaN,10755
20190626,10580,5.290,0,0,1407,12:55,Fine,-1,38,NaN,NaN,NaN,NaN,10761
20190625,11155,5.578,0,0,1444,13:00,Fine,-1,36,NaN,NaN,NaN,NaN,10767
20190624,11491,5.746,0,0,1530,12:55,Fine,-1,34,NaN,NaN,NaN,NaN,10772
20190623,11699,5.850,0,0,1555,13:05,Fine,-1,32,NaN,NaN,NaN,NaN,10778
20190622,4295,2.148,0,0,1712,15:25,Cloudy,-1,31,NaN,NaN,NaN,NaN,10783
20190621,9693,4.846,0,0,1583,13:50,Partly Cloudy,-1,33,NaN,NaN,NaN,NaN,10788
20190620,11322,5.661,0,0,1594,13:55,Fine,-1,35,NaN,NaN,NaN,NaN,10793
20190619,11180,5.590,0,0,1485,12:50,Fine,-1,36,NaN,NaN,NaN,NaN,10798
20190618,11137,5.568,0,0,1507,14:05,Fine,-1,36,NaN,NaN,NaN,NaN,10803
20190617,11500,5.750,0,0,1624,13:45,Fine,-1,34,NaN,NaN,NaN,NaN,10807
20190616,11861,5.930,0,0,1545,13:00,Fine,-1,34,NaN,NaN,NaN,NaN,10812
20190615,9910,4.955,0,0,1618,14:00,Partly Cloudy,-1,34,NaN,NaN,NaN,NaN,10816
20190614,10129,5.064,0,0,1598,13:10,Fine,-1,33,NaN,NaN,NaN,NaN,10820
20190613,12163,6.082,0,0,1641,13:20,Fine,-1,30,NaN,NaN,NaN,NaN,10823
20190612,10564,5.282,0,0,1656,13:20,Fine,-1,32,NaN,NaN,NaN,NaN,10827
20190611,8868,4.434,0,0,1914,12:45,Partly Cloudy,-1,33,NaN,NaN,NaN,NaN,10830
20190610,7239,3.620,0,0,1608,12:30,Mostly Cloudy,-1,31,NaN,NaN,NaN,NaN,10833
20190609,6974,3.487,0,0,1660,13:05,Mostly Cloudy,-1,31,NaN,NaN,NaN,NaN,10835
20190608,11189,5.594,0,0,1599,12:30,Fine,-1,33,NaN,NaN,NaN,NaN,10838
20190607,9233,4.616,0,0,1736,15:40,Partly Cloudy,-1,31,NaN,NaN,NaN,NaN,10839
20190606,8264,4.132,0,0,2085,11:40,Partly Cloudy,-1,32,NaN,NaN,NaN,NaN,10841
20190605,11252,5.626,0,0,1490,13:20,Fine,-1,34,NaN,NaN,NaN,NaN,10842
20190604,11414,5.707,0,0,1512,13:20,Fine,-1,34,NaN,NaN,NaN,NaN,10843
20190603,11647,5.824,0,0,1550,12:45,Fine,-1,33,NaN,NaN,NaN,NaN,10844
20190602,11727,5.864,0,0,1543,12:55,Fine,-1,33,NaN,NaN,NaN,NaN,10844
20190601,11959,5.980,0,0,1590,12:45,Fine,-1,32,NaN,NaN,NaN,NaN,10844
20190531,12247,6.124,0,0,1628,13:10,Fine,-1,29,NaN,NaN,NaN,NaN,10843
20190530,12506,6.253,0,0,1684,12:55,Fine,-1,28,NaN,NaN,NaN,NaN,10842
20190529,8303,4.152,0,0,1690,14:55,Partly Cloudy,-1,25,NaN,NaN,NaN,NaN,10840
20190528,5802,2.901,0,0,1726,11:15,Mostly Cloudy,-1,24,NaN,NaN,NaN,NaN,10838
20190527,2113,1.056,0,0,388,15:30,Cloudy,-1,23,NaN,NaN,NaN,NaN,10835
20190526,8309,4.154,0,0,1742,15:00,Partly Cloudy,-1,27,NaN,NaN,NaN,NaN,10832
20190525,7148,3.574,0,0,1749,13:35,Mostly Cloudy,-1,28,NaN,NaN,NaN,NaN,10828
20190524,10497,5.248,0,0,1591,13:15,Fine,-1,30,NaN,NaN,NaN,NaN,10824
20190523,11866,5.933,0,0,1673,12:25,Fine,-1,29,NaN,NaN,NaN,NaN,10819
20190522,11501,5.750,0,0,2085,12:40,Fine,-1,26,NaN,NaN,NaN,NaN,10814
20190521,11990,5.995,0,0,1708,13:05,Fine,-1,28,NaN,NaN,NaN,NaN,10808
20190520,2951,1.476,0,0,584,15:20,Cloudy,-1,23,NaN,NaN,NaN,NaN,10802
20190519,3395,1.698,0,0,712,13:30,Cloudy,-1,21,NaN,NaN,NaN,NaN,10795
20190518,3333,1.666,0,0,1747,15:30,Cloudy,-1,23,NaN,NaN,NaN,NaN,10787
20190517,7909,3.954,0,0,1482,12:00,Mostly Cloudy,-1,26,NaN,NaN,NaN,NaN,10778
20190516,11317,5.658,0,0,1907,13:05,Fine,-1,27,NaN,NaN,NaN,NaN,10769
20190515,10275,5.138,0,0,2085,14:45,Fine,-1,21,NaN,NaN,NaN,NaN,10760
20190514,10573,5.286,0,0,1848,11:15,Fine,-1,24,NaN,NaN,NaN,NaN,10749
20190513,8329,4.164,0,0,2085,12:05,Partly Cloudy,-1,24,NaN,NaN,NaN,NaN,10738
20190512,6089,3.044,0,0,1531,15:25,Mostly Cloudy,-1,22,NaN,NaN,NaN,NaN,10726
20190511,4470,2.235,0,0,1989,13:45,Cloudy,-1,27,NaN,NaN,NaN,NaN,10713
20190510,10941,5.470,0,0,1897,12:25,Fine,-1,27,NaN,NaN,NaN,NaN,10700
20190509,11032,5.516,0,0,1952,13:30,Fine,-1,24,NaN,NaN,NaN,NaN,10686
20190508,1560,0.780,0,0,242,14:55,Showers,-1,21,NaN,NaN,NaN,NaN,10670
20190507,10507,5.254,0,0,1967,13:05,Fine,-1,24,NaN,NaN,NaN,NaN,10655
20190506,12408,6.204,0,0,1712,13:25,Fine,-1,23,NaN,NaN,NaN,NaN,10638
20190505,4129,2.064,0,0,818,15:10,Cloudy,-1,20,NaN,NaN,NaN,NaN,10621
20190504,7506,3.753,0,0,2084,12:15,Mostly Cloudy,-1,23,NaN,NaN,NaN,NaN,10603
20190503,5357,2.678,0,0,1866,12:55,Mostly Cloudy,-1,23,NaN,NaN,NaN,NaN,10583
20190502,9763,4.882,0,0,1747,13:20,Partly Cloudy,-1,27,NaN,NaN,NaN,NaN,10564
20190501,11593,5.796,0,0,1618,13:25,Fine,-1,27,NaN,NaN,NaN,NaN,10543
20190430,11984,5.992,0,0,1721,12:55,Fine,-1,26,NaN,NaN,NaN,NaN,10521
20190429,9369,4.684,0,0,2048,11:40,Partly Cloudy,-1,22,NaN,NaN,NaN,NaN,10499
20190428,12211,6.106,0,0,1738,12:45,Fine,-1,22,NaN,NaN,NaN,NaN,10475
20190427,10634,5.317,0,0,1957,13:20,Fine,-1,25,NaN,NaN,NaN,NaN,10451
20190426,8002,4.001,0,0,1972,12:30,Partly Cloudy,-1,21,NaN,NaN,NaN,NaN,10426
20190425,3360,1.680,0,0,824,10:50,Cloudy,-1,22,NaN,NaN,NaN,NaN,10400
20190424,3182,1.591,0,0,1439,11:05,Cloudy,-1,22,NaN,NaN,NaN,NaN,10373
20190423,1303,0.652,0,0,415,12:10,Showers,-1,21,NaN,NaN,NaN,NaN,10345
20190422,7253,3.626,0,0,1612,12:40,Mostly Cloudy,-1,26,NaN,NaN,NaN,NaN,10316
20190421,9132,4.566,0,0,1640,13:50,Partly Cloudy,-1,26,NaN,NaN,NaN,NaN,10286
20190420,11088,5.544,0,0,1578,13:00,Fine,-1,28,NaN,NaN,NaN,NaN,10256
20190419,10810,5.405,0,0,1573,13:15,Fine,-1,26,NaN,NaN,NaN,NaN,10224
20190418,10649,5.324,0,0,1682,13:15,Fine,-1,26,NaN,NaN,NaN,NaN,10191
20190417,11015,5.508,0,0,1561,13:50,Fine,-1,27,NaN,NaN,NaN,NaN,10158
20190416,8786,4.393,0,0,1825,12:55,Partly Cloudy,-1,23,NaN,NaN,NaN,NaN,10124
20190415,11224,5.612,0,0,1739,12:50,Fine,-1,22,NaN,NaN,NaN,NaN,10088
20190414,2456,1.228,0,0,630,14:50,Cloudy,-1,17,NaN,NaN,NaN,NaN,10052
20190413,7794,3.897,0,0,1874,13:20,Mostly Cloudy,-1,22,NaN,NaN,NaN,NaN,10015
20190227,8006,4.003,0,0,1356,12:20,Partly Cloudy,-1,21,NaN,NaN,NaN,NaN,6389
20190226,6633,3.316,0,0,1599,14:00,Mostly Cloudy,-1,19,NaN,NaN,NaN,NaN,6332
20190225,7769,3.884,0,0,1324,12:30,Mostly Cloudy,-1,16,NaN,NaN,NaN,NaN,6274
20190224,7001,3.500,0,0,1565,13:15,Mostly Cloudy,-1,13,NaN,NaN,NaN,NaN,6217
20190223,3736,1.868,0,0,1316,14:50,Cloudy,-1,14,NaN,NaN,NaN,NaN,6159
20190222,7523,3.762,0,0,1306,12:05,Mostly Cloudy,-1,18,NaN,NaN,NaN,NaN,6102
20190221,6720,3.360,0,0,1226,12:25,Mostly Cloudy,-1,17,NaN,NaN,NaN,NaN,6045
20190220,4894,2.447,0,0,1242,12:35,Cloudy,-1,15,NaN,NaN,NaN,NaN,5989
20190219,7151,3.576,0,0,1276,12:25,Mostly Cloudy,-1,17,NaN,NaN,NaN,NaN,5932
20190218,7257,3.628,0,0,1286,12:35,Mostly Cloudy,-1,17,NaN,NaN,NaN,NaN,5876
20190217,7182,3.591,0,0,1293,12:45,Mostly Cloudy,-1,19,NaN,NaN,NaN,NaN,5820
20190216,6834,3.417,0,0,1254,12:10,Mostly Cloudy,-1,17,NaN,NaN,NaN,NaN,5764
20190215,7203,3.602,0,0,1284,12:20,Mostly Cloudy,-1,15,NaN,NaN,NaN,NaN,5709
20190214,7238,3.619,0,0,1354,12:25,Mostly Cloudy,-1,15,NaN,NaN,NaN,NaN,5654
20190213,7026,3.513,0,0,1349,11:35,Mostly Cloudy,-1,15,NaN,NaN,NaN,NaN,5600
20190212,7523,3.762,0,0,1371,12:40,Mostly Cloudy,-1,15,NaN,NaN,NaN,NaN,5546
20190211,7472,3.736,0,0,1466,14:10,Mostly Cloudy,-1,13,NaN,NaN,NaN,NaN,5492
20190210,225,0.112,0,0,93,11:50,Showers,-1,14,NaN,NaN,NaN,NaN,5439
20190209,5723,2.862,0,0,1195,12:20,Mostly Cloudy,-1,12,NaN,NaN,NaN,NaN,5387
20190208,6464,3.232,0,0,1258,12:30,Mostly Cloudy,-1,12,NaN,NaN,NaN,NaN,5335
20190207,2795,1.398,0,0,837,11:35,Cloudy,-1,10,NaN,NaN,NaN,NaN,5284
20190206,7063,3.532,0,0,1284,12:15,Mostly Cloudy,-1,11,NaN,NaN,NaN,NaN,5233
20190202,659,0.330,0,0,543,11:45,Showers,-1,11,NaN,NaN,NaN,NaN,5038
20190201,33,0.016,0,0,29,12:15,Showers,-1,9,NaN,NaN,NaN,NaN,0
20190131,1457,0.728,0,0,494,12:20,Showers,-1,11,NaN,NaN,NaN,NaN,0
20190130,1664,0.832,0,0,635,13:00,Showers,-1,9,NaN,NaN,NaN,NaN,0
20190129,3514,1.757,0,0,1228,12:25,Mostly Cloudy,-1,-1,NaN,NaN,NaN,NaN,0
20190127,220,0.110,0,0,75,13:05,Showers,-1,-1,NaN,NaN,NaN,NaN,0
20190126,3665,1.832,0,0,1202,11:35,Cloudy,-1,9,NaN,NaN,NaN,NaN,0
20181208,5501,2.750,0,0,1088,12:00,Mostly Cloudy,11,24,NaN,NaN,NaN,NaN,0
20181207,2371,1.186,0,0,958,13:05,Cloudy,11,18,NaN,NaN,NaN,NaN,0
20181206,2544,1.272,0,0,874,12:15,Cloudy,11,19,NaN,NaN,NaN,NaN,0
20181205,4601,2.300,0,0,1063,10:45,Cloudy,9,18,NaN,NaN,NaN,NaN,0
20181204,4990,2.495,0,0,1014,11:25,Mostly Cloudy,9,19,NaN,NaN,NaN,NaN,0
20181203,3683,1.842,0,0,876,12:05,Cloudy,8,17,NaN,NaN,NaN,NaN,0
20181202,1643,0.822,0,0,1320,10:55,Showers,9,14,NaN,NaN,NaN,NaN,0
20181201,4033,2.016,0,0,928,12:20,Cloudy,7,16,NaN,NaN,NaN,NaN,0
20181130,2142,1.071,0,0,989,13:50,Cloudy,8,14,NaN,NaN,NaN,NaN,0
20181129,3129,1.564,0,0,886,11:55,Cloudy,9,17,NaN,NaN,NaN,NaN,0
20181128,5500,2.750,0,0,1085,12:00,Mostly Cloudy,9,21,NaN,NaN,NaN,NaN,0
20181117,4415,2.208,0,0,1260,11:00,Cloudy,14,24,NaN,NaN,NaN,NaN,5123
20181116,1708,0.854,0,0,806,10:10,Showers,16,21,NaN,NaN,NaN,NaN,5174
20181115,1068,0.534,0,0,243,12:55,Showers,17,20,NaN,NaN,NaN,NaN,5225
20181114,4813,2.406,0,0,1068,11:20,Mostly Cloudy,17,26,NaN,NaN,NaN,NaN,5277
20181113,2446,1.223,0,0,803,13:15,Cloudy,17,23,NaN,NaN,NaN,NaN,5329
20181107,121,0.060,0,0,190,08:55,Showers,18,20,NaN,NaN,NaN,NaN,5655
20181106,2996,1.498,0,0,1619,11:45,Cloudy,17,27,NaN,NaN,NaN,NaN,5711
20181105,1223,0.612,0,0,610,14:20,Showers,18,23,NaN,NaN,NaN,NaN,5767
20181104,1866,0.933,0,0,406,12:25,Showers,16,21,NaN,NaN,NaN,NaN,5823
20181103,1987,0.994,0,0,NaN,NaN,Showers,20,20,NaN,NaN,NaN,NaN,5880
20181031,236,0.118,0,0,202,10:15,Showers,17,19,NaN,NaN,NaN,NaN,6050
20181029,31,0.016,0,0,113,15:00,Showers,18,20,NaN,NaN,NaN,NaN,6163
20181028,543,0.272,0,0,386,13:20,Showers,19,22,NaN,NaN,NaN,NaN,6220
20181027,662,0.331,0,0,203,12:50,Showers,19,22,NaN,NaN,NaN,NaN,6277
20181026,1195,0.598,0,0,308,12:15,Showers,20,24,NaN,NaN,NaN,NaN,6334
20181022,7396,3.698,0,0,1295,12:40,Mostly Cloudy,16,30,NaN,NaN,NaN,NaN,6558
20181021,4798,2.399,0,0,1101,13:20,Cloudy,19,29,NaN,NaN,NaN,NaN,6614
20181020,5691,2.846,0,0,1076,13:40,Mostly Cloudy,19,31,NaN,NaN,NaN,NaN,6669
20181019,6120,3.060,0,0,1135,12:25,Mostly Cloudy,18,32,NaN,NaN,NaN,NaN,6724
20181018,6306,3.153,0,0,1201,14:05,Mostly Cloudy,18,32,NaN,NaN,NaN,NaN,6779
20181017,2860,1.430,0,0,521,11:00,Cloudy,19,26,NaN,NaN,NaN,NaN,6833
20181016,6000,3.000,0,0,1330,14:05,Mostly Cloudy,19,32,NaN,NaN,NaN,NaN,6887
20181015,6117,3.058,0,0,1453,13:15,Mostly Cloudy,18,31,NaN,NaN,NaN,NaN,6940
20181014,7110,3.555,0,0,1228,13:00,Mostly Cloudy,19,32,NaN,NaN,NaN,NaN,6993
20181013,6335,3.168,0,0,1181,13:15,Mostly Cloudy,20,32,NaN,NaN,NaN,NaN,7046
20181012,7322,3.661,0,0,1270,13:15,Mostly Cloudy,20,33,NaN,NaN,NaN,NaN,7098
20181011,947,0.474,0,0,279,10:40,Showers,21,25,NaN,NaN,NaN,NaN,7149
20181010,5356,2.678,0,0,1501,12:05,Mostly Cloudy,20,34,NaN,NaN,NaN,NaN,7200
20181009,6290,3.145,0,0,1224,13:30,Mostly Cloudy,20,33,NaN,NaN,NaN,NaN,7250
20190525,7148,3.574,0,0,1749,13:35,Mostly Cloudy,-1,28,NaN,NaN,NaN,NaN,10828
20190524,10497,5.248,0,0,1591,13:15,Fine,-1,30,NaN,NaN,NaN,NaN,10824
20190523,11866,5.933,0,0,1673,12:25,Fine,-1,29,NaN,NaN,NaN,NaN,10819
20190522,11501,5.750,0,0,2085,12:40,Fine,-1,26,NaN,NaN,NaN,NaN,10814
20190521,11990,5.995,0,0,1708,13:05,Fine,-1,28,NaN,NaN,NaN,NaN,10808
20190520,2951,1.476,0,0,584,15:20,Cloudy,-1,23,NaN,NaN,NaN,NaN,10802
20190519,3395,1.698,0,0,712,13:30,Cloudy,-1,21,NaN,NaN,NaN,NaN,10795
20190518,3333,1.666,0,0,1747,15:30,Cloudy,-1,23,NaN,NaN,NaN,NaN,10787
20190517,7909,3.954,0,0,1482,12:00,Mostly Cloudy,-1,26,NaN,NaN,NaN,NaN,10778
20190516,11317,5.658,0,0,1907,13:05,Fine,-1,27,NaN,NaN,NaN,NaN,10769
20190515,10275,5.138,0,0,2085,14:45,Fine,-1,21,NaN,NaN,NaN,NaN,10760
20190514,10573,5.286,0,0,1848,11:15,Fine,-1,24,NaN,NaN,NaN,NaN,10749
20190513,8329,4.164,0,0,2085,12:05,Partly Cloudy,-1,24,NaN,NaN,NaN,NaN,10738
20190512,6089,3.044,0,0,1531,15:25,Mostly Cloudy,-1,22,NaN,NaN,NaN,NaN,10726
20190511,4470,2.235,0,0,1989,13:45,Cloudy,-1,27,NaN,NaN,NaN,NaN,10713
20190510,10941,5.470,0,0,1897,12:25,Fine,-1,27,NaN,NaN,NaN,NaN,10700
20190509,11032,5.516,0,0,1952,13:30,Fine,-1,24,NaN,NaN,NaN,NaN,10686
20190508,1560,0.780,0,0,242,14:55,Showers,-1,21,NaN,NaN,NaN,NaN,10670
20190507,10507,5.254,0,0,1967,13:05,Fine,-1,24,NaN,NaN,NaN,NaN,10655
20190506,12408,6.204,0,0,1712,13:25,Fine,-1,23,NaN,NaN,NaN,NaN,10638
20190505,4129,2.064,0,0,818,15:10,Cloudy,-1,20,NaN,NaN,NaN,NaN,10621
20190504,7506,3.753,0,0,2084,12:15,Mostly Cloudy,-1,23,NaN,NaN,NaN,NaN,10603
20190503,5357,2.678,0,0,1866,12:55,Mostly Cloudy,-1,23,NaN,NaN,NaN,NaN,10583
20190502,9763,4.882,0,0,1747,13:20,Partly Cloudy,-1,27,NaN,NaN,NaN,NaN,10564
20190501,11593,5.796,0,0,1618,13:25,Fine,-1,27,NaN,NaN,NaN,NaN,10543
20190430,11984,5.992,0,0,1721,12:55,Fine,-1,26,NaN,NaN,NaN,NaN,10521
20190429,9369,4.684,0,0,2048,11:40,Partly Cloudy,-1,22,NaN,NaN,NaN,NaN,10499
20190428,12211,6.106,0,0,1738,12:45,Fine,-1,22,NaN,NaN,NaN,NaN,10475
20190427,10634,5.317,0,0,1957,13:20,Fine,-1,25,NaN,NaN,NaN,NaN,10451
20190426,8002,4.001,0,0,1972,12:30,Partly Cloudy,-1,21,NaN,NaN,NaN,NaN,10426
20190425,3360,1.680,0,0,824,10:50,Cloudy,-1,22,NaN,NaN,NaN,NaN,10400
20190424,3182,1.591,0,0,1439,11:05,Cloudy,-1,22,NaN,NaN,NaN,NaN,10373
20190423,1303,0.652,0,0,415,12:10,Showers,-1,21,NaN,NaN,NaN,NaN,10345
20190422,7253,3.626,0,0,1612,12:40,Mostly Cloudy,-1,26,NaN,NaN,NaN,NaN,10316
20190421,9132,4.566,0,0,1640,13:50,Partly Cloudy,-1,26,NaN,NaN,NaN,NaN,10286
20190420,11088,5.544,0,0,1578,13:00,Fine,-1,28,NaN,NaN,NaN,NaN,10256
20190419,10810,5.405,0,0,1573,13:15,Fine,-1,26,NaN,NaN,NaN,NaN,10224
20190418,10649,5.324,0,0,1682,13:15,Fine,-1,26,NaN,NaN,NaN,NaN,10191
20190417,11015,5.508,0,0,1561,13:50,Fine,-1,27,NaN,NaN,NaN,NaN,10158
20190416,8786,4.393,0,0,1825,12:55,Partly Cloudy,-1,23,NaN,NaN,NaN,NaN,10124
20190415,11224,5.612,0,0,1739,12:50,Fine,-1,22,NaN,NaN,NaN,NaN,10088
20190414,2456,1.228,0,0,630,14:50,Cloudy,-1,17,NaN,NaN,NaN,NaN,10052
20190413,7794,3.897,0,0,1874,13:20,Mostly Cloudy,-1,22,NaN,NaN,NaN,NaN,10015
20190227,8006,4.003,0,0,1356,12:20,Partly Cloudy,-1,21,NaN,NaN,NaN,NaN,6389
20190226,6633,3.316,0,0,1599,14:00,Mostly Cloudy,-1,19,NaN,NaN,NaN,NaN,6332
20190225,7769,3.884,0,0,1324,12:30,Mostly Cloudy,-1,16,NaN,NaN,NaN,NaN,6274
20190224,7001,3.500,0,0,1565,13:15,Mostly Cloudy,-1,13,NaN,NaN,NaN,NaN,6217
20190223,3736,1.868,0,0,1316,14:50,Cloudy,-1,14,NaN,NaN,NaN,NaN,6159
20190222,7523,3.762,0,0,1306,12:05,Mostly Cloudy,-1,18,NaN,NaN,NaN,NaN,6102
20190221,6720,3.360,0,0,1226,12:25,Mostly Cloudy,-1,17,NaN,NaN,NaN,NaN,6045
20190220,4894,2.447,0,0,1242,12:35,Cloudy,-1,15,NaN,NaN,NaN,NaN,5989
20190219,7151,3.576,0,0,1276,12:25,Mostly Cloudy,-1,17,NaN,NaN,NaN,NaN,5932
20190218,7257,3.628,0,0,1286,12:35,Mostly Cloudy,-1,17,NaN,NaN,NaN,NaN,5876
20190217,7182,3.591,0,0,1293,12:45,Mostly Cloudy,-1,19,NaN,NaN,NaN,NaN,5820
20190216,6834,3.417,0,0,1254,12:10,Mostly Cloudy,-1,17,NaN,NaN,NaN,NaN,5764
20190215,7203,3.602,0,0,1284,12:20,Mostly Cloudy,-1,15,NaN,NaN,NaN,NaN,5709
20190214,7238,3.619,0,0,1354,12:25,Mostly Cloudy,-1,15,NaN,NaN,NaN,NaN,5654
20190213,7026,3.513,0,0,1349,11:35,Mostly Cloudy,-1,15,NaN,NaN,NaN,NaN,5600
20190212,7523,3.762,0,0,1371,12:40,Mostly Cloudy,-1,15,NaN,NaN,NaN,NaN,5546
20190211,7472,3.736,0,0,1466,14:10,Mostly Cloudy,-1,13,NaN,NaN,NaN,NaN,5492
20190210,225,0.112,0,0,93,11:50,Showers,-1,14,NaN,NaN,NaN,NaN,5439
20190209,5723,2.862,0,0,1195,12:20,Mostly Cloudy,-1,12,NaN,NaN,NaN,NaN,5387
20190208,6464,3.232,0,0,1258,12:30,Mostly Cloudy,-1,12,NaN,NaN,NaN,NaN,5335
20190207,2795,1.398,0,0,837,11:35,Cloudy,-1,10,NaN,NaN,NaN,NaN,5284
20190206,7063,3.532,0,0,1284,12:15,Mostly Cloudy,-1,11,NaN,NaN,NaN,NaN,5233
20190202,659,0.330,0,0,543,11:45,Showers,-1,11,NaN,NaN,NaN,NaN,5038
20190201,33,0.016,0,0,29,12:15,Showers,-1,9,NaN,NaN,NaN,NaN,0
20190131,1457,0.728,0,0,494,12:20,Showers,-1,11,NaN,NaN,NaN,NaN,0
20190130,1664,0.832,0,0,635,13:00,Showers,-1,9,NaN,NaN,NaN,NaN,0
20190129,3514,1.757,0,0,1228,12:25,Mostly Cloudy,-1,-1,NaN,NaN,NaN,NaN,0
20190127,220,0.110,0,0,75,13:05,Showers,-1,-1,NaN,NaN,NaN,NaN,0
20190126,3665,1.832,0,0,1202,11:35,Cloudy,-1,9,NaN,NaN,NaN,NaN,0
20181208,5501,2.750,0,0,1088,12:00,Mostly Cloudy,11,24,NaN,NaN,NaN,NaN,0
20181207,2371,1.186,0,0,958,13:05,Cloudy,11,18,NaN,NaN,NaN,NaN,0
20181206,2544,1.272,0,0,874,12:15,Cloudy,11,19,NaN,NaN,NaN,NaN,0
20181205,4601,2.300,0,0,1063,10:45,Cloudy,9,18,NaN,NaN,NaN,NaN,0
20181204,4990,2.495,0,0,1014,11:25,Mostly Cloudy,9,19,NaN,NaN,NaN,NaN,0
20181203,3683,1.842,0,0,876,12:05,Cloudy,8,17,NaN,NaN,NaN,NaN,0
20181202,1643,0.822,0,0,1320,10:55,Showers,9,14,NaN,NaN,NaN,NaN,0
20181201,4033,2.016,0,0,928,12:20,Cloudy,7,16,NaN,NaN,NaN,NaN,0
20181130,2142,1.071,0,0,989,13:50,Cloudy,8,14,NaN,NaN,NaN,NaN,0
20181129,3129,1.564,0,0,886,11:55,Cloudy,9,17,NaN,NaN,NaN,NaN,0
20181128,5500,2.750,0,0,1085,12:00,Mostly Cloudy,9,21,NaN,NaN,NaN,NaN,0
20181117,4415,2.208,0,0,1260,11:00,Cloudy,14,24,NaN,NaN,NaN,NaN,5123
20181116,1708,0.854,0,0,806,10:10,Showers,16,21,NaN,NaN,NaN,NaN,5174
20181115,1068,0.534,0,0,243,12:55,Showers,17,20,NaN,NaN,NaN,NaN,5225
20181114,4813,2.406,0,0,1068,11:20,Mostly Cloudy,17,26,NaN,NaN,NaN,NaN,5277
20181113,2446,1.223,0,0,803,13:15,Cloudy,17,23,NaN,NaN,NaN,NaN,5329
20181107,121,0.060,0,0,190,08:55,Showers,18,20,NaN,NaN,NaN,NaN,5655
20181106,2996,1.498,0,0,1619,11:45,Cloudy,17,27,NaN,NaN,NaN,NaN,5711
20181105,1223,0.612,0,0,610,14:20,Showers,18,23,NaN,NaN,NaN,NaN,5767
20181104,1866,0.933,0,0,406,12:25,Showers,16,21,NaN,NaN,NaN,NaN,5823
20181103,1987,0.994,0,0,NaN,NaN,Showers,20,20,NaN,NaN,NaN,NaN,5880
20181031,236,0.118,0,0,202,10:15,Showers,17,19,NaN,NaN,NaN,NaN,6050
20181029,31,0.016,0,0,113,15:00,Showers,18,20,NaN,NaN,NaN,NaN,6163
20181028,543,0.272,0,0,386,13:20,Showers,19,22,NaN,NaN,NaN,NaN,6220
20181027,662,0.331,0,0,203,12:50,Showers,19,22,NaN,NaN,NaN,NaN,6277
20181026,1195,0.598,0,0,308,12:15,Showers,20,24,NaN,NaN,NaN,NaN,6334
20181022,7396,3.698,0,0,1295,12:40,Mostly Cloudy,16,30,NaN,NaN,NaN,NaN,6558
20181021,4798,2.399,0,0,1101,13:20,Cloudy,19,29,NaN,NaN,NaN,NaN,6614
20181020,5691,2.846,0,0,1076,13:40,Mostly Cloudy,19,31,NaN,NaN,NaN,NaN,6669
20181019,6120,3.060,0,0,1135,12:25,Mostly Cloudy,18,32,NaN,NaN,NaN,NaN,6724
20181018,6306,3.153,0,0,1201,14:05,Mostly Cloudy,18,32,NaN,NaN,NaN,NaN,6779
20181017,2860,1.430,0,0,521,11:00,Cloudy,19,26,NaN,NaN,NaN,NaN,6833
20181016,6000,3.000,0,0,1330,14:05,Mostly Cloudy,19,32,NaN,NaN,NaN,NaN,6887
20181015,6117,3.058,0,0,1453,13:15,Mostly Cloudy,18,31,NaN,NaN,NaN,NaN,6940
20181014,7110,3.555,0,0,1228,13:00,Mostly Cloudy,19,32,NaN,NaN,NaN,NaN,6993
20181013,6335,3.168,0,0,1181,13:15,Mostly Cloudy,20,32,NaN,NaN,NaN,NaN,7046
20181012,7322,3.661,0,0,1270,13:15,Mostly Cloudy,20,33,NaN,NaN,NaN,NaN,7098
20181011,947,0.474,0,0,279,10:40,Showers,21,25,NaN,NaN,NaN,NaN,7149
20181010,5356,2.678,0,0,1501,12:05,Mostly Cloudy,20,34,NaN,NaN,NaN,NaN,7200
20181009,6290,3.145,0,0,1224,13:30,Mostly Cloudy,20,33,NaN,NaN,NaN,NaN,7250
20181008,7360,3.680,0,0,1279,12:35,Mostly Cloudy,20,33,NaN,NaN,NaN,NaN,7300
20181007,7440,3.720,0,0,1400,13:30,Mostly Cloudy,18,34,NaN,NaN,NaN,NaN,7349
20181006,2144,1.072,0,0,505,10:45,Cloudy,20,25,NaN,NaN,NaN,NaN,8522
20181005,7347,3.674,0,0,1354,13:50,Mostly Cloudy,19,34,NaN,NaN,NaN,NaN,8578
20181004,8277,4.138,0,0,1388,13:20,Partly Cloudy,18,33,NaN,NaN,NaN,NaN,8635
20181003,8336,4.168,0,0,1375,12:40,Partly Cloudy,16,31,NaN,NaN,NaN,NaN,8690
20181002,8554,4.277,0,0,1487,12:00,Partly Cloudy,15,31,NaN,NaN,NaN,NaN,8745
20181001,1157,0.578,0,0,397,11:35,Showers,20,24,NaN,NaN,NaN,NaN,8798
20180930,5940,2.970,0,0,1358,14:00,Mostly Cloudy,22,33,NaN,NaN,NaN,NaN,8851
20180929,8307,4.154,0,0,1376,13:30,Partly Cloudy,20,37,NaN,NaN,NaN,NaN,8904
20180928,8785,4.392,0,0,1398,13:05,Partly Cloudy,18,34,NaN,NaN,NaN,NaN,8955
20180927,8718,4.359,0,0,1316,14:05,Partly Cloudy,27,33,NaN,NaN,NaN,NaN,9006
20181208,5501,2.750,0,0,1088,12:00,Mostly Cloudy,11,24,NaN,NaN,NaN,NaN,0
20181207,2371,1.186,0,0,958,13:05,Cloudy,11,18,NaN,NaN,NaN,NaN,0
20181206,2544,1.272,0,0,874,12:15,Cloudy,11,19,NaN,NaN,NaN,NaN,0
20181205,4601,2.300,0,0,1063,10:45,Cloudy,9,18,NaN,NaN,NaN,NaN,0
20181204,4990,2.495,0,0,1014,11:25,Mostly Cloudy,9,19,NaN,NaN,NaN,NaN,0
20181203,3683,1.842,0,0,876,12:05,Cloudy,8,17,NaN,NaN,NaN,NaN,0
20181202,1643,0.822,0,0,1320,10:55,Showers,9,14,NaN,NaN,NaN,NaN,0
20181201,4033,2.016,0,0,928,12:20,Cloudy,7,16,NaN,NaN,NaN,NaN,0
20181130,2142,1.071,0,0,989,13:50,Cloudy,8,14,NaN,NaN,NaN,NaN,0
20181129,3129,1.564,0,0,886,11:55,Cloudy,9,17,NaN,NaN,NaN,NaN,0
20181128,5500,2.750,0,0,1085,12:00,Mostly Cloudy,9,21,NaN,NaN,NaN,NaN,0
20181117,4415,2.208,0,0,1260,11:00,Cloudy,14,24,NaN,NaN,NaN,NaN,5123
20181116,1708,0.854,0,0,806,10:10,Showers,16,21,NaN,NaN,NaN,NaN,5174
20181115,1068,0.534,0,0,243,12:55,Showers,17,20,NaN,NaN,NaN,NaN,5225
20181114,4813,2.406,0,0,1068,11:20,Mostly Cloudy,17,26,NaN,NaN,NaN,NaN,5277
20181113,2446,1.223,0,0,803,13:15,Cloudy,17,23,NaN,NaN,NaN,NaN,5329
20181107,121,0.060,0,0,190,08:55,Showers,18,20,NaN,NaN,NaN,NaN,5655
20181106,2996,1.498,0,0,1619,11:45,Cloudy,17,27,NaN,NaN,NaN,NaN,5711
20181105,1223,0.612,0,0,610,14:20,Showers,18,23,NaN,NaN,NaN,NaN,5767
20181104,1866,0.933,0,0,406,12:25,Showers,16,21,NaN,NaN,NaN,NaN,5823
20181103,1987,0.994,0,0,NaN,NaN,Showers,20,20,NaN,NaN,NaN,NaN,5880
20181031,236,0.118,0,0,202,10:15,Showers,17,19,NaN,NaN,NaN,NaN,6050
20181029,31,0.016,0,0,113,15:00,Showers,18,20,NaN,NaN,NaN,NaN,6163
20181028,543,0.272,0,0,386,13:20,Showers,19,22,NaN,NaN,NaN,NaN,6220
20181027,662,0.331,0,0,203,12:50,Showers,19,22,NaN,NaN,NaN,NaN,6277
20181026,1195,0.598,0,0,308,12:15,Showers,20,24,NaN,NaN,NaN,NaN,6334
20181022,7396,3.698,0,0,1295,12:40,Mostly Cloudy,16,30,NaN,NaN,NaN,NaN,6558
20181021,4798,2.399,0,0,1101,13:20,Cloudy,19,29,NaN,NaN,NaN,NaN,6614
20181020,5691,2.846,0,0,1076,13:40,Mostly Cloudy,19,31,NaN,NaN,NaN,NaN,6669
20181019,6120,3.060,0,0,1135,12:25,Mostly Cloudy,18,32,NaN,NaN,NaN,NaN,6724
20181018,6306,3.153,0,0,1201,14:05,Mostly Cloudy,18,32,NaN,NaN,NaN,NaN,6779
20181017,2860,1.430,0,0,521,11:00,Cloudy,19,26,NaN,NaN,NaN,NaN,6833
20181016,6000,3.000,0,0,1330,14:05,Mostly Cloudy,19,32,NaN,NaN,NaN,NaN,6887
20181015,6117,3.058,0,0,1453,13:15,Mostly Cloudy,18,31,NaN,NaN,NaN,NaN,6940
20181014,7110,3.555,0,0,1228,13:00,Mostly Cloudy,19,32,NaN,NaN,NaN,NaN,6993
20181013,6335,3.168,0,0,1181,13:15,Mostly Cloudy,20,32,NaN,NaN,NaN,NaN,7046
20181012,7322,3.661,0,0,1270,13:15,Mostly Cloudy,20,33,NaN,NaN,NaN,NaN,7098
20181011,947,0.474,0,0,279,10:40,Showers,21,25,NaN,NaN,NaN,NaN,7149
20181010,5356,2.678,0,0,1501,12:05,Mostly Cloudy,20,34,NaN,NaN,NaN,NaN,7200
20181009,6290,3.145,0,0,1224,13:30,Mostly Cloudy,20,33,NaN,NaN,NaN,NaN,7250
20181008,7360,3.680,0,0,1279,12:35,Mostly Cloudy,20,33,NaN,NaN,NaN,NaN,7300
20181007,7440,3.720,0,0,1400,13:30,Mostly Cloudy,18,34,NaN,NaN,NaN,NaN,7349
20181006,2144,1.072,0,0,505,10:45,Cloudy,20,25,NaN,NaN,NaN,NaN,8522
20181005,7347,3.674,0,0,1354,13:50,Mostly Cloudy,19,34,NaN,NaN,NaN,NaN,8578
20181004,8277,4.138,0,0,1388,13:20,Partly Cloudy,18,33,NaN,NaN,NaN,NaN,8635
20181003,8336,4.168,0,0,1375,12:40,Partly Cloudy,16,31,NaN,NaN,NaN,NaN,8690
20181002,8554,4.277,0,0,1487,12:00,Partly Cloudy,15,31,NaN,NaN,NaN,NaN,8745
20181001,1157,0.578,0,0,397,11:35,Showers,20,24,NaN,NaN,NaN,NaN,8798
20180930,5940,2.970,0,0,1358,14:00,Mostly Cloudy,22,33,NaN,NaN,NaN,NaN,8851
20180929,8307,4.154,0,0,1376,13:30,Partly Cloudy,20,37,NaN,NaN,NaN,NaN,8904
20180928,8785,4.392,0,0,1398,13:05,Partly Cloudy,18,34,NaN,NaN,NaN,NaN,8955
20180927,8718,4.359,0,0,1316,14:05,Partly Cloudy,27,33,NaN,NaN,NaN,NaN,9006
