Date,Energy Generated,Efficiency,Energy Exported,Energy Used,Peak Power,Peak Time,Condition,Min. Temperature,Max. Temperature,Peak Energy Import,Off-Peak Energy Import,Shoulder Energy Import,High-Shoulder Energy Import,Insolation
20220410,22439,2.615,0,0,7125,11:50,Partly Cloudy,14,25,NaN,NaN,NaN,NaN,42939
20220409,25314,2.950,0,0,6891,13:20,Partly Cloudy,14,23,NaN,NaN,NaN,NaN,43221
20220408,18817,2.193,0,0,6882,12:25,Mostly Cloudy,17,23,NaN,NaN,NaN,NaN,43501
20220407,5318,0.620,0,0,1151,13:15,Showers,16,19,NaN,NaN,NaN,NaN,43781
20220406,4523,0.527,0,0,1038,09:50,Showers,17,18,NaN,NaN,NaN,NaN,44060
20220405,38565,4.495,0,0,6645,12:55,Fine,11,25,NaN,NaN,NaN,NaN,44338
20220404,40003,4.662,0,0,6653,12:30,Fine,9,27,NaN,NaN,NaN,NaN,44614
20220403,35723,4.164,0,0,6785,12:15,Fine,12,26,NaN,NaN,NaN,NaN,44866
20220402,25147,2.931,0,0,5863,15:55,Partly Cloudy,15,22,NaN,NaN,NaN,NaN,45162
20220401,20314,2.368,0,0,5791,12:05,Mostly Cloudy,13,19,NaN,NaN,NaN,NaN,45434
20220331,12554,1.463,0,0,5035,13:35,Cloudy,17,20,NaN,NaN,NaN,NaN,45704
20220330,28485,3.320,0,0,7406,14:35,Partly Cloudy,15,24,NaN,NaN,NaN,NaN,45973
20220329,11881,1.385,0,0,5661,13:45,Cloudy,19,23,NaN,NaN,NaN,NaN,46239
20220328,25031,2.917,0,0,6560,11:55,Partly Cloudy,16,25,NaN,NaN,NaN,NaN,46503
20220327,12613,1.470,0,0,3610,11:50,Cloudy,14,22,NaN,NaN,NaN,NaN,46765
20220326,13581,1.583,0,0,5121,13:25,Cloudy,17,22,NaN,NaN,NaN,NaN,47025
20220325,23119,2.695,0,0,6963,13:25,Partly Cloudy,16,23,NaN,NaN,NaN,NaN,47283
20220324,7271,0.847,0,0,2727,16:15,Cloudy,18,19,NaN,NaN,NaN,NaN,47538
20220323,25252,2.943,0,0,5461,11:35,Partly Cloudy,17,24,NaN,NaN,NaN,NaN,47790
20220322,42138,4.911,0,0,6538,14:10,Fine,13,28,NaN,NaN,NaN,NaN,48040
20220321,30430,3.547,0,0,7463,11:15,Partly Cloudy,17,24,NaN,NaN,NaN,NaN,48287
20220320,43175,5.032,0,0,7093,12:40,Fine,15,25,NaN,NaN,NaN,NaN,48531
20220319,13296,1.550,0,0,3845,15:55,Cloudy,19,21,NaN,NaN,NaN,NaN,48772
20220318,38686,4.509,0,0,6944,14:00,Fine,18,28,NaN,NaN,NaN,NaN,49011
20220317,31896,3.717,0,0,6839,12:00,Fine,15,27,NaN,NaN,NaN,NaN,49246
20220316,22291,2.598,0,0,6329,15:25,Partly Cloudy,17,24,NaN,NaN,NaN,NaN,49478
20220315,41968,4.891,0,0,7456,13:40,Fine,12,24,NaN,NaN,NaN,NaN,49707
20220314,25114,2.927,0,0,7496,11:55,Partly Cloudy,14,24,NaN,NaN,NaN,NaN,49933
20220313,24329,2.836,0,0,6137,12:35,Partly Cloudy,14,23,NaN,NaN,NaN,NaN,50155
20220312,36875,4.298,0,0,7336,14:40,Fine,14,25,NaN,NaN,NaN,NaN,50374
20220311,43415,5.060,0,0,7643,12:25,Fine,14,23,NaN,NaN,NaN,NaN,50590
20220310,41580,4.846,0,0,7636,14:20,Fine,15,22,NaN,NaN,NaN,NaN,50802
20220309,27711,3.230,0,0,7464,14:45,Partly Cloudy,18,24,NaN,NaN,NaN,NaN,51010
20220308,4239,0.494,0,0,1120,12:10,Showers,20,22,NaN,NaN,NaN,NaN,51215
20220307,13305,1.551,0,0,4192,15:45,Cloudy,22,26,NaN,NaN,NaN,NaN,51416
20220306,17809,2.076,0,0,5906,12:55,Mostly Cloudy,19,25,NaN,NaN,NaN,NaN,51614
20220305,29765,3.469,0,0,6105,15:55,Partly Cloudy,20,28,NaN,NaN,NaN,NaN,51807
20220304,31892,3.717,0,0,7484,13:00,Fine,21,25,NaN,NaN,NaN,NaN,51997
20220303,21279,2.480,0,0,6366,15:00,Partly Cloudy,19,24,NaN,NaN,NaN,NaN,52184
20220302,5573,0.650,0,0,1537,13:35,Showers,19,22,NaN,NaN,NaN,NaN,52366
20220301,20188,2.353,0,0,5491,13:00,Mostly Cloudy,18,23,NaN,NaN,NaN,NaN,52545
20220228,20257,2.361,0,0,4991,10:50,Mostly Cloudy,19,25,NaN,NaN,NaN,NaN,52720
20220227,26692,3.111,0,0,5557,14:15,Partly Cloudy,18,25,NaN,NaN,NaN,NaN,52891
20220226,10731,1.251,0,0,2345,15:50,Cloudy,19,22,NaN,NaN,NaN,NaN,53058
20220225,12087,1.409,0,0,3013,16:00,Cloudy,20,23,NaN,NaN,NaN,NaN,53222
20220224,21127,2.462,0,0,6680,13:45,Mostly Cloudy,20,27,NaN,NaN,NaN,NaN,53381
20220223,23371,2.724,0,0,6693,15:05,Mostly Cloudy,19,26,NaN,NaN,NaN,NaN,53537
20220222,3436,0.400,0,0,1083,16:40,Showers,19,22,NaN,NaN,NaN,NaN,53689
20220221,39350,4.586,0,0,7089,14:05,Fine,20,31,NaN,NaN,NaN,NaN,53836
20220220,46826,5.458,0,0,6969,13:40,Fine,17,28,NaN,NaN,NaN,NaN,53980
20220219,14550,1.696,0,0,4833,13:50,Cloudy,19,23,NaN,NaN,NaN,NaN,54120
20220218,45437,5.296,0,0,7013,13:35,Fine,18,30,NaN,NaN,NaN,NaN,54257
20220217,41840,4.876,0,0,6967,12:30,Fine,16,32,NaN,NaN,NaN,NaN,54389
20220216,44318,5.165,0,0,7357,13:40,Fine,16,27,NaN,NaN,NaN,NaN,54518
20220215,46658,5.438,0,0,7336,12:05,Fine,16,27,NaN,NaN,NaN,NaN,54642
20220214,45452,5.297,0,0,7641,13:55,Fine,13,27,NaN,NaN,NaN,NaN,54763
20220213,31316,3.650,0,0,7669,14:35,Partly Cloudy,17,25,NaN,NaN,NaN,NaN,54880
20220212,14114,1.645,0,0,4585,11:55,Cloudy,20,23,NaN,NaN,NaN,NaN,54994
20220211,25965,3.026,0,0,6392,14:20,Mostly Cloudy,19,24,NaN,NaN,NaN,NaN,55104
20220210,40732,4.747,0,0,6972,14:00,Fine,15,33,NaN,NaN,NaN,NaN,55211
20220209,49315,5.748,0,0,7543,13:55,Fine,13,31,NaN,NaN,NaN,NaN,55314
20220208,37786,4.404,0,0,7685,13:45,Partly Cloudy,15,25,NaN,NaN,NaN,NaN,55414
20220207,29699,3.461,0,0,7263,12:55,Partly Cloudy,16,23,NaN,NaN,NaN,NaN,55510
20220206,42723,4.979,0,0,7667,13:25,Fine,18,24,NaN,NaN,NaN,NaN,55602
20220205,37370,4.355,0,0,7561,12:45,Partly Cloudy,16,24,NaN,NaN,NaN,NaN,55691
20220204,32042,3.734,0,0,6457,16:10,Partly Cloudy,15,23,NaN,NaN,NaN,NaN,55777
20220203,45099,5.256,0,0,7626,12:45,Fine,18,23,NaN,NaN,NaN,NaN,55859
20220202,11208,1.306,0,0,3648,12:50,Cloudy,20,21,NaN,NaN,NaN,NaN,55939
20220201,40024,4.665,0,0,6805,13:45,Fine,19,35,NaN,NaN,NaN,NaN,56015
20220131,41377,4.822,0,0,7569,13:15,Partly Cloudy,19,30,NaN,NaN,NaN,NaN,56087
20220130,44825,5.224,0,0,7482,12:00,Fine,20,28,NaN,NaN,NaN,NaN,56158
20220129,46058,5.368,0,0,7454,13:50,Fine,21,28,NaN,NaN,NaN,NaN,56225
20220128,46935,5.470,0,0,7121,13:45,Fine,22,28,NaN,NaN,NaN,NaN,56290
20220127,43501,5.070,0,0,7680,14:35,Fine,17,27,NaN,NaN,NaN,NaN,56351
20220126,36084,4.206,0,0,7676,15:10,Partly Cloudy,18,26,NaN,NaN,NaN,NaN,56410
20220125,34176,3.983,0,0,7005,13:55,Partly Cloudy,20,26,NaN,NaN,NaN,NaN,56466
20220124,41936,4.888,0,0,7404,15:15,Fine,18,25,NaN,NaN,NaN,NaN,56519
20220123,47620,5.550,0,0,7549,13:30,Fine,18,24,NaN,NaN,NaN,NaN,56570
20220122,48443,5.646,0,0,7626,14:05,Fine,14,24,NaN,NaN,NaN,NaN,56618
20220121,32650,3.805,0,0,7653,13:10,Partly Cloudy,18,24,NaN,NaN,NaN,NaN,56664
20220120,38920,4.536,0,0,7352,13:40,Partly Cloudy,19,23,NaN,NaN,NaN,NaN,56708
20220119,18100,2.110,0,0,7037,13:25,Cloudy,18,23,NaN,NaN,NaN,NaN,56750
20220118,18908,2.204,0,0,3719,12:10,Mostly Cloudy,22,23,NaN,NaN,NaN,NaN,56789
20220117,37947,4.423,0,0,7026,12:15,Partly Cloudy,19,30,NaN,NaN,NaN,NaN,56826
20220116,52941,6.170,0,0,7285,13:40,Fine,20,27,NaN,NaN,NaN,NaN,56861
20220115,31363,3.655,0,0,7123,15:25,Partly Cloudy,20,30,NaN,NaN,NaN,NaN,56894
20220114,43804,5.105,0,0,7628,13:35,Fine,18,28,NaN,NaN,NaN,NaN,56925
20220113,29249,3.409,0,0,7014,16:15,Partly Cloudy,19,24,NaN,NaN,NaN,NaN,56954
20220112,30901,3.602,0,0,7555,13:30,Partly Cloudy,21,26,NaN,NaN,NaN,NaN,56982
20220111,30101,3.508,0,0,6873,13:45,Partly Cloudy,22,28,NaN,NaN,NaN,NaN,57008
20220110,37346,4.353,0,0,6718,13:35,Partly Cloudy,20,28,NaN,NaN,NaN,NaN,57032
20220109,21474,2.503,0,0,5073,09:45,Mostly Cloudy,21,24,NaN,NaN,NaN,NaN,57055
20220108,48579,5.662,0,0,7511,14:55,Fine,19,32,NaN,NaN,NaN,NaN,57076
20220107,18987,2.213,0,0,5144,15:05,Mostly Cloudy,22,26,NaN,NaN,NaN,NaN,57095
20220106,40379,4.706,0,0,6771,13:50,Partly Cloudy,21,27,NaN,NaN,NaN,NaN,57113
20220105,20895,2.435,0,0,5901,11:20,Mostly Cloudy,19,25,NaN,NaN,NaN,NaN,57129
20220104,48941,5.704,0,0,7671,14:50,Fine,18,27,NaN,NaN,NaN,NaN,57144
20220103,54938,6.403,0,0,7195,13:25,Fine,18,27,NaN,NaN,NaN,NaN,57158
20220102,55651,6.486,0,0,7135,13:45,Fine,18,28,NaN,NaN,NaN,NaN,57171
20220101,47497,5.536,0,0,7679,14:05,Fine,16,27,NaN,NaN,NaN,NaN,57183
20211231,57633,6.717,0,0,7432,13:55,Fine,14,27,NaN,NaN,NaN,NaN,57194
20211230,54009,6.295,0,0,7535,12:45,Fine,12,26,NaN,NaN,NaN,NaN,57203
20211229,30888,3.600,0,0,6686,14:35,Partly Cloudy,13,23,NaN,NaN,NaN,NaN,57211
20211228,39460,4.599,0,0,7497,15:10,Partly Cloudy,15,21,NaN,NaN,NaN,NaN,57218
20211227,31765,3.702,0,0,6970,12:40,Partly Cloudy,18,22,NaN,NaN,NaN,NaN,57223
20211226,32973,3.843,0,0,7127,12:45,Partly Cloudy,18,26,NaN,NaN,NaN,NaN,57228
20211225,50829,5.924,0,0,7094,14:05,Fine,18,29,NaN,NaN,NaN,NaN,57232
20211224,50626,5.900,0,0,7489,13:20,Fine,19,26,NaN,NaN,NaN,NaN,57236
20211223,21916,2.554,0,0,6874,15:25,Mostly Cloudy,20,27,NaN,NaN,NaN,NaN,57238
20211222,35224,4.105,0,0,7094,14:35,Partly Cloudy,21,25,NaN,NaN,NaN,NaN,57239
20211221,56920,6.634,0,0,7306,13:40,Fine,19,28,NaN,NaN,NaN,NaN,57239
20211220,50263,5.858,0,0,7397,14:00,Fine,17,28,NaN,NaN,NaN,NaN,57238
20211219,32413,3.778,0,0,7004,12:45,Partly Cloudy,21,34,NaN,NaN,NaN,NaN,57236
20211218,46603,5.432,0,0,7602,14:10,Fine,16,33,NaN,NaN,NaN,NaN,57233
20211217,38659,4.506,0,0,7244,14:50,Partly Cloudy,17,25,NaN,NaN,NaN,NaN,57228
20211216,28672,3.342,0,0,7629,12:25,Partly Cloudy,19,24,NaN,NaN,NaN,NaN,57223
20211215,51628,6.017,0,0,6997,14:05,Fine,13,29,NaN,NaN,NaN,NaN,57217
20211214,55481,6.466,0,0,7496,13:45,Fine,12,24,NaN,NaN,NaN,NaN,57211
20211213,57721,6.727,0,0,7421,13:30,Fine,16,22,NaN,NaN,NaN,NaN,57203
20211212,57720,6.727,0,0,7680,14:00,Fine,14,21,NaN,NaN,NaN,NaN,57194
20211211,49119,5.725,0,0,7576,14:30,Fine,15,21,NaN,NaN,NaN,NaN,57183
20211210,21784,2.539,0,0,6051,10:35,Mostly Cloudy,13,22,NaN,NaN,NaN,NaN,57172
20211209,48048,5.600,0,0,7585,14:25,Fine,16,23,NaN,NaN,NaN,NaN,57159
20211208,15675,1.827,0,0,4497,10:50,Cloudy,17,19,NaN,NaN,NaN,NaN,57145
20211207,35101,4.091,0,0,7263,14:35,Partly Cloudy,16,28,NaN,NaN,NaN,NaN,57130
20211206,19181,2.236,0,0,4496,11:50,Mostly Cloudy,14,22,NaN,NaN,NaN,NaN,57113
20211205,16213,1.890,0,0,3368,09:55,Cloudy,16,19,NaN,NaN,NaN,NaN,57095
20211204,26686,3.110,0,0,6585,14:25,Mostly Cloudy,17,21,NaN,NaN,NaN,NaN,57076
20211203,36358,4.238,0,0,7384,13:40,Partly Cloudy,16,29,NaN,NaN,NaN,NaN,57055
20211202,48717,5.678,0,0,7517,13:15,Fine,15,26,NaN,NaN,NaN,NaN,57032
20211201,44543,5.191,0,0,7623,13:50,Fine,18,26,NaN,NaN,NaN,NaN,57008
20211130,18531,2.160,0,0,2868,12:50,Mostly Cloudy,17,21,NaN,NaN,NaN,NaN,56983
20211129,37492,4.370,0,0,7507,12:40,Partly Cloudy,14,21,NaN,NaN,NaN,NaN,56955
20211128,30569,3.563,0,0,7255,13:05,Partly Cloudy,15,20,NaN,NaN,NaN,NaN,56926
20211127,22691,2.645,0,0,5001,14:45,Mostly Cloudy,15,18,NaN,NaN,NaN,NaN,56895
20211126,13615,1.587,0,0,4451,14:40,Cloudy,16,18,NaN,NaN,NaN,NaN,56863
20211125,17360,2.023,0,0,4334,15:40,Cloudy,20,25,NaN,NaN,NaN,NaN,56828
20211124,34384,4.007,0,0,7150,14:05,Partly Cloudy,17,26,NaN,NaN,NaN,NaN,56791
20211123,31342,3.653,0,0,7468,14:30,Partly Cloudy,16,21,NaN,NaN,NaN,NaN,56752
20211122,35110,4.092,0,0,6899,12:55,Partly Cloudy,15,20,NaN,NaN,NaN,NaN,56711
20211121,9146,1.066,0,0,2247,12:00,Showers,15,15,NaN,NaN,NaN,NaN,56668
20211120,15302,1.783,0,0,2907,11:35,Cloudy,17,20,NaN,NaN,NaN,NaN,56623
20211119,26024,3.033,0,0,7177,14:00,Mostly Cloudy,16,29,NaN,NaN,NaN,NaN,56575
20211118,53582,6.245,0,0,7379,13:35,Fine,12,25,NaN,NaN,NaN,NaN,56524
20211117,47507,5.537,0,0,7686,13:30,Fine,10,20,NaN,NaN,NaN,NaN,56472
20211116,56011,6.528,0,0,7649,12:20,Fine,10,19,NaN,NaN,NaN,NaN,56416
20211115,48677,5.673,0,0,7669,13:25,Fine,8,22,NaN,NaN,NaN,NaN,56358
20211114,41638,4.853,0,0,7630,12:40,Fine,8,22,NaN,NaN,NaN,NaN,56298
20211113,39560,4.611,0,0,7405,11:10,Partly Cloudy,13,20,NaN,NaN,NaN,NaN,56235
20211112,30683,3.576,0,0,7222,14:20,Partly Cloudy,12,20,NaN,NaN,NaN,NaN,56169
20211111,15016,1.750,0,0,4285,12:10,Cloudy,17,18,NaN,NaN,NaN,NaN,56100
20211110,8888,1.036,0,0,1773,16:15,Showers,18,21,NaN,NaN,NaN,NaN,56028
20211109,41674,4.857,0,0,7511,12:00,Fine,16,24,NaN,NaN,NaN,NaN,55953
20211108,38858,4.529,0,0,7366,14:20,Partly Cloudy,17,22,NaN,NaN,NaN,NaN,55875
20211107,15141,1.765,0,0,5979,11:30,Cloudy,15,23,NaN,NaN,NaN,NaN,55794
20211106,50853,5.927,0,0,7156,13:20,Fine,13,24,NaN,NaN,NaN,NaN,55710
20211105,28048,3.269,0,0,7372,15:05,Partly Cloudy,16,23,NaN,NaN,NaN,NaN,55622
20211104,13045,1.520,0,0,1959,13:20,Cloudy,17,20,NaN,NaN,NaN,NaN,55532
20211103,40832,4.759,0,0,7563,13:40,Partly Cloudy,14,23,NaN,NaN,NaN,NaN,55437
20211102,47022,5.480,0,0,7698,12:45,Fine,12,24,NaN,NaN,NaN,NaN,55340
20211101,34542,4.026,0,0,6661,11:55,Partly Cloudy,9,23,NaN,NaN,NaN,NaN,55239
20211031,39885,4.649,0,0,7686,13:05,Partly Cloudy,9,21,NaN,NaN,NaN,NaN,55134
20211030,39391,4.591,0,0,7631,12:55,Partly Cloudy,15,18,NaN,NaN,NaN,NaN,55026
20211029,41539,4.841,0,0,6986,13:50,Partly Cloudy,15,32,NaN,NaN,NaN,NaN,54915
20211028,41867,4.880,0,0,7344,12:15,Fine,14,31,NaN,NaN,NaN,NaN,54800
20211027,45676,5.324,0,0,7355,12:05,Fine,14,24,NaN,NaN,NaN,NaN,54682
20211026,44021,5.131,0,0,7640,12:25,Fine,9,20,NaN,NaN,NaN,NaN,54560
20211025,51270,5.976,0,0,7598,13:50,Fine,11,21,NaN,NaN,NaN,NaN,54434
20211024,45226,5.271,0,0,7640,13:25,Fine,16,20,NaN,NaN,NaN,NaN,54305
20211023,46464,5.415,0,0,7610,14:20,Fine,12,28,NaN,NaN,NaN,NaN,54172
20211022,46463,5.415,0,0,7404,13:20,Fine,13,23,NaN,NaN,NaN,NaN,54035
20211021,47346,5.518,0,0,7448,13:45,Fine,11,22,NaN,NaN,NaN,NaN,53894
20211020,48847,5.693,0,0,7547,13:10,Fine,8,21,NaN,NaN,NaN,NaN,53749
20211019,40042,4.667,0,0,7469,13:40,Partly Cloudy,11,23,NaN,NaN,NaN,NaN,53601
20211018,48579,5.662,0,0,7215,13:10,Fine,9,26,NaN,NaN,NaN,NaN,53449
20211017,49606,5.782,0,0,7321,13:20,Fine,6,21,NaN,NaN,NaN,NaN,53294
20211016,38518,4.489,0,0,7601,14:10,Partly Cloudy,12,22,NaN,NaN,NaN,NaN,53135
20211015,35351,4.120,0,0,7563,13:00,Partly Cloudy,13,22,NaN,NaN,NaN,NaN,52972
20211014,32076,3.738,0,0,7498,12:35,Partly Cloudy,15,24,NaN,NaN,NaN,NaN,52805
20211013,15484,1.805,0,0,3551,14:25,Cloudy,13,18,NaN,NaN,NaN,NaN,52634
20211012,16535,1.927,0,0,5282,11:50,Cloudy,12,17,NaN,NaN,NaN,NaN,52459
20211011,11852,1.381,0,0,3077,14:00,Cloudy,10,13,NaN,NaN,NaN,NaN,52281
20211010,25100,2.925,0,0,7256,13:40,Mostly Cloudy,12,26,NaN,NaN,NaN,NaN,52099
20211009,44761,5.217,0,0,6816,13:15,Fine,10,27,NaN,NaN,NaN,NaN,51914
20211008,37401,4.359,0,0,7263,13:35,Partly Cloudy,14,20,NaN,NaN,NaN,NaN,51725
20211007,42712,4.978,0,0,7056,13:35,Fine,8,29,NaN,NaN,NaN,NaN,51533
20211006,47365,5.520,0,0,7043,13:30,Fine,9,24,NaN,NaN,NaN,NaN,51337
20211005,48376,5.638,0,0,7474,13:45,Fine,9,21,NaN,NaN,NaN,NaN,51137
20211004,43629,5.085,0,0,7269,13:55,Fine,13,26,NaN,NaN,NaN,NaN,50933
20211003,38666,4.507,0,0,7200,14:20,Partly Cloudy,10,24,NaN,NaN,NaN,NaN,50726
20211002,30777,3.587,0,0,7414,13:15,Partly Cloudy,9,23,NaN,NaN,NaN,NaN,50516
20211001,33343,3.886,0,0,7069,12:05,Partly Cloudy,13,25,NaN,NaN,NaN,NaN,50303
20210930,33538,3.909,0,0,7080,13:30,Partly Cloudy,12,23,NaN,NaN,NaN,NaN,50086
20210929,13003,1.516,0,0,4610,08:45,Cloudy,11,21,NaN,NaN,NaN,NaN,49866
20210928,40941,4.772,0,0,7526,12:35,Fine,6,22,NaN,NaN,NaN,NaN,49643
20210927,31757,3.701,0,0,7219,13:50,Partly Cloudy,7,18,NaN,NaN,NaN,NaN,49416
20210926,36298,4.231,0,0,7255,13:10,Partly Cloudy,10,15,NaN,NaN,NaN,NaN,49187
20210925,45044,5.250,0,0,7312,12:10,Fine,7,20,NaN,NaN,NaN,NaN,48954
20210924,42040,4.900,0,0,7266,12:55,Fine,7,26,NaN,NaN,NaN,NaN,48719
20210923,44125,5.143,0,0,6813,12:15,Fine,7,27,NaN,NaN,NaN,NaN,48481
20210922,45560,5.310,0,0,7058,12:25,Fine,7,18,NaN,NaN,NaN,NaN,48239
20210921,42031,4.899,0,0,7395,12:55,Fine,8,16,NaN,NaN,NaN,NaN,47995
20210920,44379,5.172,0,0,6995,12:55,Fine,7,25,NaN,NaN,NaN,NaN,47749
20210919,44519,5.189,0,0,6963,12:15,Fine,5,23,NaN,NaN,NaN,NaN,47500
20210918,13209,1.540,0,0,2797,11:45,Cloudy,12,23,NaN,NaN,NaN,NaN,47249
20210917,43966,5.124,0,0,7385,12:40,Fine,5,21,NaN,NaN,NaN,NaN,46995
20210916,41204,4.802,0,0,7489,12:15,Fine,7,16,NaN,NaN,NaN,NaN,46739
20210915,40244,4.690,0,0,7417,12:00,Fine,7,17,NaN,NaN,NaN,NaN,46480
20210914,29979,3.494,0,0,6713,11:35,Partly Cloudy,9,15,NaN,NaN,NaN,NaN,46219
20210913,22639,2.639,0,0,6353,10:20,Mostly Cloudy,11,17,NaN,NaN,NaN,NaN,45957
20210912,42765,4.984,0,0,6733,13:00,Fine,9,29,NaN,NaN,NaN,NaN,45693
20210911,42729,4.980,0,0,6608,12:35,Fine,7,28,NaN,NaN,NaN,NaN,45427
20210910,32843,3.828,0,0,6274,14:00,Partly Cloudy,9,24,NaN,NaN,NaN,NaN,45159
20210909,40169,4.682,0,0,7349,12:15,Fine,6,27,NaN,NaN,NaN,NaN,44889
20210908,41897,4.883,0,0,6593,12:45,Fine,5,22,NaN,NaN,NaN,NaN,44618
20210907,43178,5.032,0,0,6792,12:30,Fine,4,23,NaN,NaN,NaN,NaN,44346
20210906,41651,4.854,0,0,7007,12:45,Fine,8,18,NaN,NaN,NaN,NaN,44072
20210905,39331,4.584,0,0,7436,12:55,Fine,13,18,NaN,NaN,NaN,NaN,43798
20210904,14051,1.638,0,0,3777,11:50,Cloudy,12,22,NaN,NaN,NaN,NaN,43522
20210903,39737,4.631,0,0,6174,12:55,Fine,9,24,NaN,NaN,NaN,NaN,43246
20210902,29345,3.420,0,0,7223,12:50,Partly Cloudy,9,22,NaN,NaN,NaN,NaN,42968
20210901,39840,4.643,0,0,6172,12:45,Fine,4,24,NaN,NaN,NaN,NaN,42690
20210831,40077,4.671,0,0,6242,12:15,Fine,4,22,NaN,NaN,NaN,NaN,42411
20210830,36718,4.279,0,0,6388,12:40,Fine,3,19,NaN,NaN,NaN,NaN,42132
20210829,18857,2.198,0,0,4685,13:05,Mostly Cloudy,4,17,NaN,NaN,NaN,NaN,41853
20210828,20874,2.433,0,0,6998,13:35,Partly Cloudy,6,17,NaN,NaN,NaN,NaN,41574
20210827,29408,3.428,0,0,7338,11:45,Partly Cloudy,3,20,NaN,NaN,NaN,NaN,41294
20210826,28946,3.374,0,0,6663,11:20,Partly Cloudy,4,17,NaN,NaN,NaN,NaN,41015
20210825,19909,2.320,0,0,6179,12:20,Mostly Cloudy,8,15,NaN,NaN,NaN,NaN,40736
20210824,2517,0.293,0,0,1601,11:35,Showers,9,10,NaN,NaN,NaN,NaN,40457
20210823,17846,2.080,0,0,5959,12:35,Mostly Cloudy,9,24,NaN,NaN,NaN,NaN,40179
20210822,36074,4.204,0,0,6036,13:00,Fine,6,26,NaN,NaN,NaN,NaN,39901
20210821,27665,3.224,0,0,6406,12:05,Partly Cloudy,9,23,NaN,NaN,NaN,NaN,39624
20210820,38122,4.443,0,0,5954,12:55,Fine,7,23,NaN,NaN,NaN,NaN,39349
20210819,35164,4.098,0,0,6090,13:55,Fine,4,21,NaN,NaN,NaN,NaN,39074
20210818,35651,4.155,0,0,7262,12:25,Fine,6,19,NaN,NaN,NaN,NaN,38800
20210817,39660,4.622,0,0,6203,12:50,Fine,5,18,NaN,NaN,NaN,NaN,38527
20210816,38709,4.512,0,0,6013,12:15,Fine,2,22,NaN,NaN,NaN,NaN,38256
20210815,39476,4.601,0,0,6234,12:15,Fine,4,20,NaN,NaN,NaN,NaN,37987
20210814,37033,4.316,0,0,6398,12:35,Fine,3,20,NaN,NaN,NaN,NaN,37719
20210813,38895,4.533,0,0,6116,12:40,Fine,3,19,NaN,NaN,NaN,NaN,37454
20210812,38176,4.449,0,0,6206,12:50,Fine,19,19,NaN,NaN,NaN,NaN,37190
20210811,34477,4.018,0,0,5976,12:50,Fine,23,23,NaN,NaN,NaN,NaN,36928
20210810,31315,3.650,0,0,6495,12:55,Fine,5,21,NaN,NaN,NaN,NaN,36669
20210809,30643,3.571,0,0,6526,11:25,Fine,6,18,NaN,NaN,NaN,NaN,36412
20210808,14359,1.674,0,0,3680,10:00,Mostly Cloudy,9,16,NaN,NaN,NaN,NaN,36158
20210807,37680,4.392,0,0,5979,12:30,Fine,4,19,NaN,NaN,NaN,NaN,35906
20210806,37096,4.324,0,0,5884,12:40,Fine,4,20,NaN,NaN,NaN,NaN,35657
20210805,36461,4.250,0,0,6260,12:25,Fine,4,19,NaN,NaN,NaN,NaN,35411
20210804,36758,4.284,0,0,6117,12:45,Fine,4,15,NaN,NaN,NaN,NaN,35169
20210803,36148,4.213,0,0,5974,12:30,Fine,9,19,NaN,NaN,NaN,NaN,34929
20210802,30526,3.558,0,0,6708,12:30,Fine,4,18,NaN,NaN,NaN,NaN,34693
20210801,16781,1.956,0,0,5530,11:45,Mostly Cloudy,11,25,NaN,NaN,NaN,NaN,34461
20210731,25289,2.947,0,0,6548,13:05,Partly Cloudy,3,22,NaN,NaN,NaN,NaN,34232
20210730,36423,4.245,0,0,5867,12:40,Fine,1,18,NaN,NaN,NaN,NaN,34006
20210729,36062,4.203,0,0,5845,12:40,Fine,10,17,NaN,NaN,NaN,NaN,33785
20210728,27559,3.212,0,0,6029,13:55,Fine,7,25,NaN,NaN,NaN,NaN,33568
20210727,32336,3.769,0,0,5731,12:30,Fine,5,20,NaN,NaN,NaN,NaN,33354
20210726,19243,2.243,0,0,6609,12:05,Partly Cloudy,4,19,NaN,NaN,NaN,NaN,33145
20210725,34981,4.077,0,0,6116,13:00,Fine,10,15,NaN,NaN,NaN,NaN,32941
20210724,31799,3.706,0,0,6142,12:40,Fine,8,18,NaN,NaN,NaN,NaN,32741
20210723,14653,1.708,0,0,5789,12:05,Mostly Cloudy,7,16,NaN,NaN,NaN,NaN,32545
20210722,33839,3.944,0,0,5748,12:35,Fine,2,17,NaN,NaN,NaN,NaN,32354
20210721,25823,3.010,0,0,6091,13:25,Fine,8,14,NaN,NaN,NaN,NaN,32168
20210720,19029,2.218,0,0,5500,11:25,Partly Cloudy,3,15,NaN,NaN,NaN,NaN,31987
20210719,23872,2.782,0,0,6353,12:40,Partly Cloudy,2,15,NaN,NaN,NaN,NaN,31811
20210718,33748,3.933,0,0,5628,12:45,Fine,8,18,NaN,NaN,NaN,NaN,31641
20210717,31217,3.638,0,0,6159,13:00,Fine,NaN,NaN,NaN,NaN,NaN,NaN,31475
20210716,28399,3.310,0,0,6334,13:10,Fine,7,18,NaN,NaN,NaN,NaN,31315
20210715,24104,2.809,0,0,6031,12:25,Partly Cloudy,9,22,NaN,NaN,NaN,NaN,31160
20210714,3736,0.435,0,0,1349,11:50,Showers,6,14,NaN,NaN,NaN,NaN,31011
20210713,27537,3.209,0,0,5635,11:55,Fine,3,19,NaN,NaN,NaN,NaN,30868
20210712,25652,2.990,0,0,5424,13:25,Fine,5,17,NaN,NaN,NaN,NaN,30730
20210711,22863,2.665,0,0,5989,13:30,Partly Cloudy,7,17,NaN,NaN,NaN,NaN,30598
20210710,7808,0.910,0,0,1741,11:10,Cloudy,10,14,NaN,NaN,NaN,NaN,30472
20210709,4524,0.527,0,0,1319,10:35,Showers,5,12,NaN,NaN,NaN,NaN,30352
20210708,24526,2.859,0,0,5949,13:05,Partly Cloudy,2,17,NaN,NaN,NaN,NaN,30238
20210707,24857,2.897,0,0,5832,13:05,Partly Cloudy,2,17,NaN,NaN,NaN,NaN,30130
20210706,28404,3.310,0,0,5478,12:50,Fine,4,16,NaN,NaN,NaN,NaN,30028
20210705,31363,3.655,0,0,5420,12:40,Fine,2,16,NaN,NaN,NaN,NaN,29933
20210704,32564,3.795,0,0,5562,12:20,Fine,3,15,NaN,NaN,NaN,NaN,29844
20210703,28782,3.355,0,0,5219,12:10,Fine,4,19,NaN,NaN,NaN,NaN,29761
20210702,23901,2.786,0,0,5729,11:10,Partly Cloudy,9,19,NaN,NaN,NaN,NaN,29685
20210701,12811,1.493,0,0,5773,12:45,Mostly Cloudy,12,17,NaN,NaN,NaN,NaN,29615
20210630,15148,1.766,0,0,5306,11:40,Mostly Cloudy,9,18,NaN,NaN,NaN,NaN,29552
20210629,14119,1.646,0,0,5629,12:35,Mostly Cloudy,11,16,NaN,NaN,NaN,NaN,29495
20210628,12932,1.507,0,0,4281,14:55,Mostly Cloudy,4,16,NaN,NaN,NaN,NaN,29445
20210627,31122,3.627,0,0,5355,12:35,Fine,2,19,NaN,NaN,NaN,NaN,29402
20210626,30289,3.530,0,0,5475,12:55,Fine,4,18,NaN,NaN,NaN,NaN,29365
20210625,31265,3.644,0,0,5433,12:50,Fine,8,19,NaN,NaN,NaN,NaN,29335
20210624,13983,1.630,0,0,5886,13:15,Mostly Cloudy,9,21,NaN,NaN,NaN,NaN,29312
20210623,18695,2.179,0,0,5686,12:25,Partly Cloudy,7,18,NaN,NaN,NaN,NaN,29295
20210622,14762,1.721,0,0,4450,11:00,Mostly Cloudy,7,17,NaN,NaN,NaN,NaN,29285
20210621,16870,1.966,0,0,5251,14:15,Partly Cloudy,8,16,NaN,NaN,NaN,NaN,29282
20210620,10662,1.243,0,0,5064,13:00,Cloudy,11,15,NaN,NaN,NaN,NaN,29286
20210619,5560,0.648,0,0,1903,11:25,Cloudy,10,15,NaN,NaN,NaN,NaN,29296
20210618,28326,3.301,0,0,5727,13:00,Fine,3,18,NaN,NaN,NaN,NaN,29313
20210617,31566,3.679,0,0,5376,12:25,Fine,8,17,NaN,NaN,NaN,NaN,29337
20210616,26763,3.119,0,0,5232,12:40,Fine,4,19,NaN,NaN,NaN,NaN,29367
20210615,13029,1.519,0,0,5594,12:15,Mostly Cloudy,8,17,NaN,NaN,NaN,NaN,29405
20210614,14632,1.705,0,0,4764,11:45,Mostly Cloudy,6,17,NaN,NaN,NaN,NaN,29449
20210613,31040,3.618,0,0,5327,12:35,Fine,3,18,NaN,NaN,NaN,NaN,29499
20210612,30893,3.601,0,0,5700,12:30,Fine,4,17,NaN,NaN,NaN,NaN,29557
20210611,21245,2.476,0,0,5576,11:15,Partly Cloudy,3,15,NaN,NaN,NaN,NaN,29621
20210610,5706,0.665,0,0,1285,09:55,Cloudy,2,10,NaN,NaN,NaN,NaN,29691
20210609,30134,3.512,0,0,5562,12:20,Fine,8,15,NaN,NaN,NaN,NaN,29768
20210608,13216,1.540,0,0,5643,13:45,Mostly Cloudy,12,18,NaN,NaN,NaN,NaN,29852
20210607,28342,3.303,0,0,5290,12:25,Fine,NaN,NaN,NaN,NaN,NaN,NaN,29942
20210606,31224,3.639,0,0,5309,12:30,Fine,NaN,NaN,NaN,NaN,NaN,NaN,30038
20210605,32212,3.754,0,0,5475,12:25,Fine,NaN,NaN,NaN,NaN,NaN,NaN,30141
20210604,21627,2.521,0,0,5358,12:00,Partly Cloudy,NaN,NaN,NaN,NaN,NaN,NaN,30250
20210603,3544,0.413,0,0,1053,12:15,Showers,NaN,NaN,NaN,NaN,NaN,NaN,30365
20210602,31534,3.675,0,0,5342,13:20,Fine,NaN,NaN,NaN,NaN,NaN,NaN,30486
20210601,25836,3.011,0,0,5783,13:05,Fine,NaN,NaN,NaN,NaN,NaN,NaN,30613
20210531,31813,3.708,0,0,5324,12:45,Fine,NaN,NaN,NaN,NaN,NaN,NaN,30747
20210530,14278,1.664,0,0,5257,11:40,Mostly Cloudy,NaN,NaN,NaN,NaN,NaN,NaN,30886
20210529,19028,2.218,0,0,5784,11:40,Partly Cloudy,NaN,NaN,NaN,NaN,NaN,NaN,31031
20210528,34233,3.990,0,0,5773,12:05,Fine,NaN,NaN,NaN,NaN,NaN,NaN,31182
20210527,33674,3.925,0,0,5590,12:15,Fine,NaN,NaN,NaN,NaN,NaN,NaN,31338
20210526,33272,3.878,0,0,5606,12:30,Fine,11,21,NaN,NaN,NaN,NaN,31500
20210525,29385,3.425,0,0,5537,12:30,Fine,7,21,NaN,NaN,NaN,NaN,31667
20210524,10957,1.277,0,0,4788,10:00,Mostly Cloudy,9,19,NaN,NaN,NaN,NaN,31840
20210523,21870,2.549,0,0,6758,11:35,Partly Cloudy,7,20,NaN,NaN,NaN,NaN,32018
20210522,29670,3.458,0,0,5933,12:30,Fine,5,20,NaN,NaN,NaN,NaN,32201
20210521,8931,1.041,0,0,3422,10:05,Cloudy,5,17,NaN,NaN,NaN,NaN,32389
20210520,27902,3.252,0,0,6425,11:20,Fine,4,21,NaN,NaN,NaN,NaN,32583
20210519,34772,4.053,0,0,5661,12:15,Fine,4,20,NaN,NaN,NaN,NaN,32781
20210518,34366,4.005,0,0,5569,12:35,Fine,4,19,NaN,NaN,NaN,NaN,32983
20210517,30351,3.537,0,0,6139,11:55,Fine,8,18,NaN,NaN,NaN,NaN,33191
20210516,36302,4.231,0,0,5876,12:30,Fine,5,18,NaN,NaN,NaN,NaN,33402
20210515,25781,3.005,0,0,6759,12:40,Fine,5,18,NaN,NaN,NaN,NaN,33618
20210514,37202,4.336,0,0,6013,12:25,Fine,9,19,NaN,NaN,NaN,NaN,33839
20210513,34117,3.976,0,0,5614,12:10,Fine,11,23,NaN,NaN,NaN,NaN,34063
20210512,33974,3.960,0,0,6410,12:10,Fine,10,20,NaN,NaN,NaN,NaN,34291
20210511,23454,2.734,0,0,5589,11:10,Fine,11,22,NaN,NaN,NaN,NaN,34524
20210510,32591,3.798,0,0,5676,12:30,Fine,10,24,NaN,NaN,NaN,NaN,34760
20210509,9582,1.117,0,0,2155,12:45,Cloudy,13,20,NaN,NaN,NaN,NaN,34999
20210508,28799,3.357,0,0,6281,11:15,Fine,12,25,NaN,NaN,NaN,NaN,35242
20210507,24108,2.810,0,0,6135,11:05,Fine,17,22,NaN,NaN,NaN,NaN,35488
20210506,12012,1.400,0,0,4744,12:50,Mostly Cloudy,16,21,NaN,NaN,NaN,NaN,35737
20210505,12060,1.406,0,0,5567,14:25,Mostly Cloudy,14,20,NaN,NaN,NaN,NaN,35990
20210504,3576,0.417,0,0,1119,13:25,Showers,11,16,NaN,NaN,NaN,NaN,36245
20210503,33909,3.952,0,0,5624,12:15,Fine,10,25,NaN,NaN,NaN,NaN,36503
20210502,29636,3.454,0,0,6220,13:00,Fine,10,23,NaN,NaN,NaN,NaN,36764
20210501,700,0.082,0,0,804,07:50,Showers,10,23,NaN,NaN,NaN,NaN,37027
20210430,27302,3.182,0,0,6055,13:15,Partly Cloudy,8,22,NaN,NaN,NaN,NaN,37293
20210429,33541,3.909,0,0,5589,12:25,Fine,9,23,NaN,NaN,NaN,NaN,37561
20210428,25798,3.007,0,0,5964,12:25,Partly Cloudy,10,22,NaN,NaN,NaN,NaN,37830
20210427,27144,3.164,0,0,5753,11:40,Partly Cloudy,NaN,NaN,NaN,NaN,NaN,NaN,38102
20210426,35675,4.158,0,0,6271,13:30,Fine,8,22,NaN,NaN,NaN,NaN,38375
20210425,27823,3.243,0,0,6880,12:00,Partly Cloudy,6,21,NaN,NaN,NaN,NaN,38650
20210424,36852,4.295,0,0,6333,12:10,Fine,6,22,NaN,NaN,NaN,NaN,38927
20210423,39426,4.595,0,0,6244,12:40,Fine,6,21,NaN,NaN,NaN,NaN,39204
20210422,38673,4.507,0,0,6449,12:45,Fine,6,19,NaN,NaN,NaN,NaN,39483
20210421,39055,4.552,0,0,6876,12:15,Fine,8,20,NaN,NaN,NaN,NaN,39763
20210420,28429,3.313,0,0,6072,12:05,Partly Cloudy,6,22,NaN,NaN,NaN,NaN,40044
20210419,39459,4.599,0,0,6184,12:50,Fine,11,24,NaN,NaN,NaN,NaN,40326
20210418,31594,3.682,0,0,6463,13:10,Fine,7,22,NaN,NaN,NaN,NaN,40608
20210417,9049,1.055,0,0,2725,11:15,Cloudy,12,19,NaN,NaN,NaN,NaN,40891
20210416,27024,3.150,0,0,6172,13:40,Partly Cloudy,15,21,NaN,NaN,NaN,NaN,41174
20210415,40414,4.710,0,0,6418,13:00,Fine,9,25,NaN,NaN,NaN,NaN,41457
20210414,30746,3.583,0,0,7115,11:35,Fine,7,27,NaN,NaN,NaN,NaN,41740
20210413,41873,4.880,0,0,6523,12:30,Fine,8,22,NaN,NaN,NaN,NaN,42023
20210412,43068,5.020,0,0,6703,12:35,Fine,8,19,NaN,NaN,NaN,NaN,42306
20210411,44648,5.204,0,0,6982,12:00,Fine,9,18,NaN,NaN,NaN,NaN,42589
20210410,38527,4.490,0,0,6611,12:20,Fine,15,23,NaN,NaN,NaN,NaN,42871
20210409,25370,2.957,0,0,6443,13:40,Partly Cloudy,14,28,NaN,NaN,NaN,NaN,43153
20210408,38536,4.491,0,0,6638,12:40,Fine,16,25,NaN,NaN,NaN,NaN,43434
20210407,24914,2.904,0,0,7161,11:20,Partly Cloudy,16,24,NaN,NaN,NaN,NaN,43714
20210406,34716,4.046,0,0,6933,13:30,Fine,16,26,NaN,NaN,NaN,NaN,43993
20210405,32188,3.752,0,0,7322,12:25,Fine,14,26,NaN,NaN,NaN,NaN,44271
20210404,38984,4.544,0,0,6639,12:50,Fine,13,29,NaN,NaN,NaN,NaN,44525
20210403,41453,4.831,0,0,7087,13:40,Fine,13,26,NaN,NaN,NaN,NaN,44823
20210402,39992,4.661,0,0,6813,12:20,Fine,13,26,NaN,NaN,NaN,NaN,45097
20210401,37812,4.407,0,0,7557,13:40,Fine,13,24,NaN,NaN,NaN,NaN,45369
20210331,43245,5.040,0,0,7143,13:30,Fine,14,23,NaN,NaN,NaN,NaN,45639
20210330,38384,4.474,0,0,7137,13:05,Fine,15,22,NaN,NaN,NaN,NaN,45908
20210329,36507,4.255,0,0,7498,13:25,Fine,13,25,NaN,NaN,NaN,NaN,46175
20210328,41145,4.795,0,0,7358,13:45,Fine,13,24,NaN,NaN,NaN,NaN,46440
20210327,39894,4.650,0,0,7124,13:45,Fine,14,27,NaN,NaN,NaN,NaN,46702
20210326,37514,4.372,0,0,7218,12:45,Fine,13,23,NaN,NaN,NaN,NaN,46963
20210325,33641,3.921,0,0,7263,13:20,Fine,20,27,NaN,NaN,NaN,NaN,47221
20210324,41490,4.836,0,0,7582,13:40,Fine,14,28,NaN,NaN,NaN,NaN,47476
20210323,5255,0.612,0,0,2121,15:10,Showers,17,20,NaN,NaN,NaN,NaN,47729
20210322,6004,0.700,0,0,1410,11:20,Showers,17,20,NaN,NaN,NaN,NaN,47980
20210321,5168,0.602,0,0,1257,12:15,Showers,19,20,NaN,NaN,NaN,NaN,48227
20210320,2398,0.279,0,0,602,13:05,Showers,18,20,NaN,NaN,NaN,NaN,48472
20210319,18041,2.103,0,0,6344,14:05,Mostly Cloudy,17,23,NaN,NaN,NaN,NaN,48714
20210318,3345,0.390,0,0,924,09:15,Showers,17,21,NaN,NaN,NaN,NaN,48953
20210317,19554,2.279,0,0,5625,14:10,Mostly Cloudy,16,22,NaN,NaN,NaN,NaN,49189
20210316,17202,2.005,0,0,5922,12:15,Mostly Cloudy,14,21,NaN,NaN,NaN,NaN,49422
20210315,47151,5.495,0,0,7257,13:50,Fine,11,22,NaN,NaN,NaN,NaN,49652
20210314,6152,0.717,0,0,2847,13:10,Showers,19,20,NaN,NaN,NaN,NaN,49879
20210313,36716,4.279,0,0,7144,13:15,Fine,17,30,NaN,NaN,NaN,NaN,50102
20210312,18091,2.109,0,0,6127,14:05,Mostly Cloudy,20,27,NaN,NaN,NaN,NaN,50321
20210311,25875,3.016,0,0,6723,12:15,Partly Cloudy,17,26,NaN,NaN,NaN,NaN,50538
20210310,28679,3.343,0,0,7434,15:30,Partly Cloudy,18,25,NaN,NaN,NaN,NaN,50751
20210309,38613,4.500,0,0,7160,14:20,Fine,21,27,NaN,NaN,NaN,NaN,50960
20210308,27415,3.195,0,0,7087,12:55,Partly Cloudy,16,31,NaN,NaN,NaN,NaN,51166
20210307,36362,4.238,0,0,7350,14:05,Fine,14,25,NaN,NaN,NaN,NaN,51368
20210306,42042,4.900,0,0,7610,13:35,Fine,17,23,NaN,NaN,NaN,NaN,51566
20210305,41892,4.883,0,0,7500,12:40,Fine,13,24,NaN,NaN,NaN,NaN,51761
20210304,46201,5.385,0,0,7466,14:00,Fine,14,28,NaN,NaN,NaN,NaN,51952
20210303,37474,4.368,0,0,7513,14:55,Fine,17,22,NaN,NaN,NaN,NaN,52139
20210302,44419,5.177,0,0,7668,13:15,Fine,17,23,NaN,NaN,NaN,NaN,52322
20210301,46545,5.425,0,0,6953,13:45,Fine,17,30,NaN,NaN,NaN,NaN,52502
20210228,47738,5.564,0,0,7106,13:30,Fine,17,26,NaN,NaN,NaN,NaN,52678
20210227,10883,1.268,0,0,3069,14:20,Cloudy,19,23,NaN,NaN,NaN,NaN,52850
20210226,48950,5.705,0,0,7221,13:55,Fine,15,25,NaN,NaN,NaN,NaN,53018
20210225,12102,1.410,0,0,6297,13:35,Cloudy,15,23,NaN,NaN,NaN,NaN,53183
20210224,21608,2.518,0,0,4893,14:50,Mostly Cloudy,16,22,NaN,NaN,NaN,NaN,53343
20210223,12885,1.502,0,0,3616,14:25,Cloudy,19,21,NaN,NaN,NaN,NaN,53500
20210222,46749,5.449,0,0,7502,14:45,Fine,18,27,NaN,NaN,NaN,NaN,53652
20210221,48604,5.665,0,0,7641,14:10,Fine,19,27,NaN,NaN,NaN,NaN,53801
20210220,39406,4.593,0,0,7539,13:25,Fine,18,28,NaN,NaN,NaN,NaN,53946
20210219,34260,3.993,0,0,6763,12:35,Partly Cloudy,17,27,NaN,NaN,NaN,NaN,54087
20210218,27275,3.179,0,0,5391,13:55,Partly Cloudy,15,24,NaN,NaN,NaN,NaN,54224
20210217,41338,4.818,0,0,7680,15:10,Fine,16,24,NaN,NaN,NaN,NaN,54357
20210216,43048,5.017,0,0,7699,13:35,Fine,18,25,NaN,NaN,NaN,NaN,54487
20210215,38386,4.474,0,0,7679,14:45,Partly Cloudy,18,23,NaN,NaN,NaN,NaN,54612
20210214,42809,4.989,0,0,7629,13:10,Fine,16,23,NaN,NaN,NaN,NaN,54734
20210213,10145,1.182,0,0,3267,12:25,Cloudy,20,22,NaN,NaN,NaN,NaN,54852
20210212,34188,3.985,0,0,7654,14:55,Partly Cloudy,17,33,NaN,NaN,NaN,NaN,54967
20210211,50836,5.925,0,0,7233,14:05,Fine,15,27,NaN,NaN,NaN,NaN,55078
20210210,52013,6.062,0,0,7685,13:30,Fine,15,24,NaN,NaN,NaN,NaN,55185
20210209,38516,4.489,0,0,7546,15:40,Partly Cloudy,17,24,NaN,NaN,NaN,NaN,55289
20210208,29141,3.396,0,0,7664,15:30,Partly Cloudy,19,23,NaN,NaN,NaN,NaN,55390
20210207,48895,5.699,0,0,7502,15:05,Fine,17,26,NaN,NaN,NaN,NaN,55487
20210206,13501,1.574,0,0,2798,12:30,Cloudy,21,25,NaN,NaN,NaN,NaN,55580
20210205,51519,6.005,0,0,7550,13:10,Fine,18,28,NaN,NaN,NaN,NaN,55670
20210204,48754,5.682,0,0,7462,14:25,Fine,15,28,NaN,NaN,NaN,NaN,55756
20210203,50290,5.861,0,0,7683,14:25,Fine,16,24,NaN,NaN,NaN,NaN,55840
20210202,39478,4.601,0,0,7691,13:20,Fine,17,23,NaN,NaN,NaN,NaN,55920
20210201,43422,5.061,0,0,7668,14:20,Fine,20,27,NaN,NaN,NaN,NaN,55996
20210131,14473,1.687,0,0,5956,15:55,Cloudy,21,23,NaN,NaN,NaN,NaN,56070
20210130,30478,3.552,0,0,7482,15:00,Partly Cloudy,20,29,NaN,NaN,NaN,NaN,56141
20210129,11261,1.312,0,0,2408,14:00,Cloudy,18,21,NaN,NaN,NaN,NaN,56209
20210128,15611,1.819,0,0,3283,12:30,Cloudy,18,22,NaN,NaN,NaN,NaN,56274
20210127,16432,1.915,0,0,5176,12:00,Cloudy,21,23,NaN,NaN,NaN,NaN,56337
20210126,42528,4.957,0,0,7515,14:15,Fine,19,39,NaN,NaN,NaN,NaN,56396
20210125,54420,6.343,0,0,7514,12:40,Fine,21,32,NaN,NaN,NaN,NaN,56453
20210124,50934,5.936,0,0,7041,14:05,Fine,20,35,NaN,NaN,NaN,NaN,56507
20210123,51361,5.986,0,0,7173,14:05,Fine,20,32,NaN,NaN,NaN,NaN,56558
20210122,51297,5.979,0,0,6982,13:50,Fine,15,34,NaN,NaN,NaN,NaN,56607
20210121,53879,6.280,0,0,7461,12:55,Fine,11,27,NaN,NaN,NaN,NaN,56653
20210120,28277,3.296,0,0,5142,14:50,Partly Cloudy,16,22,NaN,NaN,NaN,NaN,56698
20210119,33114,3.859,0,0,6765,11:40,Partly Cloudy,18,23,NaN,NaN,NaN,NaN,56740
20210118,55463,6.464,0,0,7305,14:20,Fine,15,29,NaN,NaN,NaN,NaN,56780
20210117,53715,6.260,0,0,7685,12:55,Fine,12,25,NaN,NaN,NaN,NaN,56817
20210116,58964,6.872,0,0,7637,13:55,Fine,17,26,NaN,NaN,NaN,NaN,56853
20210115,53065,6.185,0,0,7690,13:40,Fine,20,28,NaN,NaN,NaN,NaN,56886
20210114,50750,5.915,0,0,7084,14:10,Fine,20,33,NaN,NaN,NaN,NaN,56918
20210113,53625,6.250,0,0,7527,12:45,Fine,18,29,NaN,NaN,NaN,NaN,56947
20210112,50220,5.853,0,0,7608,14:25,Fine,16,30,NaN,NaN,NaN,NaN,56975
20210111,58667,6.838,0,0,7472,14:05,Fine,15,27,NaN,NaN,NaN,NaN,57001
20210110,56902,6.632,0,0,7663,13:00,Fine,14,27,NaN,NaN,NaN,NaN,57026
20210109,60166,7.012,0,0,7601,13:30,Fine,13,24,NaN,NaN,NaN,NaN,57049
20210108,33538,3.909,0,0,7179,14:25,Partly Cloudy,17,22,NaN,NaN,NaN,NaN,57071
20210107,37741,4.399,0,0,7452,15:25,Partly Cloudy,18,22,NaN,NaN,NaN,NaN,57090
20210106,31720,3.697,0,0,7614,14:35,Partly Cloudy,19,24,NaN,NaN,NaN,NaN,57109
20210105,46522,5.422,0,0,7519,14:55,Fine,17,28,NaN,NaN,NaN,NaN,57125
20210104,23499,2.739,0,0,5729,12:45,Mostly Cloudy,18,28,NaN,NaN,NaN,NaN,57141
20210103,25835,3.011,0,0,7585,14:50,Mostly Cloudy,19,26,NaN,NaN,NaN,NaN,57155
20210102,18780,2.189,0,0,4994,13:00,Mostly Cloudy,16,22,NaN,NaN,NaN,NaN,57168
20210101,18414,2.146,0,0,3458,13:35,Cloudy,17,21,NaN,NaN,NaN,NaN,57180
20201231,27337,3.186,0,0,5979,12:10,Mostly Cloudy,15,23,NaN,NaN,NaN,NaN,57191
20201230,34879,4.065,0,0,7693,13:20,Partly Cloudy,17,23,NaN,NaN,NaN,NaN,57201
20201229,12647,1.474,0,0,5120,10:10,Cloudy,16,19,NaN,NaN,NaN,NaN,57209
20201228,31664,3.690,0,0,7377,12:25,Partly Cloudy,19,27,NaN,NaN,NaN,NaN,57216
20201227,55026,6.413,0,0,7243,13:30,Fine,15,30,NaN,NaN,NaN,NaN,57222
20201226,22783,2.655,0,0,7234,13:40,Mostly Cloudy,17,25,NaN,NaN,NaN,NaN,57227
20201225,31052,3.619,0,0,7057,15:20,Partly Cloudy,17,21,NaN,NaN,NaN,NaN,57231
20201224,54682,6.373,0,0,7674,14:05,Fine,15,26,NaN,NaN,NaN,NaN,57235
20201223,57503,6.702,0,0,7694,13:40,Fine,15,24,NaN,NaN,NaN,NaN,57237
20201222,33047,3.852,0,0,6905,16:05,Partly Cloudy,17,27,NaN,NaN,NaN,NaN,57239
20201221,15285,1.781,0,0,2954,10:40,Cloudy,17,23,NaN,NaN,NaN,NaN,57239
20201220,28597,3.333,0,0,5846,16:55,Partly Cloudy,17,23,NaN,NaN,NaN,NaN,57238
20201219,10933,1.274,0,0,2574,14:15,Cloudy,19,19,NaN,NaN,NaN,NaN,57236
20201218,21788,2.539,0,0,5137,13:45,Mostly Cloudy,20,32,NaN,NaN,NaN,NaN,57233
20201217,45785,5.336,0,0,7694,13:20,Fine,21,31,NaN,NaN,NaN,NaN,57230
20201216,33791,3.938,0,0,7529,13:45,Partly Cloudy,21,27,NaN,NaN,NaN,NaN,57225
20201215,19842,2.313,0,0,5931,13:25,Mostly Cloudy,18,26,NaN,NaN,NaN,NaN,57219
20201214,23191,2.703,0,0,4716,14:30,Mostly Cloudy,17,24,NaN,NaN,NaN,NaN,57212
20201213,39700,4.627,0,0,7621,11:50,Partly Cloudy,13,24,NaN,NaN,NaN,NaN,57205
20201212,50306,5.863,0,0,7694,13:00,Fine,16,24,NaN,NaN,NaN,NaN,57196
20201211,43420,5.061,0,0,7453,14:05,Fine,16,21,NaN,NaN,NaN,NaN,57186
20201210,46593,5.430,0,0,7589,12:20,Fine,14,27,NaN,NaN,NaN,NaN,57175
20201209,55568,6.476,0,0,7635,12:35,Fine,12,25,NaN,NaN,NaN,NaN,57162
20201208,57656,6.720,0,0,7689,13:50,Fine,15,22,NaN,NaN,NaN,NaN,57149
20201207,59186,6.898,0,0,7572,13:30,Fine,13,29,NaN,NaN,NaN,NaN,57134
20201206,59328,6.915,0,0,7624,13:40,Fine,20,29,NaN,NaN,NaN,NaN,57117
20201205,13910,1.621,0,0,3516,13:35,Cloudy,19,24,NaN,NaN,NaN,NaN,57100
20201204,57357,6.685,0,0,7264,13:15,Fine,16,33,NaN,NaN,NaN,NaN,57081
20201203,9963,1.161,0,0,2223,10:45,Cloudy,16,21,NaN,NaN,NaN,NaN,57060
20201202,30475,3.552,0,0,7375,13:55,Partly Cloudy,19,22,NaN,NaN,NaN,NaN,57038
20201201,49171,5.731,0,0,7094,12:50,Fine,17,28,NaN,NaN,NaN,NaN,57014
20201130,30722,3.581,0,0,6251,12:10,Partly Cloudy,18,23,NaN,NaN,NaN,NaN,56989
20201129,38999,4.545,0,0,7189,12:30,Partly Cloudy,25,40,NaN,NaN,NaN,NaN,56962
20201128,50227,5.854,0,0,7033,13:15,Fine,18,40,NaN,NaN,NaN,NaN,56933
20201127,50775,5.918,0,0,7198,13:00,Fine,21,27,NaN,NaN,NaN,NaN,56903
20201126,357,0.042,0,0,453,07:25,Showers,NaN,NaN,NaN,NaN,NaN,NaN,56871
20201125,34604,4.033,0,0,7649,14:30,Partly Cloudy,19,24,NaN,NaN,NaN,NaN,56836
20201124,47106,5.490,0,0,7635,14:00,Fine,17,22,NaN,NaN,NaN,NaN,56800
20201123,14701,1.713,0,0,4142,09:25,Cloudy,19,25,NaN,NaN,NaN,NaN,56762
20201122,28765,3.353,0,0,7106,11:50,Partly Cloudy,16,27,NaN,NaN,NaN,NaN,56721
20201121,39786,4.637,0,0,7483,13:55,Partly Cloudy,19,23,NaN,NaN,NaN,NaN,56679
20201120,47162,5.497,0,0,7061,13:25,Fine,16,32,NaN,NaN,NaN,NaN,56634
20201119,55104,6.422,0,0,7689,13:00,Fine,12,25,NaN,NaN,NaN,NaN,56587
20201118,48499,5.653,0,0,7691,12:35,Fine,16,23,NaN,NaN,NaN,NaN,56537
20201117,47797,5.571,0,0,7677,13:45,Fine,18,22,NaN,NaN,NaN,NaN,56485
20201116,44646,5.203,0,0,7455,12:55,Fine,15,38,NaN,NaN,NaN,NaN,56430
20201115,54691,6.374,0,0,7298,13:55,Fine,13,29,NaN,NaN,NaN,NaN,56373
20201114,53701,6.259,0,0,7690,13:45,Fine,14,26,NaN,NaN,NaN,NaN,56313
20201113,37567,4.378,0,0,7485,13:50,Partly Cloudy,19,29,NaN,NaN,NaN,NaN,56250
20201112,37392,4.358,0,0,7069,11:25,Partly Cloudy,15,31,NaN,NaN,NaN,NaN,56185
20201111,54044,6.299,0,0,7494,13:30,Fine,11,24,NaN,NaN,NaN,NaN,56117
20201110,52317,6.098,0,0,7642,12:45,Fine,9,22,NaN,NaN,NaN,NaN,56045
20201109,34506,4.022,0,0,7691,13:45,Partly Cloudy,11,21,NaN,NaN,NaN,NaN,55971
20201108,53699,6.259,0,0,7700,13:50,Fine,14,20,NaN,NaN,NaN,NaN,55894
20201107,41236,4.806,0,0,7686,14:20,Fine,10,20,NaN,NaN,NaN,NaN,55814
20201106,50626,5.900,0,0,7693,13:55,Fine,12,19,NaN,NaN,NaN,NaN,55730
20201105,9501,1.107,0,0,3861,13:35,Cloudy,15,19,NaN,NaN,NaN,NaN,55644
20201104,50808,5.922,0,0,7412,13:25,Fine,10,25,NaN,NaN,NaN,NaN,55554
20201103,54395,6.340,0,0,7537,12:50,Fine,11,21,NaN,NaN,NaN,NaN,55460
20201102,40471,4.717,0,0,7649,14:40,Partly Cloudy,12,21,NaN,NaN,NaN,NaN,55364
20201101,17486,2.038,0,0,5701,13:40,Cloudy,13,19,NaN,NaN,NaN,NaN,55264
20201031,27048,3.152,0,0,7692,15:30,Mostly Cloudy,16,23,NaN,NaN,NaN,NaN,55160
20201030,44003,5.129,0,0,7567,13:45,Fine,9,22,NaN,NaN,NaN,NaN,55053
20201029,37440,4.364,0,0,7511,12:05,Partly Cloudy,14,20,NaN,NaN,NaN,NaN,54942
20201028,30151,3.514,0,0,7272,15:10,Partly Cloudy,12,20,NaN,NaN,NaN,NaN,54828
20201027,29805,3.474,0,0,7051,12:30,Partly Cloudy,13,19,NaN,NaN,NaN,NaN,54711
20201026,15147,1.765,0,0,3224,12:40,Cloudy,13,16,NaN,NaN,NaN,NaN,54590
20201025,9998,1.165,0,0,2681,13:45,Cloudy,13,14,NaN,NaN,NaN,NaN,54465
20201024,16587,1.933,0,0,6002,12:30,Cloudy,18,25,NaN,NaN,NaN,NaN,54336
20201023,46311,5.398,0,0,7580,13:25,Fine,15,27,NaN,NaN,NaN,NaN,54204
20201022,41141,4.795,0,0,7540,11:10,Partly Cloudy,12,23,NaN,NaN,NaN,NaN,54068
20201021,49840,5.809,0,0,7427,13:20,Fine,11,23,NaN,NaN,NaN,NaN,53928
20201020,23750,2.768,0,0,7213,15:00,Mostly Cloudy,16,22,NaN,NaN,NaN,NaN,53784
20201019,39451,4.598,0,0,7655,13:05,Partly Cloudy,15,20,NaN,NaN,NaN,NaN,53637
20201018,30193,3.519,0,0,7117,14:30,Partly Cloudy,16,25,NaN,NaN,NaN,NaN,53486
20201017,37148,4.330,0,0,7364,12:55,Partly Cloudy,15,26,NaN,NaN,NaN,NaN,53332
20201016,19199,2.238,0,0,4365,11:10,Mostly Cloudy,14,20,NaN,NaN,NaN,NaN,53174
20201015,47851,5.577,0,0,7104,13:45,Fine,12,27,NaN,NaN,NaN,NaN,53011
20201014,44487,5.185,0,0,7347,14:50,Fine,15,21,NaN,NaN,NaN,NaN,52845
20201013,47946,5.588,0,0,7034,13:10,Fine,11,29,NaN,NaN,NaN,NaN,52676
20201012,46945,5.471,0,0,7269,13:40,Fine,15,24,NaN,NaN,NaN,NaN,52502
20201011,40697,4.743,0,0,7538,13:20,Partly Cloudy,9,28,NaN,NaN,NaN,NaN,52324
20201010,48795,5.687,0,0,7250,14:30,Fine,11,26,NaN,NaN,NaN,NaN,52144
20201009,45879,5.347,0,0,7569,13:30,Fine,8,23,NaN,NaN,NaN,NaN,51959
20201008,30672,3.575,0,0,7291,12:40,Partly Cloudy,13,28,NaN,NaN,NaN,NaN,51771
20201007,12753,1.486,0,0,3095,13:00,Cloudy,16,21,NaN,NaN,NaN,NaN,51580
20201006,19209,2.239,0,0,4709,14:30,Mostly Cloudy,15,19,NaN,NaN,NaN,NaN,51384
20201005,46741,5.448,0,0,7085,13:15,Fine,11,32,NaN,NaN,NaN,NaN,51185
20201004,46984,5.476,0,0,6922,13:05,Fine,12,30,NaN,NaN,NaN,NaN,50982
20201003,46995,5.477,0,0,6942,12:30,Fine,9,28,NaN,NaN,NaN,NaN,50776
20201002,47283,5.511,0,0,7133,12:25,Fine,7,27,NaN,NaN,NaN,NaN,50568
20201001,43040,5.016,0,0,7551,12:35,Fine,12,25,NaN,NaN,NaN,NaN,50355
20200930,22398,2.610,0,0,4116,10:00,Mostly Cloudy,8,21,NaN,NaN,NaN,NaN,50139
20200929,39140,4.562,0,0,7485,12:30,Fine,8,19,NaN,NaN,NaN,NaN,49920
20200928,48338,5.634,0,0,7544,12:15,Fine,5,20,NaN,NaN,NaN,NaN,49697
20200927,39763,4.634,0,0,7665,13:25,Fine,8,17,NaN,NaN,NaN,NaN,49471
20200926,50254,5.857,0,0,7668,12:45,Fine,9,17,NaN,NaN,NaN,NaN,49242
20200925,36931,4.304,0,0,7169,11:25,Partly Cloudy,7,23,NaN,NaN,NaN,NaN,49011
20200924,48416,5.643,0,0,7450,12:40,Fine,9,21,NaN,NaN,NaN,NaN,48776
20200923,45685,5.325,0,0,7650,12:05,Fine,8,23,NaN,NaN,NaN,NaN,48539
20200922,47373,5.521,0,0,7199,12:05,Fine,19,26,NaN,NaN,NaN,NaN,48298
20200921,34142,3.979,0,0,6715,12:55,Partly Cloudy,11,28,NaN,NaN,NaN,NaN,48055
20200920,21044,2.453,0,0,7493,11:55,Mostly Cloudy,16,21,NaN,NaN,NaN,NaN,47808
20200919,25156,2.932,0,0,6155,12:50,Mostly Cloudy,15,22,NaN,NaN,NaN,NaN,47560
20200918,9837,1.147,0,0,2013,13:15,Cloudy,13,17,NaN,NaN,NaN,NaN,47310
20200917,41560,4.844,0,0,6866,11:50,Fine,10,30,NaN,NaN,NaN,NaN,47056
20200916,39884,4.648,0,0,6804,12:40,Fine,9,27,NaN,NaN,NaN,NaN,46801
20200915,32674,3.808,0,0,7348,12:15,Partly Cloudy,12,22,NaN,NaN,NaN,NaN,46543
20200914,45380,5.289,0,0,6953,12:25,Fine,7,20,NaN,NaN,NaN,NaN,46282
20200913,28737,3.349,0,0,6869,12:25,Partly Cloudy,8,25,NaN,NaN,NaN,NaN,46020
20200912,45417,5.293,0,0,6938,12:25,Fine,6,23,NaN,NaN,NaN,NaN,45757
20200911,29557,3.445,0,0,6856,14:15,Partly Cloudy,10,19,NaN,NaN,NaN,NaN,45491
20200910,41700,4.860,0,0,7455,11:50,Fine,12,17,NaN,NaN,NaN,NaN,45224
20200909,6944,0.809,0,0,1546,11:10,Showers,12,16,NaN,NaN,NaN,NaN,44955
20200908,41599,4.848,0,0,6758,12:20,Fine,6,23,NaN,NaN,NaN,NaN,44684
20200907,44440,5.179,0,0,6799,12:45,Fine,6,22,NaN,NaN,NaN,NaN,44412
20200906,31386,3.658,0,0,7370,11:15,Partly Cloudy,7,20,NaN,NaN,NaN,NaN,44138
20200905,43200,5.035,0,0,7219,13:00,Fine,9,21,NaN,NaN,NaN,NaN,43864
20200904,4927,0.574,0,0,1612,13:30,Showers,12,18,NaN,NaN,NaN,NaN,43589
20200903,35924,4.187,0,0,6870,13:35,Partly Cloudy,9,30,NaN,NaN,NaN,NaN,43312
20200902,35779,4.170,0,0,7177,11:55,Partly Cloudy,5,24,NaN,NaN,NaN,NaN,43035
20200901,29594,3.449,0,0,7554,12:55,Partly Cloudy,8,17,NaN,NaN,NaN,NaN,42757
20200831,40910,4.768,0,0,7071,12:40,Fine,9,22,NaN,NaN,NaN,NaN,42478
20200830,42916,5.002,0,0,6542,12:30,Fine,3,25,NaN,NaN,NaN,NaN,42200
20200829,43407,5.059,0,0,6637,12:45,Fine,3,22,NaN,NaN,NaN,NaN,41921
20200828,43663,5.089,0,0,6680,12:50,Fine,8,18,NaN,NaN,NaN,NaN,41641
20200827,43697,5.093,0,0,6701,12:20,Fine,2,21,NaN,NaN,NaN,NaN,41362
20200826,42931,5.004,0,0,6541,12:30,Fine,2,19,NaN,NaN,NaN,NaN,41082
20200825,41408,4.826,0,0,7054,12:40,Fine,1,15,NaN,NaN,NaN,NaN,40803
20200824,43115,5.025,0,0,6604,12:45,Fine,7,17,NaN,NaN,NaN,NaN,40524
20200823,42471,4.950,0,0,6834,12:50,Fine,4,16,NaN,NaN,NaN,NaN,40246
20200822,36669,4.274,0,0,7314,12:30,Fine,8,15,NaN,NaN,NaN,NaN,39968
20200821,35873,4.181,0,0,7191,13:10,Fine,4,18,NaN,NaN,NaN,NaN,39691
20200820,42450,4.948,0,0,6645,13:15,Fine,7,17,NaN,NaN,NaN,NaN,39415
20200819,37725,4.397,0,0,6919,13:30,Fine,6,21,NaN,NaN,NaN,NaN,39140
20200818,37728,4.397,0,0,6561,14:15,Fine,8,20,NaN,NaN,NaN,NaN,38866
20200817,41768,4.868,0,0,6456,12:30,Fine,9,19,NaN,NaN,NaN,NaN,38593
20200816,39210,4.570,0,0,6842,13:55,Fine,9,19,NaN,NaN,NaN,NaN,38322
20200815,35447,4.131,0,0,6967,12:30,Fine,11,19,NaN,NaN,NaN,NaN,38052
20200814,13728,1.600,0,0,3875,09:50,Mostly Cloudy,7,18,NaN,NaN,NaN,NaN,37784
20200813,38948,4.539,0,0,6172,12:40,Fine,6,22,NaN,NaN,NaN,NaN,37518
20200812,17630,2.055,0,0,5762,12:35,Mostly Cloudy,7,18,NaN,NaN,NaN,NaN,37254
20200811,34311,3.999,0,0,7408,11:55,Fine,10,18,NaN,NaN,NaN,NaN,36992
20200810,18908,2.204,0,0,6544,12:20,Mostly Cloudy,9,16,NaN,NaN,NaN,NaN,36732
20200809,9667,1.127,0,0,3671,10:15,Cloudy,5,13,NaN,NaN,NaN,NaN,36474
20200808,13708,1.598,0,0,4744,10:20,Mostly Cloudy,9,16,NaN,NaN,NaN,NaN,36219
20200807,3462,0.403,0,0,679,11:45,Showers,6,13,NaN,NaN,NaN,NaN,35967
20200806,39083,4.555,0,0,6287,12:20,Fine,6,15,NaN,NaN,NaN,NaN,35717
20200805,40515,4.722,0,0,6348,12:40,Fine,4,17,NaN,NaN,NaN,NaN,35471
20200804,31319,3.650,0,0,5813,11:10,Fine,3,21,NaN,NaN,NaN,NaN,35227
20200803,29669,3.458,0,0,6126,12:00,Partly Cloudy,3,21,NaN,NaN,NaN,NaN,34987
20200802,34341,4.002,0,0,6345,12:15,Fine,3,20,NaN,NaN,NaN,NaN,34750
20200801,36761,4.284,0,0,6252,12:25,Fine,3,20,NaN,NaN,NaN,NaN,34517
20200731,32121,3.744,0,0,6657,11:55,Fine,5,17,NaN,NaN,NaN,NaN,34287
20200730,33159,3.865,0,0,6303,12:10,Fine,7,17,NaN,NaN,NaN,NaN,34060
20200729,34969,4.076,0,0,6094,12:20,Fine,7,18,NaN,NaN,NaN,NaN,33838
20200728,18084,2.108,0,0,6069,12:45,Partly Cloudy,12,18,NaN,NaN,NaN,NaN,33620
20200727,6291,0.733,0,0,1646,13:55,Cloudy,14,17,NaN,NaN,NaN,NaN,33406
20200726,2831,0.330,0,0,823,13:15,Showers,10,15,NaN,NaN,NaN,NaN,33196
20200725,15474,1.803,0,0,6247,12:25,Mostly Cloudy,4,18,NaN,NaN,NaN,NaN,32990
20200724,28592,3.332,0,0,5741,12:30,Fine,4,19,NaN,NaN,NaN,NaN,32789
20200723,33342,3.886,0,0,5871,13:20,Fine,3,19,NaN,NaN,NaN,NaN,32592
20200722,31362,3.655,0,0,5961,11:25,Fine,4,18,NaN,NaN,NaN,NaN,32400
20200721,34367,4.005,0,0,5870,12:45,Fine,7,16,NaN,NaN,NaN,NaN,32213
20200720,36747,4.283,0,0,6024,12:25,Fine,4,18,NaN,NaN,NaN,NaN,32031
20200719,29971,3.493,0,0,6007,12:25,Fine,3,19,NaN,NaN,NaN,NaN,31853
20200718,18000,2.098,0,0,5811,12:40,Partly Cloudy,8,18,NaN,NaN,NaN,NaN,31681
20200717,10781,1.257,0,0,2634,12:25,Cloudy,12,15,NaN,NaN,NaN,NaN,31515
20200716,14196,1.655,0,0,4244,10:45,Mostly Cloudy,9,16,NaN,NaN,NaN,NaN,31353
20200715,14305,1.667,0,0,4950,11:05,Mostly Cloudy,11,16,NaN,NaN,NaN,NaN,31197
20200714,18458,2.151,0,0,5708,12:10,Partly Cloudy,11,16,NaN,NaN,NaN,NaN,31047
20200713,24717,2.881,0,0,6057,13:40,Partly Cloudy,4,17,NaN,NaN,NaN,NaN,30902
20200712,26312,3.067,0,0,5741,12:20,Fine,5,18,NaN,NaN,NaN,NaN,30763
20200711,10269,1.197,0,0,2639,14:35,Cloudy,11,15,NaN,NaN,NaN,NaN,30629
20200710,15400,1.795,0,0,5999,12:15,Mostly Cloudy,6,17,NaN,NaN,NaN,NaN,30502
20200709,30699,3.578,0,0,6150,12:30,Fine,4,18,NaN,NaN,NaN,NaN,30381
20200708,9478,1.105,3773,0,3075,12:05,Cloudy,10,15,NaN,NaN,NaN,NaN,30265
20200707,488,0.057,115,0,789,08:25,Showers,6,16,NaN,NaN,NaN,NaN,30156
20200706,30381,3.541,19722,0,6499,12:40,Fine,7,18,NaN,NaN,NaN,NaN,30053
20200705,28671,3.342,22497,0,5632,12:40,Fine,5,18,NaN,NaN,NaN,NaN,29956
20200704,32907,3.835,0,0,5694,12:40,Fine,6,16,NaN,NaN,NaN,NaN,29865
20200703,31173,3.633,29623,0,5519,12:30,Fine,5,17,NaN,NaN,NaN,NaN,29781
20200702,19353,2.256,15404,0,5839,12:50,Partly Cloudy,4,23,NaN,NaN,NaN,NaN,29703
20200701,30854,3.596,24471,0,5407,12:30,Fine,4,21,NaN,NaN,NaN,NaN,29632
20200630,28558,3.328,22373,0,5702,13:25,Fine,4,18,NaN,NaN,NaN,NaN,29567
20200629,17938,2.091,8945,0,5946,13:40,Partly Cloudy,6,16,NaN,NaN,NaN,NaN,29509
20200628,19254,2.244,15006,0,6461,13:30,Partly Cloudy,7,16,NaN,NaN,NaN,NaN,29457
20200627,22532,2.626,22153,0,5779,12:45,Partly Cloudy,7,16,NaN,NaN,NaN,NaN,29412
20200626,28226,3.290,21391,0,6204,12:30,Fine,5,18,NaN,NaN,NaN,NaN,29374
20200625,32580,3.797,25211,0,5519,12:45,Fine,8,18,NaN,NaN,NaN,NaN,29342
20200624,23450,2.733,16682,0,5843,12:30,Partly Cloudy,3,18,NaN,NaN,NaN,NaN,29317
20200623,31283,3.646,23960,0,5629,12:25,Fine,4,16,NaN,NaN,NaN,NaN,29299
20200622,20524,2.392,13030,0,6116,13:35,Partly Cloudy,4,17,NaN,NaN,NaN,NaN,29287
20200621,22640,2.639,15779,0,5774,12:10,Partly Cloudy,9,18,NaN,NaN,NaN,NaN,29282
20200620,30091,3.507,0,0,5435,12:25,Fine,5,20,NaN,NaN,NaN,NaN,29284
20200619,31539,3.676,31539,0,5631,12:00,Fine,4,19,NaN,NaN,NaN,NaN,29293
20200618,22982,2.679,17106,0,5581,11:50,Partly Cloudy,12,18,NaN,NaN,NaN,NaN,29309
20200617,11457,1.335,8715,0,4992,10:45,Mostly Cloudy,5,17,NaN,NaN,NaN,NaN,29331
20200616,32441,3.781,25754,0,5496,12:35,Fine,4,21,NaN,NaN,NaN,NaN,29360
20200615,32188,3.752,26264,0,5465,12:35,Fine,4,20,NaN,NaN,NaN,NaN,29395
20200614,28775,3.354,27023,0,5577,12:55,Fine,11,21,NaN,NaN,NaN,NaN,29438
20200613,23474,2.736,22812,0,5169,12:20,Partly Cloudy,8,20,NaN,NaN,NaN,NaN,29487
20200612,7131,0.831,3173,0,3073,11:40,Cloudy,9,16,NaN,NaN,NaN,NaN,29543
20200611,29291,3.414,23596,0,5530,12:45,Fine,11,20,NaN,NaN,NaN,NaN,29605
20200610,8785,1.024,3766,0,3346,10:10,Cloudy,10,16,NaN,NaN,NaN,NaN,29674
20200609,30159,3.515,23276,0,5574,12:25,Fine,6,18,NaN,NaN,NaN,NaN,29749
20200608,26166,3.050,18194,0,5889,13:10,Fine,12,17,NaN,NaN,NaN,NaN,29831
20200607,15160,1.767,10416,0,5313,12:20,Mostly Cloudy,4,16,NaN,NaN,NaN,NaN,29920
20200606,32483,3.786,26217,0,5657,12:55,Fine,3,18,NaN,NaN,NaN,NaN,30014
20200605,33621,3.919,26974,0,5576,12:40,Fine,3,19,NaN,NaN,NaN,NaN,30116
20200604,25145,2.931,18738,0,5897,11:50,Mostly Cloudy,9,16,NaN,NaN,NaN,NaN,30223
20200603,33695,3.927,27401,0,5862,11:50,Mostly Cloudy,4,18,NaN,NaN,NaN,NaN,30337
20200602,0,0.000,0,0,NaN,NaN,Not Sure,9,16,NaN,NaN,NaN,NaN,30456
20200601,0,0.000,0,0,NaN,NaN,Showers,NaN,NaN,NaN,NaN,NaN,NaN,30582
