Date,Energy Generated,Efficiency,Energy Exported,Energy Used,Peak Power,Peak Time,Condition,Min. Temperature,Max. Temperature,Peak Energy Import,Off-Peak Energy Import,Shoulder Energy Import,High-Shoulder Energy Import,Insolation
20220410,28273,3.366,0,0,7691,11:45,Mostly Cloudy,16,24,NaN,NaN,NaN,NaN,38582
20220409,25235,3.004,0,0,6308,14:00,Mostly Cloudy,17,24,NaN,NaN,NaN,NaN,38862
20220408,20639,2.457,0,0,7994,11:35,Cloudy,17,24,NaN,NaN,NaN,NaN,39140
20220407,5955,0.709,0,0,1541,13:15,Showers,17,20,NaN,NaN,NaN,NaN,39418
20220406,4607,0.548,0,0,1141,12:25,Showers,17,19,NaN,NaN,NaN,NaN,39696
20220405,40404,4.810,0,0,6438,12:25,Partly Cloudy,15,24,NaN,NaN,NaN,NaN,39973
20220404,41245,4.910,0,0,6645,12:05,Partly Cloudy,14,28,NaN,NaN,NaN,NaN,40249
20220403,34365,4.091,0,0,7197,11:45,Partly Cloudy,13,27,NaN,NaN,NaN,NaN,40163
20220402,26706,3.179,0,0,6228,12:15,Mostly Cloudy,15,21,NaN,NaN,NaN,NaN,40799
20220401,19827,2.360,0,0,5421,12:45,Cloudy,14,18,NaN,NaN,NaN,NaN,41072
20220331,12411,1.478,0,0,5549,13:40,Cloudy,17,21,NaN,NaN,NaN,NaN,41343
20220330,28613,3.406,0,0,7323,14:35,Mostly Cloudy,18,22,NaN,NaN,NaN,NaN,41614
20220329,12737,1.516,0,0,6767,13:45,Cloudy,19,23,NaN,NaN,NaN,NaN,41883
20220328,26000,3.095,0,0,7342,14:10,Mostly Cloudy,18,24,NaN,NaN,NaN,NaN,42150
20220327,14079,1.676,0,0,3456,11:05,Cloudy,16,23,NaN,NaN,NaN,NaN,42416
20220326,15669,1.865,0,0,5970,13:20,Cloudy,17,23,NaN,NaN,NaN,NaN,42679
20220325,25398,3.024,0,0,7049,12:40,Mostly Cloudy,17,23,NaN,NaN,NaN,NaN,42941
20220324,8171,0.973,0,0,3978,16:50,Showers,17,20,NaN,NaN,NaN,NaN,43201
20220323,24514,2.918,0,0,5820,11:30,Mostly Cloudy,20,24,NaN,NaN,NaN,NaN,43459
20220322,44310,5.275,0,0,6335,13:00,Fine,16,28,NaN,NaN,NaN,NaN,43715
20220321,29456,3.507,0,0,7261,13:20,Mostly Cloudy,17,23,NaN,NaN,NaN,NaN,43968
20220320,43261,5.150,0,0,7251,12:15,Fine,16,24,NaN,NaN,NaN,NaN,44219
20220319,14697,1.750,0,0,4378,16:50,Cloudy,19,22,NaN,NaN,NaN,NaN,44468
20220318,40408,4.810,0,0,6734,13:30,Partly Cloudy,20,27,NaN,NaN,NaN,NaN,44714
20220317,34166,4.067,0,0,7999,12:55,Partly Cloudy,18,27,NaN,NaN,NaN,NaN,44958
20220316,21663,2.579,0,0,6233,14:25,Mostly Cloudy,17,25,NaN,NaN,NaN,NaN,45199
20220315,36909,4.394,0,0,7997,12:55,Partly Cloudy,18,25,NaN,NaN,NaN,NaN,45437
20220314,26912,3.204,0,0,7106,11:20,Mostly Cloudy,17,23,NaN,NaN,NaN,NaN,45672
20220313,27550,3.280,0,0,6183,12:40,Mostly Cloudy,17,22,NaN,NaN,NaN,NaN,45904
20220312,34851,4.149,0,0,8006,13:45,Partly Cloudy,17,26,NaN,NaN,NaN,NaN,46134
20220311,49168,5.853,0,0,7394,12:45,Fine,15,24,NaN,NaN,NaN,NaN,46360
20220310,42736,5.088,0,0,7963,11:15,Fine,16,21,NaN,NaN,NaN,NaN,46584
20220309,27762,3.305,0,0,6289,12:20,Mostly Cloudy,18,23,NaN,NaN,NaN,NaN,46804
20220308,4882,0.581,0,0,1256,16:00,Showers,20,22,NaN,NaN,NaN,NaN,47021
20220307,13688,1.630,0,0,6882,15:15,Cloudy,21,27,NaN,NaN,NaN,NaN,47235
20220306,18151,2.161,0,0,6672,12:55,Cloudy,20,22,NaN,NaN,NaN,NaN,47445
20220305,30273,3.604,0,0,7182,13:45,Mostly Cloudy,20,27,NaN,NaN,NaN,NaN,47653
20220304,33476,3.985,0,0,7999,13:15,Mostly Cloudy,20,25,NaN,NaN,NaN,NaN,47857
20220303,22887,2.725,0,0,5651,15:10,Mostly Cloudy,19,25,NaN,NaN,NaN,NaN,48057
20220302,6715,0.799,0,0,2122,13:35,Showers,19,23,NaN,NaN,NaN,NaN,48254
20220301,21768,2.591,0,0,5486,12:55,Mostly Cloudy,19,23,NaN,NaN,NaN,NaN,48448
20220228,20814,2.478,0,0,4313,14:20,Cloudy,20,25,NaN,NaN,NaN,NaN,48638
20220227,28368,3.377,0,0,6934,11:15,Mostly Cloudy,18,26,NaN,NaN,NaN,NaN,48824
20220226,12154,1.447,0,0,2613,16:00,Cloudy,19,22,NaN,NaN,NaN,NaN,49007
20220225,13771,1.639,0,0,5548,16:30,Cloudy,21,24,NaN,NaN,NaN,NaN,49186
20220224,20629,2.456,0,0,6210,13:40,Cloudy,20,27,NaN,NaN,NaN,NaN,49362
20220223,24948,2.970,0,0,7844,15:15,Mostly Cloudy,19,25,NaN,NaN,NaN,NaN,49534
20220222,4217,0.502,0,0,1306,16:35,Showers,20,24,NaN,NaN,NaN,NaN,49703
20220221,3460,0.412,0,0,3808,16:50,Showers,22,29,NaN,NaN,NaN,NaN,49868
20220220,49353,5.875,0,0,7111,11:55,Fine,19,29,NaN,NaN,NaN,NaN,50030
20220219,15946,1.898,0,0,5598,14:05,Cloudy,20,22,NaN,NaN,NaN,NaN,50187
20220218,45703,5.441,0,0,6882,13:35,Fine,20,28,NaN,NaN,NaN,NaN,50341
20220217,42775,5.092,0,0,7556,14:50,Fine,20,33,NaN,NaN,NaN,NaN,50492
20220216,46494,5.535,0,0,7667,12:25,Fine,19,29,NaN,NaN,NaN,NaN,50639
20220215,48595,5.785,0,0,7401,11:50,Fine,19,29,NaN,NaN,NaN,NaN,50782
20220214,46141,5.493,0,0,7609,12:50,Fine,17,28,NaN,NaN,NaN,NaN,50922
20220213,36400,4.333,0,0,7998,11:10,Partly Cloudy,17,26,NaN,NaN,NaN,NaN,51058
20220212,16715,1.990,0,0,6127,12:00,Cloudy,21,25,NaN,NaN,NaN,NaN,51191
20220211,23900,2.845,0,0,7868,14:55,Mostly Cloudy,20,23,NaN,NaN,NaN,NaN,51320
20220210,42884,5.105,0,0,6740,13:45,Fine,19,33,NaN,NaN,NaN,NaN,51445
20220209,51518,6.133,0,0,7405,14:30,Fine,17,31,NaN,NaN,NaN,NaN,51567
20220208,38331,4.563,0,0,8009,13:20,Partly Cloudy,15,25,NaN,NaN,NaN,NaN,51686
20220207,31192,3.713,0,0,7643,12:55,Mostly Cloudy,18,23,NaN,NaN,NaN,NaN,51801
20220206,40873,4.866,0,0,7820,11:25,Partly Cloudy,19,25,NaN,NaN,NaN,NaN,51913
20220205,35269,4.199,0,0,7996,11:45,Partly Cloudy,16,25,NaN,NaN,NaN,NaN,52021
20220204,31574,3.759,0,0,7622,12:25,Mostly Cloudy,16,22,NaN,NaN,NaN,NaN,52126
20220203,42094,5.011,0,0,8000,13:35,Fine,18,22,NaN,NaN,NaN,NaN,52228
20220202,11626,1.384,0,0,3792,13:40,Cloudy,19,22,NaN,NaN,NaN,NaN,52327
20220201,42689,5.082,0,0,7408,14:45,Fine,22,35,NaN,NaN,NaN,NaN,52422
20220131,42529,5.063,0,0,8009,12:00,Fine,21,30,NaN,NaN,NaN,NaN,52515
20220130,49903,5.941,0,0,8005,12:00,Fine,22,29,NaN,NaN,NaN,NaN,52604
20220129,49240,5.862,0,0,7461,12:55,Fine,22,30,NaN,NaN,NaN,NaN,52690
20220128,49097,5.845,0,0,7325,11:30,Fine,22,29,NaN,NaN,NaN,NaN,52773
20220127,45094,5.368,0,0,7998,14:35,Fine,21,29,NaN,NaN,NaN,NaN,52853
20220126,35316,4.204,0,0,8004,14:20,Partly Cloudy,20,27,NaN,NaN,NaN,NaN,52929
20220125,35349,4.208,0,0,6851,13:10,Partly Cloudy,20,26,NaN,NaN,NaN,NaN,53004
20220124,45405,5.405,0,0,8004,13:55,Fine,18,25,NaN,NaN,NaN,NaN,53075
20220123,47434,5.647,0,0,8001,14:30,Fine,18,24,NaN,NaN,NaN,NaN,53144
20220122,50106,5.965,0,0,7857,11:50,Fine,17,24,NaN,NaN,NaN,NaN,53210
20220121,34145,4.065,0,0,7845,12:35,Partly Cloudy,17,25,NaN,NaN,NaN,NaN,53273
20220120,39161,4.662,0,0,7610,13:40,Partly Cloudy,20,25,NaN,NaN,NaN,NaN,53333
20220119,18990,2.261,0,0,6780,13:25,Cloudy,18,23,NaN,NaN,NaN,NaN,53391
20220118,20709,2.465,0,0,3927,12:10,Cloudy,21,23,NaN,NaN,NaN,NaN,53446
20220117,43100,5.131,0,0,7399,12:20,Fine,21,31,NaN,NaN,NaN,NaN,53499
20220116,50932,6.063,0,0,7796,12:10,Fine,21,26,NaN,NaN,NaN,NaN,53550
20220115,31112,3.704,0,0,7577,14:50,Mostly Cloudy,21,29,NaN,NaN,NaN,NaN,53598
20220114,45689,5.439,0,0,8003,12:55,Fine,19,28,NaN,NaN,NaN,NaN,53644
20220113,29877,3.557,0,0,5296,10:15,Mostly Cloudy,18,25,NaN,NaN,NaN,NaN,53687
20220112,35446,4.220,0,0,8003,13:40,Partly Cloudy,21,25,NaN,NaN,NaN,NaN,53729
20220111,32896,3.916,0,0,7664,12:30,Mostly Cloudy,22,28,NaN,NaN,NaN,NaN,53768
20220110,35644,4.243,0,0,8003,13:45,Partly Cloudy,21,28,NaN,NaN,NaN,NaN,53805
20220109,25159,2.995,0,0,5958,15:55,Mostly Cloudy,20,23,NaN,NaN,NaN,NaN,53840
20220108,46562,5.543,0,0,8005,13:25,Fine,19,31,NaN,NaN,NaN,NaN,53873
20220107,20731,2.468,0,0,5160,15:05,Cloudy,22,27,NaN,NaN,NaN,NaN,53904
20220106,35363,4.210,0,0,6102,12:05,Partly Cloudy,21,28,NaN,NaN,NaN,NaN,53933
20220105,23787,2.832,0,0,8002,13:50,Mostly Cloudy,20,26,NaN,NaN,NaN,NaN,53959
20220104,50557,6.019,0,0,7819,12:30,Fine,21,28,NaN,NaN,NaN,NaN,53984
20220103,56511,6.728,0,0,7171,13:00,Fine,21,27,NaN,NaN,NaN,NaN,54008
20220102,57350,6.827,0,0,7191,12:45,Fine,21,29,NaN,NaN,NaN,NaN,54029
20220101,47538,5.659,0,0,8001,14:05,Fine,21,28,NaN,NaN,NaN,NaN,54049
20211231,59444,7.077,0,0,7367,12:50,Fine,18,29,NaN,NaN,NaN,NaN,54067
20211230,53022,6.312,0,0,7999,12:55,Fine,16,26,NaN,NaN,NaN,NaN,54083
20211229,33215,3.954,0,0,6563,13:25,Mostly Cloudy,14,23,NaN,NaN,NaN,NaN,54097
20211228,37799,4.500,0,0,8002,13:10,Partly Cloudy,16,21,NaN,NaN,NaN,NaN,54110
20211227,32714,3.895,0,0,7106,12:35,Mostly Cloudy,18,21,NaN,NaN,NaN,NaN,54121
20211226,33614,4.002,0,0,7433,11:35,Partly Cloudy,20,24,NaN,NaN,NaN,NaN,54131
20211225,51186,6.094,0,0,7096,13:10,Fine,20,30,NaN,NaN,NaN,NaN,54138
20211224,49707,5.918,0,0,8001,12:50,Fine,19,24,NaN,NaN,NaN,NaN,54145
20211223,21284,2.534,0,0,7491,12:40,Mostly Cloudy,20,27,NaN,NaN,NaN,NaN,54149
20211222,36576,4.354,0,0,7645,13:55,Partly Cloudy,21,26,NaN,NaN,NaN,NaN,54152
20211221,58275,6.938,0,0,7209,13:10,Fine,21,29,NaN,NaN,NaN,NaN,54154
20211220,46818,5.574,0,0,7662,13:10,Fine,20,29,NaN,NaN,NaN,NaN,54153
20211219,36175,4.307,0,0,7717,12:45,Partly Cloudy,21,35,NaN,NaN,NaN,NaN,54152
20211218,48658,5.793,0,0,7655,13:30,Fine,19,31,NaN,NaN,NaN,NaN,54148
20211217,38191,4.547,0,0,8004,13:45,Partly Cloudy,17,25,NaN,NaN,NaN,NaN,54143
20211216,28832,3.432,0,0,7994,11:30,Mostly Cloudy,19,24,NaN,NaN,NaN,NaN,54136
20211215,54232,6.456,0,0,7023,12:35,Fine,17,29,NaN,NaN,NaN,NaN,54128
20211214,56541,6.731,0,0,7657,11:40,Fine,15,24,NaN,NaN,NaN,NaN,54118
20211213,58250,6.935,0,0,7322,12:55,Fine,15,22,NaN,NaN,NaN,NaN,54106
20211212,53810,6.406,0,0,8003,12:25,Fine,15,20,NaN,NaN,NaN,NaN,54093
20211211,44951,5.351,0,0,8001,12:45,Fine,15,20,NaN,NaN,NaN,NaN,54078
20211210,25370,3.020,0,0,7098,10:55,Mostly Cloudy,14,22,NaN,NaN,NaN,NaN,54061
20211209,45290,5.392,0,0,7999,14:15,Fine,16,22,NaN,NaN,NaN,NaN,54042
20211208,17204,2.048,0,0,4447,10:55,Cloudy,17,19,NaN,NaN,NaN,NaN,54022
20211207,35956,4.280,0,0,7471,11:10,Partly Cloudy,17,28,NaN,NaN,NaN,NaN,53999
20211206,21838,2.600,0,0,4548,11:45,Mostly Cloudy,16,23,NaN,NaN,NaN,NaN,53975
20211205,16471,1.961,0,0,3934,09:50,Cloudy,16,19,NaN,NaN,NaN,NaN,53949
20211204,29227,3.479,0,0,7993,13:45,Mostly Cloudy,17,21,NaN,NaN,NaN,NaN,53921
20211203,36723,4.372,0,0,7643,13:45,Partly Cloudy,19,28,NaN,NaN,NaN,NaN,53891
20211202,49576,5.902,0,0,7997,10:35,Fine,19,27,NaN,NaN,NaN,NaN,53859
20211201,45360,5.400,0,0,8000,11:55,Fine,19,27,NaN,NaN,NaN,NaN,53825
20211130,18987,2.260,0,0,3464,10:30,Cloudy,17,21,NaN,NaN,NaN,NaN,53789
20211129,38210,4.549,0,0,7135,12:50,Partly Cloudy,14,21,NaN,NaN,NaN,NaN,53750
20211128,34146,4.065,0,0,8004,13:15,Partly Cloudy,15,19,NaN,NaN,NaN,NaN,53710
20211127,24131,2.873,0,0,5890,14:50,Mostly Cloudy,15,18,NaN,NaN,NaN,NaN,53667
20211126,14888,1.772,0,0,4534,13:40,Cloudy,16,18,NaN,NaN,NaN,NaN,53622
20211125,19648,2.339,0,0,5834,12:50,Cloudy,19,25,NaN,NaN,NaN,NaN,53574
20211124,33101,3.941,0,0,7765,15:00,Mostly Cloudy,17,26,NaN,NaN,NaN,NaN,53524
20211123,33008,3.930,0,0,7999,14:45,Mostly Cloudy,16,20,NaN,NaN,NaN,NaN,53472
20211122,36188,4.308,0,0,7642,14:35,Partly Cloudy,15,19,NaN,NaN,NaN,NaN,53417
20211121,10057,1.197,0,0,2740,12:00,Cloudy,14,16,NaN,NaN,NaN,NaN,53360
20211120,16072,1.913,0,0,3955,16:55,Cloudy,16,19,NaN,NaN,NaN,NaN,53300
20211119,26189,3.118,0,0,7229,12:10,Mostly Cloudy,18,29,NaN,NaN,NaN,NaN,53238
20211118,53877,6.414,0,0,7369,13:50,Fine,15,24,NaN,NaN,NaN,NaN,53173
20211117,44990,5.356,0,0,8000,13:50,Fine,13,20,NaN,NaN,NaN,NaN,53105
20211116,56171,6.687,0,0,7768,11:35,Fine,13,19,NaN,NaN,NaN,NaN,53034
20211115,47308,5.632,0,0,7695,11:55,Fine,12,23,NaN,NaN,NaN,NaN,52960
20211114,37745,4.493,0,0,8002,12:10,Partly Cloudy,13,23,NaN,NaN,NaN,NaN,52884
20211113,40288,4.796,0,0,7608,11:15,Partly Cloudy,15,22,NaN,NaN,NaN,NaN,52805
20211112,31330,3.730,0,0,7999,13:25,Mostly Cloudy,13,19,NaN,NaN,NaN,NaN,52722
20211111,16570,1.973,0,0,4778,12:15,Cloudy,17,18,NaN,NaN,NaN,NaN,52637
20211110,9837,1.171,0,0,2444,11:25,Cloudy,19,22,NaN,NaN,NaN,NaN,52549
20211109,42981,5.117,0,0,8004,12:10,Fine,16,23,NaN,NaN,NaN,NaN,52457
20211108,39986,4.760,0,0,7559,13:50,Partly Cloudy,17,23,NaN,NaN,NaN,NaN,52362
20211107,17004,2.024,0,0,5329,11:20,Cloudy,17,25,NaN,NaN,NaN,NaN,52265
20211106,52054,6.197,0,0,7453,11:10,Fine,17,25,NaN,NaN,NaN,NaN,52164
20211105,27613,3.287,0,0,7999,14:55,Mostly Cloudy,16,23,NaN,NaN,NaN,NaN,52059
20211104,14631,1.742,0,0,2215,13:20,Cloudy,18,22,NaN,NaN,NaN,NaN,51952
20211103,44175,5.259,0,0,8004,13:25,Fine,17,25,NaN,NaN,NaN,NaN,51841
20211102,45212,5.382,0,0,7990,13:05,Fine,16,25,NaN,NaN,NaN,NaN,51727
20211101,37239,4.433,0,0,7306,11:55,Partly Cloudy,13,23,NaN,NaN,NaN,NaN,51609
20211031,45507,5.418,0,0,8002,12:00,Fine,12,21,NaN,NaN,NaN,NaN,51488
20211030,39881,4.748,0,0,7786,12:55,Partly Cloudy,16,18,NaN,NaN,NaN,NaN,51364
20211029,42717,5.085,0,0,7347,12:35,Fine,19,34,NaN,NaN,NaN,NaN,51236
20211028,42902,5.107,0,0,7864,11:35,Fine,16,30,NaN,NaN,NaN,NaN,51104
20211027,46696,5.559,0,0,7706,12:25,Fine,16,24,NaN,NaN,NaN,NaN,50970
20211026,43189,5.142,0,0,8002,11:30,Fine,13,21,NaN,NaN,NaN,NaN,50831
20211025,54277,6.462,0,0,7459,13:10,Fine,14,22,NaN,NaN,NaN,NaN,50690
20211024,43990,5.237,0,0,7591,13:10,Fine,16,21,NaN,NaN,NaN,NaN,50544
20211023,49983,5.950,0,0,8000,14:20,Fine,16,27,NaN,NaN,NaN,NaN,50395
20211022,50399,6.000,0,0,7782,13:20,Fine,16,23,NaN,NaN,NaN,NaN,50243
20211021,45677,5.438,0,0,7345,12:05,Fine,14,23,NaN,NaN,NaN,NaN,50087
20211020,50279,5.986,0,0,7245,11:45,Fine,12,21,NaN,NaN,NaN,NaN,49928
20211019,38951,4.637,0,0,7995,13:00,Partly Cloudy,15,23,NaN,NaN,NaN,NaN,49765
20211018,52807,6.287,0,0,7081,12:45,Fine,13,27,NaN,NaN,NaN,NaN,49598
20211017,53444,6.362,0,0,7157,12:55,Fine,11,21,NaN,NaN,NaN,NaN,49428
20211016,38978,4.640,0,0,7738,13:50,Partly Cloudy,12,22,NaN,NaN,NaN,NaN,49254
20211015,36201,4.310,0,0,7997,13:00,Partly Cloudy,12,22,NaN,NaN,NaN,NaN,49077
20211014,32035,3.814,0,0,7259,12:45,Mostly Cloudy,17,24,NaN,NaN,NaN,NaN,48897
20211013,12760,1.519,0,0,4013,12:55,Cloudy,17,19,NaN,NaN,NaN,NaN,48713
20211012,18470,2.199,0,0,5527,11:50,Cloudy,13,18,NaN,NaN,NaN,NaN,48525
20211011,13174,1.568,0,0,3476,14:00,Cloudy,10,14,NaN,NaN,NaN,NaN,48335
20211010,25558,3.043,0,0,7205,12:30,Mostly Cloudy,16,26,NaN,NaN,NaN,NaN,48141
20211009,47355,5.638,0,0,6706,12:20,Fine,14,27,NaN,NaN,NaN,NaN,47943
20211008,41852,4.982,0,0,7815,12:05,Partly Cloudy,15,22,NaN,NaN,NaN,NaN,47741
20211007,42835,5.099,0,0,6837,13:15,Fine,12,31,NaN,NaN,NaN,NaN,47538
20211006,51177,6.092,0,0,6924,12:25,Fine,11,23,NaN,NaN,NaN,NaN,47331
20211005,50812,6.049,0,0,7319,12:50,Fine,13,22,NaN,NaN,NaN,NaN,47121
20211004,45890,5.463,0,0,7173,12:50,Fine,16,27,NaN,NaN,NaN,NaN,46907
20211003,27045,3.220,0,0,8003,13:10,Mostly Cloudy,19,25,NaN,NaN,NaN,NaN,46691
20211001,33208,3.953,0,0,7192,12:55,Mostly Cloudy,14,25,NaN,NaN,NaN,NaN,46248
20210930,33125,3.943,0,0,7356,13:25,Mostly Cloudy,14,24,NaN,NaN,NaN,NaN,46022
20210929,14986,1.784,0,0,5485,08:45,Cloudy,14,22,NaN,NaN,NaN,NaN,45794
20210928,40532,4.825,0,0,7432,12:30,Partly Cloudy,10,22,NaN,NaN,NaN,NaN,45562
20210927,33069,3.937,0,0,7833,12:25,Mostly Cloudy,9,19,NaN,NaN,NaN,NaN,45328
20210926,34272,4.080,0,0,7998,12:10,Partly Cloudy,12,15,NaN,NaN,NaN,NaN,45092
20210925,43030,5.123,0,0,7116,12:05,Fine,13,19,NaN,NaN,NaN,NaN,44853
20210924,38545,4.589,0,0,6814,11:35,Partly Cloudy,12,27,NaN,NaN,NaN,NaN,44610
20210923,46832,5.575,0,0,6594,11:55,Fine,9,27,NaN,NaN,NaN,NaN,44366
20210922,47727,5.682,0,0,6867,11:55,Fine,8,17,NaN,NaN,NaN,NaN,44120
20210921,42197,5.023,0,0,7649,11:20,Fine,9,15,NaN,NaN,NaN,NaN,43871
20210920,46467,5.532,0,0,6603,12:40,Fine,13,27,NaN,NaN,NaN,NaN,43620
20210919,47106,5.608,0,0,6740,11:45,Fine,9,24,NaN,NaN,NaN,NaN,43366
20210918,14707,1.751,0,0,3206,11:45,Cloudy,15,25,NaN,NaN,NaN,NaN,43111
20210917,45445,5.410,0,0,6891,12:35,Fine,9,21,NaN,NaN,NaN,NaN,42854
20210916,37881,4.510,0,0,7996,10:40,Partly Cloudy,8,16,NaN,NaN,NaN,NaN,42595
20210915,42163,5.019,0,0,7873,12:50,Fine,8,16,NaN,NaN,NaN,NaN,42334
20210914,31462,3.745,0,0,7817,11:20,Mostly Cloudy,10,14,NaN,NaN,NaN,NaN,42071
20210913,23412,2.787,0,0,7399,10:30,Mostly Cloudy,11,17,NaN,NaN,NaN,NaN,41807
20210912,44491,5.297,0,0,6425,12:20,Fine,16,31,NaN,NaN,NaN,NaN,41541
20210911,44420,5.288,0,0,6393,11:50,Fine,12,30,NaN,NaN,NaN,NaN,41274
20210910,33322,3.967,0,0,7060,11:45,Mostly Cloudy,14,24,NaN,NaN,NaN,NaN,41006
20210909,41062,4.888,0,0,7490,12:10,Partly Cloudy,10,28,NaN,NaN,NaN,NaN,40737
20210908,43372,5.163,0,0,6324,12:10,Fine,9,23,NaN,NaN,NaN,NaN,40466
20210907,44642,5.315,0,0,6504,11:40,Fine,6,24,NaN,NaN,NaN,NaN,40195
20210906,39536,4.707,0,0,7041,11:15,Partly Cloudy,8,17,NaN,NaN,NaN,NaN,39922
20210905,33029,3.932,0,0,6970,11:50,Mostly Cloudy,13,19,NaN,NaN,NaN,NaN,39649
20210904,15697,1.869,0,0,4688,12:00,Cloudy,14,23,NaN,NaN,NaN,NaN,39376
20210903,40409,4.811,0,0,5984,12:00,Partly Cloudy,14,23,NaN,NaN,NaN,NaN,39102
20210902,24494,2.916,0,0,6437,12:50,Mostly Cloudy,13,22,NaN,NaN,NaN,NaN,38827
20210901,40572,4.830,0,0,5961,11:45,Partly Cloudy,10,24,NaN,NaN,NaN,NaN,38553
20210831,40596,4.833,0,0,6029,11:50,Partly Cloudy,8,22,NaN,NaN,NaN,NaN,38278
20210830,37333,4.444,0,0,6489,11:55,Partly Cloudy,7,19,NaN,NaN,NaN,NaN,38003
20210829,20160,2.400,0,0,5402,12:30,Cloudy,7,18,NaN,NaN,NaN,NaN,37728
20210828,19193,2.285,0,0,5704,11:40,Cloudy,11,17,NaN,NaN,NaN,NaN,37453
20210827,30333,3.611,0,0,7047,11:55,Mostly Cloudy,8,19,NaN,NaN,NaN,NaN,37179
20210826,29267,3.484,0,0,7241,12:05,Mostly Cloudy,8,16,NaN,NaN,NaN,NaN,36905
20210825,20087,2.391,0,0,5810,11:35,Cloudy,7,16,NaN,NaN,NaN,NaN,36632
20210824,2707,0.322,0,0,1889,11:35,Showers,9,12,NaN,NaN,NaN,NaN,36359
20210823,18486,2.201,0,0,5589,10:35,Cloudy,15,26,NaN,NaN,NaN,NaN,36088
20210822,34368,4.091,0,0,5686,11:55,Partly Cloudy,10,26,NaN,NaN,NaN,NaN,35817
20210821,25320,3.014,0,0,6326,12:10,Mostly Cloudy,13,23,NaN,NaN,NaN,NaN,35547
20210820,37592,4.475,0,0,5762,11:40,Partly Cloudy,9,23,NaN,NaN,NaN,NaN,35279
20210819,34718,4.133,0,0,5818,12:10,Partly Cloudy,8,21,NaN,NaN,NaN,NaN,35012
20210818,34358,4.090,0,0,6746,13:05,Partly Cloudy,8,18,NaN,NaN,NaN,NaN,34746
20210817,38719,4.609,0,0,5834,11:55,Partly Cloudy,9,17,NaN,NaN,NaN,NaN,34482
20210816,37850,4.506,0,0,5759,12:15,Partly Cloudy,9,23,NaN,NaN,NaN,NaN,34219
20210815,38377,4.569,0,0,5941,12:05,Partly Cloudy,8,21,NaN,NaN,NaN,NaN,33959
20210814,34025,4.051,0,0,5836,13:30,Partly Cloudy,8,19,NaN,NaN,NaN,NaN,33700
20210813,37724,4.491,0,0,5794,12:05,Partly Cloudy,8,20,NaN,NaN,NaN,NaN,33444
20210812,36680,4.367,0,0,5849,12:15,Partly Cloudy,14,21,NaN,NaN,NaN,NaN,33189
20210811,33759,4.019,0,0,6012,14:05,Partly Cloudy,12,25,NaN,NaN,NaN,NaN,32937
20210810,29117,3.466,0,0,5943,12:55,Mostly Cloudy,9,22,NaN,NaN,NaN,NaN,32688
20210809,27555,3.280,0,0,7005,11:45,Mostly Cloudy,10,19,NaN,NaN,NaN,NaN,32441
20210808,14224,1.693,0,0,4570,09:55,Cloudy,9,17,NaN,NaN,NaN,NaN,32197
20210807,36123,4.300,0,0,5664,12:15,Partly Cloudy,7,19,NaN,NaN,NaN,NaN,31955
20210806,35646,4.244,0,0,5600,12:25,Partly Cloudy,8,21,NaN,NaN,NaN,NaN,31717
20210805,34781,4.141,0,0,6008,12:25,Partly Cloudy,8,19,NaN,NaN,NaN,NaN,31481
20210804,34752,4.137,0,0,6205,11:20,Partly Cloudy,8,16,NaN,NaN,NaN,NaN,31249
20210803,33968,4.044,0,0,5623,12:00,Partly Cloudy,12,20,NaN,NaN,NaN,NaN,31020
20210802,28653,3.411,0,0,5920,11:55,Mostly Cloudy,8,19,NaN,NaN,NaN,NaN,30795
20210801,17559,2.090,0,0,5664,11:30,Cloudy,16,25,NaN,NaN,NaN,NaN,30573
20210731,22009,2.620,0,0,6611,12:40,Mostly Cloudy,7,22,NaN,NaN,NaN,NaN,30355
20210730,34646,4.125,0,0,5503,12:05,Partly Cloudy,6,18,NaN,NaN,NaN,NaN,30140
20210729,34207,4.072,0,0,5503,12:10,Partly Cloudy,11,18,NaN,NaN,NaN,NaN,29930
20210728,26232,3.123,0,0,5634,12:45,Mostly Cloudy,11,26,NaN,NaN,NaN,NaN,29723
20210727,31046,3.696,0,0,6073,12:25,Mostly Cloudy,9,21,NaN,NaN,NaN,NaN,29521
20210726,20316,2.419,0,0,6435,12:10,Cloudy,9,19,NaN,NaN,NaN,NaN,29322
20210725,29297,3.488,0,0,5794,12:25,Mostly Cloudy,10,15,NaN,NaN,NaN,NaN,29128
20210724,25510,3.037,0,0,5657,13:00,Mostly Cloudy,10,18,NaN,NaN,NaN,NaN,28939
20210723,14845,1.767,0,0,6262,11:50,Cloudy,10,17,NaN,NaN,NaN,NaN,28754
20210722,32441,3.862,0,0,5333,12:25,Mostly Cloudy,5,17,NaN,NaN,NaN,NaN,28574
20210721,21017,2.502,0,0,5938,13:25,Mostly Cloudy,8,14,NaN,NaN,NaN,NaN,28398
20210720,20621,2.455,0,0,6289,11:05,Cloudy,7,17,NaN,NaN,NaN,NaN,28227
20210719,25424,3.027,0,0,6992,12:45,Mostly Cloudy,7,16,NaN,NaN,NaN,NaN,28061
20210718,31886,3.796,0,0,5219,12:15,Mostly Cloudy,9,18,NaN,NaN,NaN,NaN,27900
20210717,25212,3.001,0,0,5751,13:10,Mostly Cloudy,11,15,NaN,NaN,NaN,NaN,27744
20210716,26063,3.103,0,0,5844,13:10,Mostly Cloudy,10,19,NaN,NaN,NaN,NaN,27594
20210715,22935,2.730,0,0,5668,12:20,Mostly Cloudy,12,22,NaN,NaN,NaN,NaN,27448
20210714,4083,0.486,0,0,1432,11:50,Showers,11,16,NaN,NaN,NaN,NaN,27308
20210713,26346,3.136,0,0,5873,11:55,Mostly Cloudy,8,20,NaN,NaN,NaN,NaN,27173
20210712,24438,2.909,0,0,5330,13:15,Mostly Cloudy,8,17,NaN,NaN,NaN,NaN,27044
20210711,22815,2.716,0,0,6400,13:35,Mostly Cloudy,9,16,NaN,NaN,NaN,NaN,26921
20210710,8385,0.998,0,0,1982,11:05,Showers,10,14,NaN,NaN,NaN,NaN,26803
20210709,4982,0.593,0,0,1492,10:35,Showers,8,13,NaN,NaN,NaN,NaN,26690
20210708,24413,2.906,0,0,5239,11:25,Mostly Cloudy,5,17,NaN,NaN,NaN,NaN,26584
20210707,23370,2.782,0,0,5873,11:20,Mostly Cloudy,5,16,NaN,NaN,NaN,NaN,26483
20210706,27751,3.304,0,0,5075,12:05,Mostly Cloudy,6,16,NaN,NaN,NaN,NaN,26388
20210705,29222,3.479,0,0,5010,11:50,Mostly Cloudy,6,17,NaN,NaN,NaN,NaN,26299
20210704,30573,3.640,0,0,5164,12:10,Mostly Cloudy,8,16,NaN,NaN,NaN,NaN,26216
20210703,27689,3.296,0,0,4907,11:45,Mostly Cloudy,8,20,NaN,NaN,NaN,NaN,26139
20210702,20778,2.474,0,0,4975,11:25,Cloudy,10,20,NaN,NaN,NaN,NaN,26068
20210701,13068,1.556,0,0,5868,12:45,Cloudy,10,16,NaN,NaN,NaN,NaN,26004
20210630,14445,1.720,0,0,6060,11:35,Cloudy,10,17,NaN,NaN,NaN,NaN,25945
20210629,13672,1.628,0,0,5234,12:25,Cloudy,10,16,NaN,NaN,NaN,NaN,25893
20210628,12542,1.493,0,0,4498,10:00,Cloudy,7,16,NaN,NaN,NaN,NaN,25846
20210627,29545,3.517,0,0,4984,12:10,Mostly Cloudy,7,19,NaN,NaN,NaN,NaN,25806
20210626,27929,3.325,0,0,5441,11:35,Mostly Cloudy,9,18,NaN,NaN,NaN,NaN,25773
20210625,29532,3.516,0,0,4986,12:10,Mostly Cloudy,12,20,NaN,NaN,NaN,NaN,25745
20210624,12306,1.465,0,0,5573,11:50,Cloudy,13,22,NaN,NaN,NaN,NaN,25724
20210623,19051,2.268,0,0,5466,12:20,Cloudy,10,19,NaN,NaN,NaN,NaN,25710
20210622,15741,1.874,0,0,6752,12:25,Cloudy,9,16,NaN,NaN,NaN,NaN,25701
20210621,16550,1.970,0,0,6868,11:10,Cloudy,10,15,NaN,NaN,NaN,NaN,25699
20210620,10076,1.200,0,0,5405,13:20,Cloudy,12,14,NaN,NaN,NaN,NaN,25703
20210619,6209,0.739,0,0,2164,11:25,Showers,11,15,NaN,NaN,NaN,NaN,25714
20210618,26574,3.164,0,0,5333,12:20,Mostly Cloudy,8,19,NaN,NaN,NaN,NaN,25731
20210617,28387,3.379,0,0,4964,11:45,Mostly Cloudy,9,18,NaN,NaN,NaN,NaN,25754
20210616,26562,3.162,0,0,4847,12:05,Mostly Cloudy,8,19,NaN,NaN,NaN,NaN,25784
20210615,12472,1.485,0,0,4389,12:55,Cloudy,11,17,NaN,NaN,NaN,NaN,25820
20210614,15677,1.866,0,0,5030,12:00,Cloudy,9,17,NaN,NaN,NaN,NaN,25862
20210614,15677,1.866,0,0,5030,12:00,Cloudy,9,17,NaN,NaN,NaN,NaN,25862
20210613,29436,3.504,0,0,4982,12:00,Mostly Cloudy,7,19,NaN,NaN,NaN,NaN,25911
20210612,29034,3.456,0,0,5508,12:05,Mostly Cloudy,7,18,NaN,NaN,NaN,NaN,25966
20210611,21516,2.561,0,0,5388,11:20,Mostly Cloudy,4,16,NaN,NaN,NaN,NaN,26027
20210610,6308,0.751,0,0,1430,09:55,Showers,6,11,NaN,NaN,NaN,NaN,26094
20210609,26693,3.178,0,0,5265,11:30,Mostly Cloudy,9,16,NaN,NaN,NaN,NaN,26168
20210608,12659,1.507,0,0,5110,13:45,Cloudy,14,32,NaN,NaN,NaN,NaN,26247
20210607,27396,3.261,0,0,5279,11:55,Mostly Cloudy,12,36,NaN,NaN,NaN,NaN,26333
20210606,29635,3.528,0,0,4969,11:50,Mostly Cloudy,12,38,NaN,NaN,NaN,NaN,26425
20210605,30455,3.626,0,0,5056,11:55,Mostly Cloudy,13,37,NaN,NaN,NaN,NaN,26523
20210604,21854,2.602,0,0,5472,12:15,Mostly Cloudy,14,38,NaN,NaN,NaN,NaN,26626
20210603,4002,0.476,0,0,1022,09:00,Showers,14,25,NaN,NaN,NaN,NaN,26736
20210602,29759,3.543,0,0,4960,12:05,Mostly Cloudy,14,40,NaN,NaN,NaN,NaN,26851
20210601,25467,3.032,0,0,6274,11:10,Mostly Cloudy,12,37,NaN,NaN,NaN,NaN,26972
20210531,30204,3.596,0,0,4999,12:10,Mostly Cloudy,16,38,NaN,NaN,NaN,NaN,27099
20210530,14298,1.702,0,0,4414,10:55,Cloudy,15,30,NaN,NaN,NaN,NaN,27232
20210529,17574,2.092,0,0,6323,11:20,Cloudy,14,32,NaN,NaN,NaN,NaN,27370
20210528,31584,3.760,0,0,5385,12:10,Mostly Cloudy,14,33,NaN,NaN,NaN,NaN,27513
20210527,31885,3.796,0,0,5240,12:00,Mostly Cloudy,15,38,NaN,NaN,NaN,NaN,27663
20210526,31403,3.738,0,0,5217,11:45,Mostly Cloudy,14,22,NaN,NaN,NaN,NaN,27818
20210525,28289,3.368,0,0,5169,12:10,Mostly Cloudy,12,22,NaN,NaN,NaN,NaN,27978
20210524,11760,1.400,0,0,5205,09:50,Cloudy,12,19,NaN,NaN,NaN,NaN,28143
20210523,18282,2.176,0,0,6272,11:25,Cloudy,10,19,NaN,NaN,NaN,NaN,28313
20210522,30037,3.576,0,0,5709,12:35,Mostly Cloudy,8,18,NaN,NaN,NaN,NaN,28488
20210521,9196,1.095,0,0,5812,10:50,Cloudy,9,17,NaN,NaN,NaN,NaN,28668
20210520,26944,3.208,0,0,6466,11:20,Mostly Cloudy,9,21,NaN,NaN,NaN,NaN,28852
20210519,33007,3.929,0,0,5329,11:55,Mostly Cloudy,8,21,NaN,NaN,NaN,NaN,29043
20210518,32664,3.889,0,0,5243,11:45,Mostly Cloudy,8,20,NaN,NaN,NaN,NaN,29237
20210517,29290,3.487,0,0,6225,12:20,Mostly Cloudy,9,18,NaN,NaN,NaN,NaN,29436
20210516,34534,4.111,0,0,5507,11:55,Partly Cloudy,7,19,NaN,NaN,NaN,NaN,29639
20210515,22753,2.709,0,0,6654,13:05,Mostly Cloudy,10,17,NaN,NaN,NaN,NaN,29846
20210514,35140,4.183,0,0,5621,11:50,Partly Cloudy,13,20,NaN,NaN,NaN,NaN,30058
20210513,31977,3.807,0,0,5274,11:55,Mostly Cloudy,13,24,NaN,NaN,NaN,NaN,30274
20210512,29339,3.493,0,0,6183,12:10,Mostly Cloudy,13,19,NaN,NaN,NaN,NaN,30495
20210511,21942,2.612,0,0,5678,11:20,Mostly Cloudy,14,23,NaN,NaN,NaN,NaN,30718
20210510,30771,3.663,0,0,5351,11:50,Mostly Cloudy,14,25,NaN,NaN,NaN,NaN,30946
20210509,10166,1.210,0,0,2000,13:25,Cloudy,16,21,NaN,NaN,NaN,NaN,31177
20210508,27932,3.325,0,0,6816,11:15,Mostly Cloudy,15,26,NaN,NaN,NaN,NaN,31412
20210507,19450,2.315,0,0,6607,12:00,Cloudy,17,21,NaN,NaN,NaN,NaN,31650
20210506,13203,1.572,0,0,6293,12:50,Cloudy,17,21,NaN,NaN,NaN,NaN,31892
20210505,11212,1.335,0,0,4778,14:05,Cloudy,14,19,NaN,NaN,NaN,NaN,32137
20210504,4042,0.481,0,0,1252,13:20,Showers,15,18,NaN,NaN,NaN,NaN,32384
20210503,32242,3.838,0,0,5351,11:55,Mostly Cloudy,13,25,NaN,NaN,NaN,NaN,32635
20210502,30078,3.581,0,0,6015,12:20,Mostly Cloudy,14,24,NaN,NaN,NaN,NaN,32888
20210501,22908,2.727,0,0,6349,13:00,Mostly Cloudy,14,23,NaN,NaN,NaN,NaN,33144
20210430,27848,3.315,0,0,5955,11:45,Mostly Cloudy,12,22,NaN,NaN,NaN,NaN,33403
20210429,33192,3.951,0,0,5331,12:00,Mostly Cloudy,13,23,NaN,NaN,NaN,NaN,33665
20210428,24927,2.968,0,0,6350,12:55,Mostly Cloudy,14,22,NaN,NaN,NaN,NaN,33928
20210427,32670,3.889,0,0,6339,11:55,Mostly Cloudy,17,45,NaN,NaN,NaN,NaN,34193
20210426,33655,4.007,0,0,5659,11:35,Partly Cloudy,12,23,NaN,NaN,NaN,NaN,34461
20210425,29236,3.480,0,0,6349,11:25,Mostly Cloudy,11,21,NaN,NaN,NaN,NaN,34731
20210424,36872,4.390,0,0,6544,11:45,Partly Cloudy,10,24,NaN,NaN,NaN,NaN,35002
20210423,38787,4.618,0,0,5947,11:50,Partly Cloudy,10,22,NaN,NaN,NaN,NaN,35275
20210422,37633,4.480,0,0,6097,12:25,Partly Cloudy,10,20,NaN,NaN,NaN,NaN,35549
20210421,36530,4.349,0,0,6548,12:00,Partly Cloudy,14,18,NaN,NaN,NaN,NaN,35825
20210420,29352,3.494,0,0,6364,11:00,Mostly Cloudy,12,24,NaN,NaN,NaN,NaN,36102
20210419,39081,4.652,0,0,5857,12:15,Partly Cloudy,12,25,NaN,NaN,NaN,NaN,36380
20210418,32356,3.852,0,0,6493,12:15,Mostly Cloudy,10,21,NaN,NaN,NaN,NaN,36659
20210417,9781,1.164,0,0,3302,11:15,Cloudy,14,19,NaN,NaN,NaN,NaN,36939
20210416,28986,3.451,0,0,7999,12:25,Mostly Cloudy,15,20,NaN,NaN,NaN,NaN,37219
20210415,39360,4.686,0,0,6123,12:00,Partly Cloudy,15,26,NaN,NaN,NaN,NaN,37500
20210414,30630,3.646,0,0,7257,11:45,Mostly Cloudy,12,28,NaN,NaN,NaN,NaN,37782
20210413,41817,4.978,0,0,6206,11:45,Partly Cloudy,10,23,NaN,NaN,NaN,NaN,38064
20210412,43167,5.139,0,0,6371,11:55,Fine,10,18,NaN,NaN,NaN,NaN,38346
20210411,44212,5.263,0,0,6627,12:00,Fine,13,19,NaN,NaN,NaN,NaN,38628
20210410,37403,4.453,0,0,6322,12:00,Partly Cloudy,16,24,NaN,NaN,NaN,NaN,38910
20210409,26518,3.157,0,0,6347,13:40,Mostly Cloudy,17,30,NaN,NaN,NaN,NaN,39192
20210408,35819,4.264,0,0,6539,12:35,Partly Cloudy,18,25,NaN,NaN,NaN,NaN,39474
20210407,20746,2.470,0,0,7952,11:55,Cloudy,19,26,NaN,NaN,NaN,NaN,39755
20210406,34269,4.080,0,0,6741,12:45,Partly Cloudy,19,25,NaN,NaN,NaN,NaN,40036
20210405,29077,3.462,0,0,6813,10:55,Mostly Cloudy,17,25,NaN,NaN,NaN,NaN,40316
20210404,39473,4.699,0,0,6470,11:35,Partly Cloudy,16,30,NaN,NaN,NaN,NaN,40241
20210403,40805,4.858,0,0,6952,13:30,Partly Cloudy,16,26,NaN,NaN,NaN,NaN,40873
20210402,43855,5.221,0,0,7028,12:10,Fine,16,26,NaN,NaN,NaN,NaN,41150
20210401,36303,4.322,0,0,7275,13:25,Partly Cloudy,15,24,NaN,NaN,NaN,NaN,41426
20210331,42685,5.082,0,0,6970,13:15,Fine,14,21,NaN,NaN,NaN,NaN,41701
20210330,36545,4.351,0,0,6951,13:30,Partly Cloudy,17,20,NaN,NaN,NaN,NaN,41975
20210329,33914,4.037,0,0,7372,12:40,Partly Cloudy,15,24,NaN,NaN,NaN,NaN,42247
20210328,33362,3.972,0,0,7131,13:35,Mostly Cloudy,17,24,NaN,NaN,NaN,NaN,42517
20210327,41652,4.959,0,0,7050,13:50,Partly Cloudy,17,27,NaN,NaN,NaN,NaN,42786
20210326,39781,4.736,0,0,7628,12:40,Partly Cloudy,15,23,NaN,NaN,NaN,NaN,43053
20210325,33110,3.942,0,0,7995,12:20,Mostly Cloudy,18,28,NaN,NaN,NaN,NaN,43318
20210324,38097,4.535,0,0,7722,13:30,Partly Cloudy,16,30,NaN,NaN,NaN,NaN,43581
20210323,6018,0.716,0,0,2679,15:15,Showers,17,20,NaN,NaN,NaN,NaN,43842
20210322,6702,0.798,0,0,1547,11:20,Showers,18,21,NaN,NaN,NaN,NaN,44101
20210321,5788,0.689,0,0,1560,12:15,Showers,19,21,NaN,NaN,NaN,NaN,44358
20210320,2802,0.334,0,0,748,13:00,Showers,18,21,NaN,NaN,NaN,NaN,44612
20210319,17416,2.073,0,0,6577,14:05,Cloudy,17,25,NaN,NaN,NaN,NaN,44864
20210318,3777,0.450,0,0,1013,09:15,Showers,17,22,NaN,NaN,NaN,NaN,45113
20210317,19114,2.275,0,0,7988,14:20,Cloudy,18,24,NaN,NaN,NaN,NaN,45359
20210316,17806,2.120,0,0,4982,12:20,Cloudy,15,20,NaN,NaN,NaN,NaN,45603
20210315,50026,5.955,0,0,6989,13:20,Fine,12,20,NaN,NaN,NaN,NaN,45845
20210314,6839,0.814,0,0,2619,13:10,Showers,18,21,NaN,NaN,NaN,NaN,46083
20210313,35698,4.250,0,0,7184,14:10,Partly Cloudy,20,31,NaN,NaN,NaN,NaN,46319
20210312,19704,2.346,0,0,8002,12:45,Cloudy,21,27,NaN,NaN,NaN,NaN,46551
20210311,25215,3.002,0,0,8002,11:55,Mostly Cloudy,20,27,NaN,NaN,NaN,NaN,46781
20210310,25302,3.012,0,0,7543,13:25,Mostly Cloudy,20,25,NaN,NaN,NaN,NaN,47007
20210309,37165,4.424,0,0,7099,12:45,Partly Cloudy,19,26,NaN,NaN,NaN,NaN,47230
20210308,27968,3.330,0,0,7192,12:10,Mostly Cloudy,20,33,NaN,NaN,NaN,NaN,47450
20210307,37278,4.438,0,0,7460,12:05,Partly Cloudy,16,26,NaN,NaN,NaN,NaN,47667
20210306,41795,4.976,0,0,7362,14:05,Partly Cloudy,18,22,NaN,NaN,NaN,NaN,47881
20210305,38686,4.605,0,0,7560,12:40,Partly Cloudy,18,22,NaN,NaN,NaN,NaN,48091
20210304,43092,5.130,0,0,7172,12:45,Fine,16,28,NaN,NaN,NaN,NaN,48298
20210303,36231,4.313,0,0,7744,14:20,Partly Cloudy,18,21,NaN,NaN,NaN,NaN,48501
20210302,42360,5.043,0,0,7991,13:15,Fine,20,22,NaN,NaN,NaN,NaN,48701
20210301,48300,5.750,0,0,6704,13:20,Fine,20,30,NaN,NaN,NaN,NaN,48897
20210228,49593,5.904,0,0,6898,13:15,Fine,20,26,NaN,NaN,NaN,NaN,49090
20210227,11560,1.376,0,0,2923,14:15,Cloudy,19,23,NaN,NaN,NaN,NaN,49279
20210226,50358,5.995,0,0,6953,13:10,Fine,18,26,NaN,NaN,NaN,NaN,49465
20210225,13153,1.566,0,0,5300,13:45,Cloudy,18,23,NaN,NaN,NaN,NaN,49647
20210224,21595,2.571,0,0,6824,10:20,Mostly Cloudy,16,21,NaN,NaN,NaN,NaN,49825
20210223,13792,1.642,0,0,4190,14:25,Cloudy,19,21,NaN,NaN,NaN,NaN,50000
20210222,44827,5.337,0,0,6905,13:20,Fine,20,26,NaN,NaN,NaN,NaN,50172
20210221,49439,5.886,0,0,7483,14:10,Fine,21,28,NaN,NaN,NaN,NaN,50339
20210220,38818,4.621,0,0,7987,13:55,Partly Cloudy,20,29,NaN,NaN,NaN,NaN,50503
20210219,32668,3.889,0,0,8000,13:35,Mostly Cloudy,20,28,NaN,NaN,NaN,NaN,50663
20210218,30473,3.628,0,0,6533,16:05,Mostly Cloudy,19,25,NaN,NaN,NaN,NaN,50820
20210217,37193,4.428,0,0,7999,13:05,Partly Cloudy,19,25,NaN,NaN,NaN,NaN,50973
20210216,32466,3.865,0,0,8001,14:20,Mostly Cloudy,19,27,NaN,NaN,NaN,NaN,51122
20210215,34804,4.143,0,0,7994,13:45,Partly Cloudy,19,22,NaN,NaN,NaN,NaN,51268
20210214,37109,4.418,0,0,7648,12:25,Partly Cloudy,17,23,NaN,NaN,NaN,NaN,51410
20210213,10526,1.253,0,0,4426,12:30,Cloudy,19,22,NaN,NaN,NaN,NaN,51548
20210212,35275,4.199,0,0,7989,14:10,Partly Cloudy,20,35,NaN,NaN,NaN,NaN,51683
20210211,53522,6.372,0,0,7132,10:50,Fine,20,28,NaN,NaN,NaN,NaN,51814
20210210,47788,5.689,0,0,7998,14:15,Fine,17,24,NaN,NaN,NaN,NaN,51942
20210209,38701,4.607,0,0,8005,13:25,Partly Cloudy,19,23,NaN,NaN,NaN,NaN,52066
20210208,29270,3.485,0,0,6014,15:20,Mostly Cloudy,19,22,NaN,NaN,NaN,NaN,52187
20210207,46541,5.541,0,0,7993,12:10,Fine,19,27,NaN,NaN,NaN,NaN,52304
20210206,14326,1.705,0,0,2910,12:30,Cloudy,22,26,NaN,NaN,NaN,NaN,52418
20210205,47898,5.702,0,0,7642,13:45,Fine,21,29,NaN,NaN,NaN,NaN,52528
20210204,49357,5.876,0,0,7300,13:35,Fine,18,29,NaN,NaN,NaN,NaN,52635
20210203,47131,5.611,0,0,8005,12:35,Fine,17,25,NaN,NaN,NaN,NaN,52739
20210202,39478,4.700,0,0,7702,13:50,Partly Cloudy,17,23,NaN,NaN,NaN,NaN,52839
20210201,39515,4.704,0,0,7716,13:10,Partly Cloudy,20,27,NaN,NaN,NaN,NaN,52936
20210131,13267,1.579,0,0,2815,12:00,Cloudy,21,23,NaN,NaN,NaN,NaN,53030
20210130,30847,3.672,0,0,6715,14:45,Mostly Cloudy,19,29,NaN,NaN,NaN,NaN,53121
20210129,13211,1.573,0,0,2972,13:00,Cloudy,18,21,NaN,NaN,NaN,NaN,53209
20210128,16525,1.967,0,0,3325,15:05,Cloudy,18,23,NaN,NaN,NaN,NaN,53293
20210127,16570,1.973,0,0,5005,12:40,Cloudy,20,22,NaN,NaN,NaN,NaN,53374
20210126,45097,5.369,0,0,7639,14:00,Fine,22,41,NaN,NaN,NaN,NaN,53453
20210125,54773,6.521,0,0,7785,13:15,Fine,23,32,NaN,NaN,NaN,NaN,53529
20210124,52641,6.267,0,0,6952,13:10,Fine,21,35,NaN,NaN,NaN,NaN,53601
20210123,52495,6.249,0,0,6898,13:15,Fine,22,30,NaN,NaN,NaN,NaN,53671
20210122,53871,6.413,0,0,6871,13:35,Fine,19,33,NaN,NaN,NaN,NaN,53738
20210121,55136,6.564,0,0,7999,11:25,Fine,15,27,NaN,NaN,NaN,NaN,53803
20210120,27991,3.332,0,0,5159,14:35,Mostly Cloudy,17,22,NaN,NaN,NaN,NaN,53865
20210119,34367,4.091,0,0,7996,12:10,Partly Cloudy,20,23,NaN,NaN,NaN,NaN,53924
20210118,54150,6.446,0,0,7349,13:35,Fine,18,30,NaN,NaN,NaN,NaN,53980
20210117,55004,6.548,0,0,7995,13:10,Fine,16,25,NaN,NaN,NaN,NaN,54034
20210116,60179,7.164,0,0,7525,12:45,Fine,17,25,NaN,NaN,NaN,NaN,54086
20210115,49342,5.874,0,0,7892,13:35,Fine,19,28,NaN,NaN,NaN,NaN,54135
20210114,49910,5.942,0,0,6943,13:20,Fine,21,32,NaN,NaN,NaN,NaN,54182
20210113,51124,6.086,0,0,7913,12:45,Fine,21,30,NaN,NaN,NaN,NaN,54226
20210112,49689,5.915,0,0,7999,14:25,Fine,20,30,NaN,NaN,NaN,NaN,54269
20210111,57091,6.797,0,0,7360,13:10,Fine,19,28,NaN,NaN,NaN,NaN,54309
20210110,56649,6.744,0,0,7861,12:55,Fine,17,28,NaN,NaN,NaN,NaN,54346
20210109,57936,6.897,0,0,7660,10:40,Fine,18,25,NaN,NaN,NaN,NaN,54382
20210108,33489,3.987,0,0,6038,15:35,Mostly Cloudy,16,23,NaN,NaN,NaN,NaN,54416
20210107,36897,4.392,0,0,8000,13:15,Partly Cloudy,19,22,NaN,NaN,NaN,NaN,54448
20210106,29181,3.474,0,0,6614,15:40,Mostly Cloudy,20,24,NaN,NaN,NaN,NaN,54478
20210105,42053,5.006,0,0,7873,12:25,Fine,19,28,NaN,NaN,NaN,NaN,54505
20210104,25520,3.038,0,0,5925,11:15,Mostly Cloudy,20,29,NaN,NaN,NaN,NaN,54531
20210103,24327,2.896,0,0,6402,14:40,Mostly Cloudy,18,26,NaN,NaN,NaN,NaN,54555
20210102,20214,2.406,0,0,5866,12:55,Cloudy,16,21,NaN,NaN,NaN,NaN,54577
20210101,19999,2.381,0,0,4142,13:35,Cloudy,18,22,NaN,NaN,NaN,NaN,54597
20201231,28778,3.426,0,0,5503,12:00,Mostly Cloudy,19,24,NaN,NaN,NaN,NaN,54616
20201230,32735,3.897,0,0,8005,13:50,Mostly Cloudy,18,24,NaN,NaN,NaN,NaN,54632
20201229,13862,1.650,0,0,5184,10:10,Cloudy,16,19,NaN,NaN,NaN,NaN,54647
20201228,29770,3.544,0,0,7529,11:40,Mostly Cloudy,22,26,NaN,NaN,NaN,NaN,54661
20201227,56987,6.784,0,0,7166,13:00,Fine,17,30,NaN,NaN,NaN,NaN,54672
20201226,23027,2.741,0,0,4396,13:30,Mostly Cloudy,19,26,NaN,NaN,NaN,NaN,54682
20201225,30582,3.641,0,0,5796,14:15,Mostly Cloudy,18,20,NaN,NaN,NaN,NaN,54690
20201224,52081,6.200,0,0,7997,14:05,Fine,18,28,NaN,NaN,NaN,NaN,54697
20201223,56462,6.722,0,0,7737,12:45,Fine,15,23,NaN,NaN,NaN,NaN,54702
20201222,32287,3.844,0,0,6227,16:20,Mostly Cloudy,17,28,NaN,NaN,NaN,NaN,54706
20201221,15321,1.824,0,0,3500,10:40,Cloudy,18,23,NaN,NaN,NaN,NaN,54708
20201220,29303,3.488,0,0,7942,13:25,Mostly Cloudy,17,23,NaN,NaN,NaN,NaN,54708
20201219,11464,1.365,0,0,2577,11:20,Cloudy,19,20,NaN,NaN,NaN,NaN,54706
20201218,23574,2.806,0,0,5533,09:25,Mostly Cloudy,22,34,NaN,NaN,NaN,NaN,54703
20201217,36494,4.345,0,0,7569,11:45,Partly Cloudy,22,31,NaN,NaN,NaN,NaN,54698
20201216,31581,3.760,0,0,7687,12:40,Mostly Cloudy,21,28,NaN,NaN,NaN,NaN,54692
20201215,22765,2.710,0,0,5354,12:25,Mostly Cloudy,18,26,NaN,NaN,NaN,NaN,54684
20201214,25107,2.989,0,0,6753,14:25,Mostly Cloudy,18,25,NaN,NaN,NaN,NaN,54674
20201213,38544,4.589,0,0,7832,11:50,Partly Cloudy,17,26,NaN,NaN,NaN,NaN,54662
20201212,47518,5.657,0,0,7993,13:20,Fine,16,25,NaN,NaN,NaN,NaN,54649
20201211,41736,4.969,0,0,8000,15:10,Partly Cloudy,17,22,NaN,NaN,NaN,NaN,54634
20201210,45222,5.384,0,0,7985,13:35,Fine,18,26,NaN,NaN,NaN,NaN,54618
20201209,57019,6.788,0,0,7516,12:45,Fine,15,25,NaN,NaN,NaN,NaN,54599
20201208,52229,6.218,0,0,7992,13:05,Fine,15,21,NaN,NaN,NaN,NaN,54579
20201207,60064,7.150,0,0,7373,12:30,Fine,17,31,NaN,NaN,NaN,NaN,54557
20201206,59816,7.121,0,0,7462,13:10,Fine,20,31,NaN,NaN,NaN,NaN,54533
20201205,14471,1.723,0,0,3398,13:20,Cloudy,19,26,NaN,NaN,NaN,NaN,54507
20201204,57858,6.888,0,0,7256,12:30,Fine,18,30,NaN,NaN,NaN,NaN,54480
20201203,11006,1.310,0,0,2969,10:45,Cloudy,16,23,NaN,NaN,NaN,NaN,54450
20201202,31327,3.729,0,0,7440,13:35,Mostly Cloudy,19,24,NaN,NaN,NaN,NaN,54418
20201201,46033,5.480,0,0,7053,12:30,Fine,19,29,NaN,NaN,NaN,NaN,54384
20201130,29731,3.539,0,0,6909,11:50,Mostly Cloudy,18,24,NaN,NaN,NaN,NaN,54348
20201129,39267,4.675,0,0,7228,12:35,Partly Cloudy,23,42,NaN,NaN,NaN,NaN,54309
20201128,51261,6.102,0,0,7087,12:15,Fine,21,43,NaN,NaN,NaN,NaN,54269
20201127,48142,5.731,0,0,7180,12:05,Fine,18,26,NaN,NaN,NaN,NaN,54226
20201126,55175,6.568,0,0,6860,12:30,Fine,17,33,NaN,NaN,NaN,NaN,54181
20201125,33022,3.931,0,0,7448,14:25,Mostly Cloudy,16,24,NaN,NaN,NaN,NaN,54134
20201124,46211,5.501,0,0,7994,12:35,Fine,18,23,NaN,NaN,NaN,NaN,54084
20201123,15975,1.902,0,0,5084,10:55,Cloudy,20,27,NaN,NaN,NaN,NaN,54032
20201122,31528,3.753,0,0,7661,11:55,Mostly Cloudy,17,27,NaN,NaN,NaN,NaN,53977
20201121,39473,4.699,0,0,7942,12:25,Partly Cloudy,19,24,NaN,NaN,NaN,NaN,53920
20201120,49646,5.910,0,0,6929,13:05,Fine,19,31,NaN,NaN,NaN,NaN,53860
20201119,53723,6.396,0,0,7905,13:20,Fine,16,26,NaN,NaN,NaN,NaN,53798
20201118,46597,5.547,0,0,7580,13:25,Fine,16,24,NaN,NaN,NaN,NaN,53732
20201117,42189,5.022,0,0,7997,12:50,Fine,18,23,NaN,NaN,NaN,NaN,53664
20201116,44691,5.320,0,0,7749,13:55,Fine,18,39,NaN,NaN,NaN,NaN,53594
20201115,56347,6.708,0,0,7136,13:30,Fine,17,28,NaN,NaN,NaN,NaN,53520
20201114,52736,6.278,0,0,7941,12:50,Fine,17,25,NaN,NaN,NaN,NaN,53443
20201113,35600,4.238,0,0,7698,10:35,Partly Cloudy,19,31,NaN,NaN,NaN,NaN,53364
20201112,38849,4.625,0,0,7849,11:25,Partly Cloudy,18,32,NaN,NaN,NaN,NaN,53281
20201111,52996,6.309,0,0,7265,12:40,Fine,14,25,NaN,NaN,NaN,NaN,53196
20201110,49722,5.919,0,0,8000,12:05,Fine,14,23,NaN,NaN,NaN,NaN,53107
20201109,37166,4.425,0,0,7976,13:55,Partly Cloudy,14,21,NaN,NaN,NaN,NaN,53016
20201108,57010,6.787,0,0,7731,12:10,Fine,15,20,NaN,NaN,NaN,NaN,52921
20201107,37261,4.436,0,0,7698,12:30,Partly Cloudy,13,20,NaN,NaN,NaN,NaN,52823
20201106,48719,5.800,0,0,7991,11:55,Fine,12,19,NaN,NaN,NaN,NaN,52721
20201105,10655,1.268,0,0,4182,12:55,Cloudy,15,19,NaN,NaN,NaN,NaN,52617
20201104,52594,6.261,0,0,7195,13:00,Fine,14,25,NaN,NaN,NaN,NaN,52509
20201103,55947,6.660,0,0,7286,12:35,Fine,13,22,NaN,NaN,NaN,NaN,52398
20201102,39403,4.691,0,0,8003,13:30,Partly Cloudy,16,21,NaN,NaN,NaN,NaN,52283
20201101,19668,2.341,0,0,5896,12:40,Cloudy,14,18,NaN,NaN,NaN,NaN,52165
20201031,26511,3.156,0,0,7988,12:30,Mostly Cloudy,16,21,NaN,NaN,NaN,NaN,52044
20201030,44781,5.331,0,0,7451,13:00,Fine,13,22,NaN,NaN,NaN,NaN,51919
20201029,34884,4.153,0,0,8007,13:15,Partly Cloudy,14,20,NaN,NaN,NaN,NaN,51791
20201028,28933,3.444,0,0,7297,15:05,Mostly Cloudy,13,19,NaN,NaN,NaN,NaN,51659
20201027,30069,3.580,0,0,6112,12:25,Mostly Cloudy,14,18,NaN,NaN,NaN,NaN,51524
20201026,16489,1.963,0,0,3436,12:40,Cloudy,13,16,NaN,NaN,NaN,NaN,51385
20201025,10418,1.240,0,0,2980,13:45,Cloudy,14,15,NaN,NaN,NaN,NaN,51242
20201024,17667,2.103,0,0,5828,12:30,Cloudy,18,26,NaN,NaN,NaN,NaN,51096
20201023,48747,5.803,0,0,7847,14:00,Fine,18,28,NaN,NaN,NaN,NaN,50947
20201022,40293,4.797,0,0,8001,11:10,Partly Cloudy,16,23,NaN,NaN,NaN,NaN,50794
20201021,51096,6.083,0,0,7107,12:30,Fine,15,24,NaN,NaN,NaN,NaN,50637
20201020,23618,2.812,0,0,7982,14:00,Mostly Cloudy,16,21,NaN,NaN,NaN,NaN,50477
20201019,39560,4.710,0,0,7997,12:05,Partly Cloudy,14,20,NaN,NaN,NaN,NaN,50313
20201018,26490,3.154,0,0,7410,13:15,Mostly Cloudy,17,25,NaN,NaN,NaN,NaN,50146
20201017,34787,4.141,0,0,7345,11:40,Partly Cloudy,15,25,NaN,NaN,NaN,NaN,49975
20201016,20061,2.388,0,0,6171,10:30,Cloudy,17,19,NaN,NaN,NaN,NaN,49800
20201015,48027,5.718,0,0,6794,13:05,Fine,15,26,NaN,NaN,NaN,NaN,49622
20201014,47287,5.629,0,0,8000,11:15,Fine,16,21,NaN,NaN,NaN,NaN,49441
20201013,50367,5.996,0,0,6739,12:45,Fine,15,30,NaN,NaN,NaN,NaN,49256
20201012,46177,5.497,0,0,7012,12:35,Fine,16,24,NaN,NaN,NaN,NaN,49067
20201011,42823,5.098,0,0,7403,13:20,Fine,14,28,NaN,NaN,NaN,NaN,48875
20201010,51306,6.108,0,0,6901,12:50,Fine,13,25,NaN,NaN,NaN,NaN,48680
20201009,45412,5.406,0,0,7407,11:55,Fine,13,24,NaN,NaN,NaN,NaN,48481
20201008,28691,3.416,0,0,7030,12:40,Mostly Cloudy,17,29,NaN,NaN,NaN,NaN,48279
20201007,13735,1.635,0,0,3524,13:00,Cloudy,15,20,NaN,NaN,NaN,NaN,48073
20201006,19185,2.284,0,0,5070,14:30,Cloudy,15,18,NaN,NaN,NaN,NaN,47865
20201005,49417,5.883,0,0,6795,12:20,Fine,16,34,NaN,NaN,NaN,NaN,47653
20201004,49097,5.845,0,0,6670,12:25,Fine,15,29,NaN,NaN,NaN,NaN,47439
20201003,49171,5.854,0,0,6721,11:50,Fine,13,29,NaN,NaN,NaN,NaN,47220
20201002,49685,5.915,0,0,6824,12:05,Fine,11,27,NaN,NaN,NaN,NaN,46998
20201001,41416,4.930,0,0,7567,12:05,Partly Cloudy,14,25,NaN,NaN,NaN,NaN,46774
20200930,24231,2.885,0,0,4580,08:30,Mostly Cloudy,11,21,NaN,NaN,NaN,NaN,46547
20200929,37551,4.470,0,0,7907,10:40,Partly Cloudy,12,19,NaN,NaN,NaN,NaN,46317
20200928,48767,5.806,0,0,7310,12:15,Fine,9,20,NaN,NaN,NaN,NaN,46084
20200927,36152,4.304,0,0,7996,11:40,Partly Cloudy,10,18,NaN,NaN,NaN,NaN,45848
20200926,50468,6.008,0,0,7247,11:30,Fine,9,18,NaN,NaN,NaN,NaN,45610
20200925,33178,3.950,0,0,7543,11:35,Mostly Cloudy,12,25,NaN,NaN,NaN,NaN,45369
20200924,45913,5.466,0,0,7031,11:55,Fine,12,23,NaN,NaN,NaN,NaN,45125
20200923,33244,3.958,0,0,7300,12:15,Mostly Cloudy,14,25,NaN,NaN,NaN,NaN,44879
20200922,48145,5.732,0,0,6783,11:25,Fine,19,28,NaN,NaN,NaN,NaN,44630
20200921,35137,4.183,0,0,7673,12:30,Partly Cloudy,14,29,NaN,NaN,NaN,NaN,44379
20200920,17593,2.094,0,0,7923,11:50,Cloudy,16,21,NaN,NaN,NaN,NaN,44126
20200919,21677,2.581,0,0,5194,10:10,Mostly Cloudy,14,24,NaN,NaN,NaN,NaN,43871
20200918,9637,1.147,0,0,2191,13:20,Cloudy,14,17,NaN,NaN,NaN,NaN,43613
20200917,40420,4.812,0,0,6878,11:35,Partly Cloudy,14,33,NaN,NaN,NaN,NaN,43354
20200916,39222,4.669,0,0,6560,13:05,Partly Cloudy,14,26,NaN,NaN,NaN,NaN,43093
20200915,28530,3.396,0,0,7298,12:20,Mostly Cloudy,15,23,NaN,NaN,NaN,NaN,42829
20200914,45334,5.397,0,0,6611,12:40,Fine,12,20,NaN,NaN,NaN,NaN,42565
20200913,27549,3.280,0,0,6867,12:05,Mostly Cloudy,11,26,NaN,NaN,NaN,NaN,42298
20200912,45315,5.395,0,0,6522,12:10,Fine,10,23,NaN,NaN,NaN,NaN,42030
20200911,30922,3.681,0,0,7994,11:50,Mostly Cloudy,13,20,NaN,NaN,NaN,NaN,41761
20200910,39972,4.759,0,0,7524,11:35,Partly Cloudy,12,18,NaN,NaN,NaN,NaN,41490
20200909,7005,0.834,0,0,1924,11:05,Showers,14,16,NaN,NaN,NaN,NaN,41218
20200908,40551,4.828,0,0,6414,11:40,Partly Cloudy,11,23,NaN,NaN,NaN,NaN,40945
20200907,43222,5.145,0,0,6317,12:00,Fine,11,23,NaN,NaN,NaN,NaN,40671
20200906,33486,3.986,0,0,7416,13:00,Mostly Cloudy,10,19,NaN,NaN,NaN,NaN,40396
20200905,41112,4.894,0,0,6599,11:55,Partly Cloudy,11,21,NaN,NaN,NaN,NaN,40121
20200904,4842,0.576,0,0,1735,13:30,Showers,15,21,NaN,NaN,NaN,NaN,39844
20200903,35492,4.225,0,0,6640,13:30,Partly Cloudy,12,31,NaN,NaN,NaN,NaN,39568
20200902,35050,4.173,0,0,7012,11:55,Partly Cloudy,9,25,NaN,NaN,NaN,NaN,39290
20200901,28226,3.360,0,0,5920,13:45,Mostly Cloudy,11,17,NaN,NaN,NaN,NaN,39013
20200831,35142,4.184,0,0,6625,12:10,Partly Cloudy,15,21,NaN,NaN,NaN,NaN,38735
20200830,41530,4.944,0,0,6100,12:10,Partly Cloudy,8,26,NaN,NaN,NaN,NaN,38457
20200829,41961,4.995,0,0,6183,12:00,Partly Cloudy,7,22,NaN,NaN,NaN,NaN,38180
20200828,42304,5.036,0,0,6282,12:00,Fine,11,17,NaN,NaN,NaN,NaN,37902
20200827,41845,4.982,0,0,6275,11:45,Partly Cloudy,6,22,NaN,NaN,NaN,NaN,37625
20200826,41260,4.912,0,0,6132,12:00,Partly Cloudy,6,19,NaN,NaN,NaN,NaN,37348
20200825,36964,4.400,0,0,7084,11:40,Partly Cloudy,6,14,NaN,NaN,NaN,NaN,37072
20200824,41459,4.936,0,0,6236,12:00,Partly Cloudy,8,17,NaN,NaN,NaN,NaN,36797
20200823,39131,4.658,0,0,6324,11:50,Partly Cloudy,8,17,NaN,NaN,NaN,NaN,36522
20200822,28990,3.451,0,0,7056,12:25,Mostly Cloudy,9,16,NaN,NaN,NaN,NaN,36248
20200821,27577,3.283,0,0,6037,13:15,Mostly Cloudy,9,19,NaN,NaN,NaN,NaN,35975
20200820,39218,4.669,0,0,6913,12:35,Partly Cloudy,10,18,NaN,NaN,NaN,NaN,35704
20200819,30072,3.580,0,0,6791,13:00,Mostly Cloudy,11,22,NaN,NaN,NaN,NaN,35434
20200818,34607,4.120,0,0,6051,12:00,Partly Cloudy,11,22,NaN,NaN,NaN,NaN,35165
20200817,39233,4.671,0,0,5966,12:00,Partly Cloudy,12,20,NaN,NaN,NaN,NaN,34898
20200816,34991,4.166,0,0,6358,12:20,Partly Cloudy,12,21,NaN,NaN,NaN,NaN,34632
20200815,29800,3.548,0,0,6952,12:45,Mostly Cloudy,11,20,NaN,NaN,NaN,NaN,34368
20200814,14090,1.677,0,0,3938,09:50,Cloudy,10,19,NaN,NaN,NaN,NaN,34107
20200813,34628,4.122,0,0,5719,12:00,Partly Cloudy,10,22,NaN,NaN,NaN,NaN,33847
20200812,16446,1.958,0,0,4770,12:25,Cloudy,10,19,NaN,NaN,NaN,NaN,33589
20200811,28181,3.355,0,0,6871,11:30,Mostly Cloudy,10,19,NaN,NaN,NaN,NaN,33334
20200810,17136,2.040,0,0,6694,12:35,Cloudy,9,16,NaN,NaN,NaN,NaN,33082
20200809,9858,1.174,0,0,4580,10:15,Cloudy,8,14,NaN,NaN,NaN,NaN,32831
20200808,13323,1.586,0,0,5078,10:25,Cloudy,11,17,NaN,NaN,NaN,NaN,32584
20200807,3166,0.377,0,0,721,10:20,Showers,8,15,NaN,NaN,NaN,NaN,32340
20200806,36180,4.307,0,0,5788,12:05,Partly Cloudy,6,15,NaN,NaN,NaN,NaN,32098
20200805,37308,4.441,0,0,5822,12:05,Partly Cloudy,6,18,NaN,NaN,NaN,NaN,31859
20200804,29399,3.500,0,0,5748,11:15,Mostly Cloudy,8,22,NaN,NaN,NaN,NaN,31624
20200803,28100,3.345,0,0,5553,12:05,Mostly Cloudy,7,21,NaN,NaN,NaN,NaN,31392
20200802,31736,3.778,0,0,6038,12:35,Mostly Cloudy,7,18,NaN,NaN,NaN,NaN,31163
20200801,32360,3.852,0,0,5730,12:50,Mostly Cloudy,6,20,NaN,NaN,NaN,NaN,30938
20200731,29577,3.521,0,0,6024,12:25,Mostly Cloudy,9,16,NaN,NaN,NaN,NaN,30717
20200730,29988,3.570,0,0,6321,11:50,Mostly Cloudy,10,17,NaN,NaN,NaN,NaN,30499
20200729,31640,3.767,0,0,6002,11:25,Mostly Cloudy,10,17,NaN,NaN,NaN,NaN,30286
20200728,15154,1.804,0,0,5808,12:00,Cloudy,12,17,NaN,NaN,NaN,NaN,30076
20200727,6193,0.737,0,0,2242,13:00,Showers,14,17,NaN,NaN,NaN,NaN,29871
20200726,2460,0.293,0,0,925,13:05,Showers,12,16,NaN,NaN,NaN,NaN,29669
20200725,14043,1.672,0,0,6614,12:15,Cloudy,8,18,NaN,NaN,NaN,NaN,29472
20200724,29575,3.521,0,0,5866,13:05,Mostly Cloudy,8,19,NaN,NaN,NaN,NaN,29280
20200723,32089,3.820,0,0,5206,12:10,Mostly Cloudy,7,18,NaN,NaN,NaN,NaN,29092
20200722,28322,3.372,0,0,5673,11:30,Mostly Cloudy,7,19,NaN,NaN,NaN,NaN,28908
20200721,32174,3.830,0,0,5313,12:15,Mostly Cloudy,8,15,NaN,NaN,NaN,NaN,28730
20200720,33598,4.000,0,0,5468,12:00,Mostly Cloudy,9,18,NaN,NaN,NaN,NaN,28556
20200719,25362,3.019,0,0,5772,12:15,Mostly Cloudy,7,20,NaN,NaN,NaN,NaN,28387
20200718,17850,2.125,0,0,5208,12:35,Cloudy,10,17,NaN,NaN,NaN,NaN,28223
20200717,10823,1.288,0,0,2958,13:05,Cloudy,11,15,NaN,NaN,NaN,NaN,28065
20200716,12806,1.525,0,0,3582,10:35,Cloudy,9,15,NaN,NaN,NaN,NaN,27911
20200715,12002,1.429,0,0,4017,11:10,Cloudy,11,15,NaN,NaN,NaN,NaN,27763
20200714,12442,1.481,0,0,4869,12:05,Cloudy,11,16,NaN,NaN,NaN,NaN,27620
20200713,19054,2.268,0,0,5380,12:15,Cloudy,8,16,NaN,NaN,NaN,NaN,27483
20200712,20878,2.485,0,0,5012,12:15,Cloudy,8,18,NaN,NaN,NaN,NaN,27351
20200711,9672,1.151,0,0,2176,12:05,Cloudy,12,16,NaN,NaN,NaN,NaN,27225
20200710,14477,1.723,0,0,4142,10:00,Cloudy,10,18,NaN,NaN,NaN,NaN,27104
20200709,21365,2.543,0,0,4631,12:50,Mostly Cloudy,8,18,NaN,NaN,NaN,NaN,26989
20200708,9703,1.155,0,0,5250,09:50,Cloudy,11,16,NaN,NaN,NaN,NaN,26880
20200707,16222,1.931,0,0,4162,12:20,Cloudy,10,16,NaN,NaN,NaN,NaN,26777
20200706,22037,2.623,0,0,5302,12:45,Mostly Cloudy,9,17,NaN,NaN,NaN,NaN,26680
20200705,22543,2.684,0,0,4669,13:25,Mostly Cloudy,7,18,NaN,NaN,NaN,NaN,26588
20200704,22342,2.660,0,0,4512,11:50,Mostly Cloudy,9,16,NaN,NaN,NaN,NaN,26503
20200703,23066,2.746,0,0,4399,11:35,Mostly Cloudy,11,18,NaN,NaN,NaN,NaN,26424
20200702,20486,2.439,0,0,4329,11:35,Cloudy,10,24,NaN,NaN,NaN,NaN,26351
20200701,21303,2.536,0,0,4259,11:35,Mostly Cloudy,8,22,NaN,NaN,NaN,NaN,26284
20200630,22446,2.672,0,0,4238,12:05,Mostly Cloudy,8,19,NaN,NaN,NaN,NaN,26223
20200629,16291,1.939,0,0,5640,12:45,Cloudy,10,14,NaN,NaN,NaN,NaN,26169
20200628,16175,1.926,0,0,5197,13:20,Cloudy,9,15,NaN,NaN,NaN,NaN,26120
20200627,16104,1.917,0,0,5034,11:40,Cloudy,9,16,NaN,NaN,NaN,NaN,26079
20200626,21187,2.522,0,0,5253,12:25,Mostly Cloudy,9,18,NaN,NaN,NaN,NaN,26043
20200625,22691,2.701,0,0,4342,11:35,Mostly Cloudy,10,19,NaN,NaN,NaN,NaN,26014
20200624,15474,1.842,0,0,4921,11:00,Cloudy,7,18,NaN,NaN,NaN,NaN,25991
20200623,22293,2.654,0,0,4401,11:55,Mostly Cloudy,7,17,NaN,NaN,NaN,NaN,25974
20200622,15358,1.828,0,0,4673,11:55,Cloudy,8,17,NaN,NaN,NaN,NaN,25964
20200621,14016,1.669,0,0,4877,11:30,Cloudy,11,19,NaN,NaN,NaN,NaN,25961
20200620,20939,2.493,0,0,4245,11:55,Cloudy,8,21,NaN,NaN,NaN,NaN,25964
20200619,21330,2.539,0,0,4485,12:05,Mostly Cloudy,8,20,NaN,NaN,NaN,NaN,25973
20200618,20022,2.384,0,0,5451,10:25,Cloudy,13,18,NaN,NaN,NaN,NaN,25988
20200617,9488,1.130,0,0,6019,10:50,Cloudy,11,18,NaN,NaN,NaN,NaN,26010
20200616,22731,2.706,0,0,4335,11:30,Mostly Cloudy,9,21,NaN,NaN,NaN,NaN,26039
20200615,22574,2.687,0,0,4300,11:25,Mostly Cloudy,8,21,NaN,NaN,NaN,NaN,26074
20200614,18810,2.239,0,0,4246,11:50,Cloudy,13,22,NaN,NaN,NaN,NaN,26115
20200613,18892,2.249,0,0,4239,11:55,Cloudy,11,20,NaN,NaN,NaN,NaN,26162
20200612,6549,0.780,0,0,4963,11:30,Showers,12,16,NaN,NaN,NaN,NaN,26216
20200611,21330,2.539,0,0,4315,12:20,Mostly Cloudy,13,20,NaN,NaN,NaN,NaN,26276
20200610,8712,1.037,0,0,3771,09:55,Cloudy,13,17,NaN,NaN,NaN,NaN,26343
20200609,20372,2.425,0,0,4367,12:00,Cloudy,10,17,NaN,NaN,NaN,NaN,26416
20200608,20387,2.427,0,0,4794,12:05,Cloudy,9,16,NaN,NaN,NaN,NaN,26494
20200607,14198,1.690,0,0,5558,12:20,Cloudy,7,16,NaN,NaN,NaN,NaN,26580
20200606,23113,2.752,0,0,4308,11:55,Mostly Cloudy,7,19,NaN,NaN,NaN,NaN,26671
20200605,23878,2.843,0,0,4417,11:55,Mostly Cloudy,7,20,NaN,NaN,NaN,NaN,26768
20200604,18405,2.191,0,0,5507,10:40,Cloudy,10,15,NaN,NaN,NaN,NaN,26872
20200603,22524,2.681,0,0,4942,11:50,Mostly Cloudy,8,17,NaN,NaN,NaN,NaN,26981
20200602,9342,1.112,0,0,2242,12:00,Cloudy,7,15,NaN,NaN,NaN,NaN,27096
20200601,23437,2.790,0,0,4420,11:55,Mostly Cloudy,12,23,NaN,NaN,NaN,NaN,27217
20200531,15721,1.872,0,0,4596,09:55,Cloudy,11,22,NaN,NaN,NaN,NaN,27344
20200530,24342,2.898,0,0,4960,12:20,Mostly Cloudy,10,20,NaN,NaN,NaN,NaN,27476
20200529,6212,0.740,0,0,1357,13:45,Showers,11,16,NaN,NaN,NaN,NaN,27614
20200528,23957,2.852,0,0,4496,11:45,Mostly Cloudy,11,21,NaN,NaN,NaN,NaN,27758
20200527,17283,2.058,0,0,6577,12:05,Cloudy,12,18,NaN,NaN,NaN,NaN,27907
20200526,15565,1.853,0,0,5582,11:15,Cloudy,13,20,NaN,NaN,NaN,NaN,28063
20200525,10368,1.234,0,0,4567,12:00,Cloudy,13,16,NaN,NaN,NaN,NaN,28223
20200524,12490,1.487,0,0,3428,13:25,Cloudy,13,16,NaN,NaN,NaN,NaN,28388
20200523,12526,1.491,0,0,4450,10:00,Cloudy,11,17,NaN,NaN,NaN,NaN,28559
20200522,11910,1.418,0,0,3617,12:50,Cloudy,8,16,NaN,NaN,NaN,NaN,28734
20200521,7552,0.899,0,0,4201,14:20,Showers,15,18,NaN,NaN,NaN,NaN,28915
20200520,23206,2.763,0,0,5209,11:05,Mostly Cloudy,12,25,NaN,NaN,NaN,NaN,29100
20200519,25524,3.039,0,0,4957,13:05,Mostly Cloudy,14,22,NaN,NaN,NaN,NaN,29290
20200518,12523,1.491,0,0,5081,11:35,Cloudy,11,19,NaN,NaN,NaN,NaN,29487
20200517,21364,2.543,0,0,5686,11:35,Mostly Cloudy,9,20,NaN,NaN,NaN,NaN,29686
20200516,19634,2.337,0,0,5948,10:30,Cloudy,10,19,NaN,NaN,NaN,NaN,29891
20200515,15293,1.821,0,0,4418,14:20,Cloudy,10,16,NaN,NaN,NaN,NaN,30099
20200514,17395,2.071,0,0,5223,11:20,Cloudy,9,17,NaN,NaN,NaN,NaN,30312
20200513,17941,2.136,0,0,5560,11:45,Cloudy,10,20,NaN,NaN,NaN,NaN,30529
20200512,28796,3.428,0,0,5072,11:25,Mostly Cloudy,8,21,NaN,NaN,NaN,NaN,30750
20200511,29805,3.548,0,0,5154,11:30,Mostly Cloudy,7,18,NaN,NaN,NaN,NaN,30976
20200510,30825,3.670,0,0,5388,11:25,Mostly Cloudy,11,18,NaN,NaN,NaN,NaN,31205
20200509,21272,2.532,0,0,5111,11:40,Mostly Cloudy,15,27,NaN,NaN,NaN,NaN,31437
20200508,29286,3.486,0,0,5055,11:25,Mostly Cloudy,15,28,NaN,NaN,NaN,NaN,31674
20200507,23394,2.785,0,0,4925,11:25,Mostly Cloudy,12,24,NaN,NaN,NaN,NaN,31913
20200506,31425,3.741,0,0,5351,11:20,Mostly Cloudy,11,23,NaN,NaN,NaN,NaN,32156
20200505,20934,2.492,0,0,5771,11:15,Cloudy,12,19,NaN,NaN,NaN,NaN,32403
20200504,27658,3.293,0,0,6234,11:25,Mostly Cloudy,9,17,NaN,NaN,NaN,NaN,32653
20200503,32183,3.831,0,0,5695,11:25,Mostly Cloudy,11,18,NaN,NaN,NaN,NaN,32905
20200502,32911,3.918,0,0,5679,11:25,Mostly Cloudy,12,20,NaN,NaN,NaN,NaN,33161
20200501,30829,3.670,0,0,6054,12:15,Mostly Cloudy,10,18,NaN,NaN,NaN,NaN,33419
20200430,3748,0.446,0,0,2268,12:30,Showers,17,21,NaN,NaN,NaN,NaN,33679
20200429,21909,2.608,0,0,6391,13:10,Mostly Cloudy,17,28,NaN,NaN,NaN,NaN,33943
20200428,13425,1.598,0,0,3532,10:35,Cloudy,19,24,NaN,NaN,NaN,NaN,34208
20200427,14266,1.698,0,0,5155,09:05,Cloudy,16,21,NaN,NaN,NaN,NaN,34476
20200426,20541,2.445,0,0,6169,12:05,Cloudy,13,29,NaN,NaN,NaN,NaN,34746
20200425,33834,4.028,0,0,5603,11:30,Partly Cloudy,14,27,NaN,NaN,NaN,NaN,35017
20200424,34118,4.062,0,0,5624,11:30,Partly Cloudy,16,27,NaN,NaN,NaN,NaN,35291
20200423,35623,4.241,0,0,5843,11:35,Partly Cloudy,13,26,NaN,NaN,NaN,NaN,35566
20200422,35311,4.204,0,0,5925,11:30,Partly Cloudy,14,26,NaN,NaN,NaN,NaN,35843
20200421,35254,4.197,0,0,5815,11:35,Partly Cloudy,13,26,NaN,NaN,NaN,NaN,36121
20200420,9973,1.187,0,0,2655,10:55,Cloudy,13,21,NaN,NaN,NaN,NaN,36401
20200419,33149,3.946,0,0,6484,11:15,Mostly Cloudy,12,21,NaN,NaN,NaN,NaN,36681
20200418,38175,4.545,0,0,6109,11:25,Partly Cloudy,13,23,NaN,NaN,NaN,NaN,36963
20200417,38585,4.593,0,0,6174,11:35,Partly Cloudy,17,27,NaN,NaN,NaN,NaN,37246
20200416,11879,1.414,0,0,4329,11:25,Cloudy,17,27,NaN,NaN,NaN,NaN,37529
20200415,24028,2.860,0,0,5499,12:05,Mostly Cloudy,15,28,NaN,NaN,NaN,NaN,37813
20200414,37907,4.513,0,0,5984,11:35,Partly Cloudy,13,26,NaN,NaN,NaN,NaN,38097
20200413,32635,3.885,0,0,7156,12:05,Mostly Cloudy,11,22,NaN,NaN,NaN,NaN,38382
20200412,40807,4.858,0,0,6296,11:35,Partly Cloudy,11,20,NaN,NaN,NaN,NaN,38667
20200411,34666,4.127,0,0,6296,11:30,Partly Cloudy,13,27,NaN,NaN,NaN,NaN,38952
20200410,14840,1.767,0,0,4978,13:40,Cloudy,17,23,NaN,NaN,NaN,NaN,39237
20200409,21872,2.604,0,0,6148,10:30,Mostly Cloudy,16,21,NaN,NaN,NaN,NaN,39522
20200408,12920,1.538,0,0,2559,14:50,Cloudy,15,19,NaN,NaN,NaN,NaN,39806
20200407,28735,3.421,0,0,7654,11:25,Mostly Cloudy,15,20,NaN,NaN,NaN,NaN,40090
20200406,33086,3.939,0,0,6862,11:55,Mostly Cloudy,14,23,NaN,NaN,NaN,NaN,40374
20200405,42457,5.054,0,0,6452,11:35,Fine,12,25,NaN,NaN,NaN,NaN,40225
20200404,35705,4.251,0,0,6416,13:10,Partly Cloudy,19,27,NaN,NaN,NaN,NaN,40939
20200403,22023,2.622,0,0,6445,13:50,Mostly Cloudy,16,26,NaN,NaN,NaN,NaN,41220
20200402,14923,1.777,0,0,5871,12:05,Cloudy,19,25,NaN,NaN,NaN,NaN,41501
20200401,10402,1.238,0,0,2908,15:00,Cloudy,20,25,NaN,NaN,NaN,NaN,41780
20200331,36849,4.387,0,0,6842,13:00,Partly Cloudy,17,25,NaN,NaN,NaN,NaN,42058
20200330,15928,1.896,0,0,6154,14:30,Cloudy,19,26,NaN,NaN,NaN,NaN,42334
20200329,25917,3.085,0,0,6088,15:15,Mostly Cloudy,17,25,NaN,NaN,NaN,NaN,42609
20200328,26928,3.206,0,0,7974,11:30,Mostly Cloudy,16,24,NaN,NaN,NaN,NaN,42883
20200327,32206,3.834,0,0,6484,13:50,Mostly Cloudy,17,23,NaN,NaN,NaN,NaN,43155
20200326,23857,2.840,0,0,7438,12:35,Mostly Cloudy,17,21,NaN,NaN,NaN,NaN,43425
20200325,20048,2.387,0,0,6712,12:55,Cloudy,18,23,NaN,NaN,NaN,NaN,43693
20200324,20120,2.395,0,0,4884,10:00,Cloudy,17,22,NaN,NaN,NaN,NaN,43959
20200323,27237,3.242,0,0,7399,11:25,Mostly Cloudy,18,22,NaN,NaN,NaN,NaN,44224
20200322,42778,5.093,0,0,6479,13:10,Fine,18,30,NaN,NaN,NaN,NaN,44486
20200321,40230,4.789,0,0,7179,12:50,Partly Cloudy,18,25,NaN,NaN,NaN,NaN,44745
20200320,38546,4.589,0,0,6414,13:00,Partly Cloudy,20,36,NaN,NaN,NaN,NaN,45003
20200319,44942,5.350,0,0,6408,13:00,Fine,17,32,NaN,NaN,NaN,NaN,45258
20200318,48130,5.730,0,0,6797,13:00,Fine,15,27,NaN,NaN,NaN,NaN,45510
20200317,31859,3.793,0,0,7251,14:25,Mostly Cloudy,15,23,NaN,NaN,NaN,NaN,45760
20200316,29484,3.510,0,0,7513,13:35,Mostly Cloudy,16,20,NaN,NaN,NaN,NaN,46007
20200315,28920,3.443,0,0,6359,11:10,Mostly Cloudy,15,19,NaN,NaN,NaN,NaN,46251
20200314,4781,0.569,0,0,956,17:40,Showers,16,20,NaN,NaN,NaN,NaN,46493
20200313,44451,5.292,0,0,7278,13:40,Fine,16,27,NaN,NaN,NaN,NaN,46731
20200312,42864,5.103,0,0,7405,14:20,Fine,17,26,NaN,NaN,NaN,NaN,46967
20200311,42603,5.072,0,0,7994,13:00,Fine,15,25,NaN,NaN,NaN,NaN,47200
20200310,32141,3.826,0,0,6185,15:30,Mostly Cloudy,17,23,NaN,NaN,NaN,NaN,47429
20200309,34006,4.048,0,0,8003,13:20,Partly Cloudy,16,22,NaN,NaN,NaN,NaN,47655
20200308,29365,3.496,0,0,7987,13:00,Mostly Cloudy,16,21,NaN,NaN,NaN,NaN,47878
20200307,30917,3.681,0,0,7451,13:05,Mostly Cloudy,19,23,NaN,NaN,NaN,NaN,48098
20200306,30884,3.677,0,0,7485,13:50,Mostly Cloudy,21,26,NaN,NaN,NaN,NaN,48315
20200305,6587,0.784,0,0,1798,12:00,Showers,22,24,NaN,NaN,NaN,NaN,48528
20200304,17570,2.092,0,0,5549,14:05,Cloudy,18,26,NaN,NaN,NaN,NaN,48737
20200303,8022,0.955,0,0,1502,10:45,Showers,19,21,NaN,NaN,NaN,NaN,48944
20200302,44417,5.288,0,0,7478,13:05,Fine,20,39,NaN,NaN,NaN,NaN,49146
20200301,49349,5.875,0,0,6942,13:40,Fine,19,30,NaN,NaN,NaN,NaN,49345
20200229,39394,4.690,0,0,7659,12:15,Partly Cloudy,19,28,NaN,NaN,NaN,NaN,49541
20200228,43797,5.214,0,0,7714,12:40,Fine,17,23,NaN,NaN,NaN,NaN,49733
20200227,30005,3.572,0,0,7326,14:30,Mostly Cloudy,19,27,NaN,NaN,NaN,NaN,49922
20200226,33767,4.020,0,0,6663,14:50,Partly Cloudy,22,34,NaN,NaN,NaN,NaN,50106
20200225,50206,5.977,0,0,6890,13:30,Fine,20,30,NaN,NaN,NaN,NaN,50287
20200224,46622,5.550,0,0,7684,13:40,Fine,19,29,NaN,NaN,NaN,NaN,50465
20200223,22482,2.676,0,0,6350,12:10,Mostly Cloudy,19,26,NaN,NaN,NaN,NaN,50639
20200222,21369,2.544,0,0,5450,12:10,Mostly Cloudy,18,23,NaN,NaN,NaN,NaN,50809
20200221,36026,4.289,0,0,7575,14:50,Partly Cloudy,19,25,NaN,NaN,NaN,NaN,50976
20200220,46807,5.572,0,0,8002,12:30,Fine,18,23,NaN,NaN,NaN,NaN,51138
20200219,48278,5.747,0,0,7856,13:10,Fine,20,30,NaN,NaN,NaN,NaN,51297
20200218,40649,4.839,0,0,7151,14:10,Partly Cloudy,20,31,NaN,NaN,NaN,NaN,51453
20200217,16525,1.967,0,0,7439,13:45,Cloudy,20,24,NaN,NaN,NaN,NaN,51604
20200216,45111,5.370,0,0,7993,14:00,Fine,20,25,NaN,NaN,NaN,NaN,51752
20200215,36792,4.380,0,0,7959,13:05,Partly Cloudy,18,26,NaN,NaN,NaN,NaN,51897
20200214,53988,6.427,0,0,7694,13:40,Fine,21,25,NaN,NaN,NaN,NaN,52037
20200213,23896,2.845,0,0,6834,10:40,Mostly Cloudy,20,27,NaN,NaN,NaN,NaN,52174
20200212,22749,2.708,0,0,6771,12:40,Mostly Cloudy,21,26,NaN,NaN,NaN,NaN,52308
20200211,47135,5.611,0,0,7152,13:50,Fine,20,30,NaN,NaN,NaN,NaN,52438
20200210,33438,3.981,0,0,7398,14:55,Mostly Cloudy,19,28,NaN,NaN,NaN,NaN,52564
20200209,3185,0.379,0,0,754,12:50,Showers,18,21,NaN,NaN,NaN,NaN,52687
20200208,13903,1.655,0,0,3947,10:45,Cloudy,18,24,NaN,NaN,NaN,NaN,52806
20200207,8541,1.017,0,0,2472,15:00,Cloudy,18,22,NaN,NaN,NaN,NaN,52921
20200206,16593,1.975,0,0,3113,14:30,Cloudy,19,26,NaN,NaN,NaN,NaN,53034
20200205,43021,5.122,0,0,7998,12:35,Fine,19,27,NaN,NaN,NaN,NaN,53143
20200204,42038,5.005,0,0,7712,13:35,Fine,17,23,NaN,NaN,NaN,NaN,53248
20200203,37201,4.429,0,0,7342,14:20,Partly Cloudy,21,31,NaN,NaN,NaN,NaN,53350
20200202,27044,3.220,0,0,5185,13:00,Mostly Cloudy,23,26,NaN,NaN,NaN,NaN,53449
20200201,41233,4.909,0,0,5418,13:20,Partly Cloudy,24,37,NaN,NaN,NaN,NaN,53545
20200131,42215,5.026,0,0,5655,13:15,Fine,23,33,NaN,NaN,NaN,NaN,53637
20200130,42126,5.015,0,0,5655,12:55,Fine,20,31,NaN,NaN,NaN,NaN,53727
20200129,31245,3.720,0,0,6664,14:00,Mostly Cloudy,22,26,NaN,NaN,NaN,NaN,53813
20200128,30749,3.661,0,0,6603,13:45,Mostly Cloudy,22,29,NaN,NaN,NaN,NaN,53896
20200127,32178,3.831,0,0,6312,13:15,Mostly Cloudy,22,28,NaN,NaN,NaN,NaN,53976
20200126,38805,4.620,0,0,5870,13:55,Partly Cloudy,24,37,NaN,NaN,NaN,NaN,54053
20200125,26949,3.208,0,0,6657,13:10,Mostly Cloudy,22,29,NaN,NaN,NaN,NaN,54127
20200124,17518,2.085,0,0,4764,15:50,Cloudy,22,25,NaN,NaN,NaN,NaN,54198
20200123,42391,5.047,0,0,7138,13:05,Fine,22,43,NaN,NaN,NaN,NaN,54267
20200122,56308,6.703,0,0,7140,13:05,Fine,20,32,NaN,NaN,NaN,NaN,54333
20200121,56566,6.734,0,0,7359,13:45,Fine,18,30,NaN,NaN,NaN,NaN,54395
20200120,32946,3.922,0,0,7572,13:55,Mostly Cloudy,20,30,NaN,NaN,NaN,NaN,54456
20200119,34953,4.161,0,0,7066,13:00,Partly Cloudy,18,24,NaN,NaN,NaN,NaN,54513
20200118,19506,2.322,0,0,3406,12:35,Cloudy,19,22,NaN,NaN,NaN,NaN,54569
20200117,12249,1.458,0,0,4029,15:50,Cloudy,18,21,NaN,NaN,NaN,NaN,54621
20200116,15303,1.822,0,0,3881,15:30,Cloudy,20,28,NaN,NaN,NaN,NaN,54672
20200115,42231,5.028,0,0,6095,13:00,Fine,19,28,NaN,NaN,NaN,NaN,54720
20200114,36193,4.309,0,0,7835,12:15,Partly Cloudy,19,28,NaN,NaN,NaN,NaN,54765
20200113,38273,4.556,0,0,8003,14:20,Partly Cloudy,17,27,NaN,NaN,NaN,NaN,54808
20200112,6531,0.778,0,0,2044,16:20,Showers,19,23,NaN,NaN,NaN,NaN,54849
20200111,17574,2.092,0,0,4923,15:00,Cloudy,18,22,NaN,NaN,NaN,NaN,54888
20200110,45745,5.446,0,0,7067,11:45,Fine,21,31,NaN,NaN,NaN,NaN,54925
20200109,28395,3.380,0,0,6513,14:25,Mostly Cloudy,20,25,NaN,NaN,NaN,NaN,54959
20200108,42189,5.022,0,0,7617,13:15,Fine,21,24,NaN,NaN,NaN,NaN,54992
20200107,31276,3.723,0,0,8003,12:10,Mostly Cloudy,20,29,NaN,NaN,NaN,NaN,55022
20200106,12715,1.514,0,0,3236,14:30,Cloudy,19,25,NaN,NaN,NaN,NaN,55051
20200105,34834,4.147,0,0,6996,11:50,Partly Cloudy,20,24,NaN,NaN,NaN,NaN,55077
20200104,41420,4.931,0,0,6572,14:35,Partly Cloudy,22,43,NaN,NaN,NaN,NaN,55102
20200103,43067,5.127,0,0,7534,12:10,Fine,20,30,NaN,NaN,NaN,NaN,55124
20200102,41098,4.893,0,0,7198,13:15,Partly Cloudy,19,26,NaN,NaN,NaN,NaN,55145
20200101,42173,5.021,0,0,6646,12:50,Fine,18,26,NaN,NaN,NaN,NaN,55164
20191231,46593,5.547,0,0,6373,13:20,Fine,20,40,NaN,NaN,NaN,NaN,55182
20191230,42469,5.056,0,0,5511,12:55,Fine,19,31,NaN,NaN,NaN,NaN,55197
20191229,29341,3.493,0,0,4672,14:00,Mostly Cloudy,20,29,NaN,NaN,NaN,NaN,55211
20191228,55249,6.577,0,0,7154,13:00,Fine,20,30,NaN,NaN,NaN,NaN,55223
20191227,54842,6.529,0,0,6887,13:00,Fine,21,29,NaN,NaN,NaN,NaN,55234
20191226,54951,6.542,0,0,7106,13:15,Fine,20,30,NaN,NaN,NaN,NaN,55242
20191225,47164,5.615,0,0,7465,12:40,Fine,19,27,NaN,NaN,NaN,NaN,55249
20191224,28157,3.352,0,0,6881,12:10,Mostly Cloudy,20,28,NaN,NaN,NaN,NaN,55255
20191223,31490,3.749,0,0,5572,14:55,Mostly Cloudy,16,26,NaN,NaN,NaN,NaN,55259
20191222,29418,3.502,0,0,7998,13:05,Mostly Cloudy,18,21,NaN,NaN,NaN,NaN,55261
20191221,43506,5.179,0,0,6403,13:30,Fine,21,32,NaN,NaN,NaN,NaN,55262
20191220,49896,5.940,0,0,7026,12:25,Fine,19,26,NaN,NaN,NaN,NaN,55260
20191219,32818,3.907,0,0,6168,11:40,Mostly Cloudy,20,42,NaN,NaN,NaN,NaN,55258
20191218,53827,6.408,0,0,6842,13:15,Fine,18,28,NaN,NaN,NaN,NaN,55253
20191217,55639,6.624,0,0,6810,12:15,Fine,16,24,NaN,NaN,NaN,NaN,55247
20191216,38990,4.642,0,0,7995,13:45,Partly Cloudy,18,22,NaN,NaN,NaN,NaN,55239
20191215,36730,4.373,0,0,6892,11:45,Partly Cloudy,20,29,NaN,NaN,NaN,NaN,55230
20191214,43141,5.136,0,0,7024,12:20,Fine,18,27,NaN,NaN,NaN,NaN,55219
20191213,26573,3.163,0,0,7999,13:00,Mostly Cloudy,18,23,NaN,NaN,NaN,NaN,55206
20191212,37265,4.436,0,0,8002,12:25,Partly Cloudy,17,23,NaN,NaN,NaN,NaN,55191
20191211,33317,3.966,0,0,7822,13:45,Mostly Cloudy,17,22,NaN,NaN,NaN,NaN,55175
20191210,34383,4.093,0,0,5876,11:50,Partly Cloudy,19,35,NaN,NaN,NaN,NaN,55157
20191209,41607,4.953,0,0,7002,12:40,Partly Cloudy,20,27,NaN,NaN,NaN,NaN,55137
20191208,36579,4.355,0,0,7108,12:50,Partly Cloudy,18,26,NaN,NaN,NaN,NaN,55115
20191207,45558,5.424,0,0,7072,12:40,Fine,17,26,NaN,NaN,NaN,NaN,55091
20191206,27644,3.291,0,0,5107,09:30,Mostly Cloudy,17,28,NaN,NaN,NaN,NaN,55066
20191205,37855,4.507,0,0,6482,11:40,Partly Cloudy,16,33,NaN,NaN,NaN,NaN,55038
20191204,38636,4.600,0,0,5611,11:15,Partly Cloudy,19,31,NaN,NaN,NaN,NaN,55008
20191203,45432,5.409,0,0,6298,14:10,Fine,14,28,NaN,NaN,NaN,NaN,54976
20191202,36489,4.344,0,0,7904,14:00,Partly Cloudy,17,24,NaN,NaN,NaN,NaN,54942
20191201,34894,4.154,0,0,7189,13:20,Partly Cloudy,17,24,NaN,NaN,NaN,NaN,54906
20191130,28120,3.348,0,0,5376,10:45,Cloudy,19,22,NaN,NaN,NaN,NaN,54868
20191129,41374,4.925,0,0,7107,13:10,Partly Cloudy,20,30,NaN,NaN,NaN,NaN,54828
20191128,57887,6.891,0,0,7259,13:10,Fine,16,28,NaN,NaN,NaN,NaN,54786
20191127,60230,7.170,0,0,7472,13:10,Fine,14,23,NaN,NaN,NaN,NaN,54741
20191126,41221,4.907,0,0,7983,12:25,Partly Cloudy,18,37,NaN,NaN,NaN,NaN,54693
20191125,34727,4.134,0,0,7558,13:55,Partly Cloudy,19,32,NaN,NaN,NaN,NaN,54644
20191124,34951,4.161,0,0,6987,13:50,Partly Cloudy,18,22,NaN,NaN,NaN,NaN,54591
20191123,20330,2.420,0,0,4679,13:35,Cloudy,17,22,NaN,NaN,NaN,NaN,54537
20191122,37491,4.463,0,0,7160,12:30,Partly Cloudy,19,22,NaN,NaN,NaN,NaN,54480
20191121,53233,6.337,0,0,7040,13:45,Fine,17,29,NaN,NaN,NaN,NaN,54420
20191120,45650,5.435,0,0,8001,13:50,Fine,17,23,NaN,NaN,NaN,NaN,54357
20191119,55379,6.593,0,0,7219,12:50,Fine,16,34,NaN,NaN,NaN,NaN,54292
20191118,48866,5.817,0,0,7254,11:30,Fine,16,26,NaN,NaN,NaN,NaN,54224
20191117,31269,3.722,0,0,8002,11:40,Mostly Cloudy,17,22,NaN,NaN,NaN,NaN,54153
20191116,42884,5.105,0,0,7745,12:15,Fine,17,22,NaN,NaN,NaN,NaN,54079
20191115,55995,6.666,0,0,7570,12:55,Fine,16,33,NaN,NaN,NaN,NaN,54003
20191114,57199,6.809,0,0,7457,13:05,Fine,15,26,NaN,NaN,NaN,NaN,53923
20191113,60665,7.222,0,0,7658,12:45,Fine,13,22,NaN,NaN,NaN,NaN,53841
20191112,52224,6.217,0,0,7769,11:05,Fine,15,37,NaN,NaN,NaN,NaN,53755
20191111,57674,6.866,0,0,7338,12:30,Fine,15,27,NaN,NaN,NaN,NaN,53666
20191110,48986,5.832,0,0,7797,11:15,Fine,14,23,NaN,NaN,NaN,NaN,53575
20191109,53288,6.344,0,0,7999,11:05,Fine,11,19,NaN,NaN,NaN,NaN,53479
20191108,54400,6.476,0,0,7604,13:35,Fine,18,32,NaN,NaN,NaN,NaN,53381
20191107,57703,6.869,0,0,7458,13:15,Fine,19,30,NaN,NaN,NaN,NaN,53280
20191106,58874,7.009,0,0,7508,12:25,Fine,12,30,NaN,NaN,NaN,NaN,53175
20191105,45452,5.411,0,0,7989,12:25,Fine,14,18,NaN,NaN,NaN,NaN,53067
20191104,45861,5.460,0,0,7994,12:30,Fine,16,24,NaN,NaN,NaN,NaN,52955
20191103,30857,3.673,0,0,6661,14:45,Mostly Cloudy,17,32,NaN,NaN,NaN,NaN,52840
20191102,46693,5.559,0,0,7518,12:45,Fine,18,27,NaN,NaN,NaN,NaN,52722
20191101,52357,6.233,0,0,6916,12:40,Fine,18,27,NaN,NaN,NaN,NaN,52600
20191031,49740,5.921,0,0,6803,12:55,Fine,17,27,NaN,NaN,NaN,NaN,52475
20191030,42678,5.081,0,0,7440,12:55,Fine,17,29,NaN,NaN,NaN,NaN,52346
20191029,53521,6.372,0,0,7001,13:00,Fine,14,26,NaN,NaN,NaN,NaN,52214
20191028,43688,5.201,0,0,7993,12:50,Fine,13,22,NaN,NaN,NaN,NaN,52078
20191027,56105,6.679,0,0,7280,12:30,Fine,14,22,NaN,NaN,NaN,NaN,51938
20191026,46880,5.581,0,0,7785,13:55,Fine,22,32,NaN,NaN,NaN,NaN,51795
20191025,43922,5.229,0,0,6969,12:40,Fine,18,38,NaN,NaN,NaN,NaN,51649
20191024,52993,6.309,0,0,7272,12:35,Fine,26,51,NaN,NaN,NaN,NaN,51499
20191023,54404,6.477,0,0,7428,12:35,Fine,NaN,NaN,NaN,NaN,NaN,NaN,51345
20191022,57102,6.798,0,0,7440,12:35,Fine,NaN,NaN,NaN,NaN,NaN,NaN,51187
20191021,56184,6.689,0,0,7380,12:50,Fine,16,52,NaN,NaN,NaN,NaN,51026
20191020,58420,6.955,0,0,7656,12:20,Fine,1,49,NaN,NaN,NaN,NaN,50862
20191019,39528,4.706,0,0,7250,12:05,Partly Cloudy,NaN,NaN,NaN,NaN,NaN,NaN,50694
20191018,56310,6.704,0,0,7329,12:05,Fine,NaN,NaN,NaN,NaN,NaN,NaN,50522
20191017,2040,0.243,0,0,2568,17:05,Showers,NaN,NaN,NaN,NaN,NaN,NaN,50346
