Date,Energy Generated,Efficiency,Energy Exported,Energy Used,Peak Power,Peak Time,Condition,Min. Temperature,Max. Temperature,Peak Energy Import,Off-Peak Energy Import,Shoulder Energy Import,High-Shoulder Energy Import,Insolation
20220410,18857,2.857,9295,0,4224,11:50,Mostly Cloudy,17,25,NaN,NaN,NaN,NaN,26743
20220409,16157,2.448,4328,0,4225,12:20,Cloudy,17,23,NaN,NaN,NaN,NaN,27018
20220408,13381,2.027,8181,0,4806,10:50,Cloudy,17,24,NaN,NaN,NaN,NaN,27294
20220407,3654,0.554,160,0,960,13:45,Showers,17,18,NaN,NaN,NaN,NaN,27571
20220406,2566,0.389,88,0,806,12:55,Showers,17,19,NaN,NaN,NaN,NaN,27849
20220405,25631,3.883,19648,0,3866,12:00,Mostly Cloudy,14,27,NaN,NaN,NaN,NaN,28127
20220404,25015,3.790,13343,0,4016,12:40,Mostly Cloudy,14,29,NaN,NaN,NaN,NaN,28407
20220403,20974,3.178,8442,0,4654,10:50,Mostly Cloudy,13,26,NaN,NaN,NaN,NaN,28460
20220402,18562,2.812,12175,0,4062,14:45,Mostly Cloudy,15,21,NaN,NaN,NaN,NaN,28967
20220401,11523,1.746,4073,0,2932,12:45,Cloudy,13,18,NaN,NaN,NaN,NaN,29248
20220331,7929,1.201,2167,0,2685,15:45,Cloudy,18,21,NaN,NaN,NaN,NaN,29529
20220330,16621,2.518,6774,0,4733,12:00,Mostly Cloudy,18,23,NaN,NaN,NaN,NaN,29810
20220329,7847,1.189,4082,0,3583,13:35,Cloudy,19,23,NaN,NaN,NaN,NaN,30091
20220328,13883,2.103,6576,0,3727,11:55,Cloudy,18,25,NaN,NaN,NaN,NaN,30373
20220327,9413,1.426,3621,0,2992,10:55,Cloudy,16,22,NaN,NaN,NaN,NaN,30654
20220326,10494,1.590,5232,0,3442,14:35,Cloudy,17,22,NaN,NaN,NaN,NaN,30935
20220325,14340,2.173,8023,0,4285,10:55,Cloudy,17,24,NaN,NaN,NaN,NaN,31215
20220324,5275,0.799,704,0,3313,16:20,Showers,18,20,NaN,NaN,NaN,NaN,31495
20220323,14315,2.169,5522,0,4244,15:50,Cloudy,21,24,NaN,NaN,NaN,NaN,31775
20220322,28277,4.284,14759,0,3928,13:25,Partly Cloudy,16,27,NaN,NaN,NaN,NaN,32054
20220321,20298,3.075,9892,0,4983,13:30,Mostly Cloudy,17,25,NaN,NaN,NaN,NaN,32332
20220320,27348,4.144,17689,0,4349,12:25,Partly Cloudy,16,27,NaN,NaN,NaN,NaN,32609
20220319,10460,1.585,4657,0,3378,14:30,Cloudy,19,22,NaN,NaN,NaN,NaN,32886
20220318,23910,3.623,14271,0,4744,13:55,Mostly Cloudy,20,28,NaN,NaN,NaN,NaN,33161
20220317,24949,3.780,11764,0,4534,12:45,Mostly Cloudy,18,26,NaN,NaN,NaN,NaN,33436
20220316,17319,2.624,8813,0,4905,13:45,Mostly Cloudy,18,25,NaN,NaN,NaN,NaN,33709
20220315,25304,3.834,14837,0,4988,12:15,Mostly Cloudy,16,26,NaN,NaN,NaN,NaN,33981
20220314,18056,2.736,6286,0,4985,12:15,Mostly Cloudy,16,23,NaN,NaN,NaN,NaN,34251
20220313,18154,2.751,10279,0,3937,16:45,Mostly Cloudy,16,23,NaN,NaN,NaN,NaN,34520
20220312,30597,4.636,21594,0,4990,13:00,Partly Cloudy,16,26,NaN,NaN,NaN,NaN,34788
20220311,26755,4.054,20142,0,4986,13:00,Partly Cloudy,15,24,NaN,NaN,NaN,NaN,35054
20220310,25435,3.854,18823,0,4890,13:00,Mostly Cloudy,15,23,NaN,NaN,NaN,NaN,35318
20220309,17587,2.665,8241,0,3718,15:20,Mostly Cloudy,18,24,NaN,NaN,NaN,NaN,35581
20220308,2455,0.372,5,0,782,09:50,Showers,21,22,NaN,NaN,NaN,NaN,35841
20220307,11123,1.685,3333,0,4475,14:15,Cloudy,22,27,NaN,NaN,NaN,NaN,36100
20220306,12417,1.881,4516,0,3921,12:45,Cloudy,20,24,NaN,NaN,NaN,NaN,36356
20220305,20520,3.109,5221,0,4615,15:35,Mostly Cloudy,20,27,NaN,NaN,NaN,NaN,36611
20220304,17867,2.707,7125,0,4988,14:30,Mostly Cloudy,21,26,NaN,NaN,NaN,NaN,36863
20220303,15742,2.385,8263,0,3508,15:15,Cloudy,19,24,NaN,NaN,NaN,NaN,37113
20220302,5799,0.879,597,0,2523,13:50,Showers,20,22,NaN,NaN,NaN,NaN,37361
20220301,15431,2.338,9340,0,4562,13:45,Cloudy,19,23,NaN,NaN,NaN,NaN,37606
20220228,13878,2.103,4993,0,2976,10:45,Cloudy,20,25,NaN,NaN,NaN,NaN,37849
20220227,17750,2.689,7373,0,4066,11:10,Mostly Cloudy,19,26,NaN,NaN,NaN,NaN,38089
20220226,7545,1.143,0,0,1567,12:40,Cloudy,19,21,NaN,NaN,NaN,NaN,38327
20220225,9054,1.372,1589,0,2462,15:55,Cloudy,20,23,NaN,NaN,NaN,NaN,38562
20220224,17367,2.631,8624,0,4983,13:50,Mostly Cloudy,21,27,NaN,NaN,NaN,NaN,38794
20220223,19741,2.991,9318,0,4983,15:00,Mostly Cloudy,20,26,NaN,NaN,NaN,NaN,39023
20220222,3144,0.476,164,0,850,16:20,Showers,21,23,NaN,NaN,NaN,NaN,39250
20220221,25830,3.914,9844,0,4980,12:35,Mostly Cloudy,22,31,NaN,NaN,NaN,NaN,39474
20220220,33839,5.127,13723,0,4457,13:30,Fine,18,29,NaN,NaN,NaN,NaN,39695
20220219,8875,1.345,4332,0,3192,13:55,Cloudy,20,24,NaN,NaN,NaN,NaN,39912
20220218,29698,4.500,12462,0,4982,13:30,Partly Cloudy,20,29,NaN,NaN,NaN,NaN,40127
20220217,28254,4.281,9011,0,4806,12:40,Partly Cloudy,18,29,NaN,NaN,NaN,NaN,40339
20220216,34152,5.175,15688,0,4985,13:00,Fine,19,28,NaN,NaN,NaN,NaN,40547
20220215,34727,5.262,17326,0,4658,13:40,Fine,19,28,NaN,NaN,NaN,NaN,40753
20220214,34215,5.184,23114,0,4897,12:55,Fine,16,28,NaN,NaN,NaN,NaN,40955
20220213,31553,4.781,19220,0,4988,12:45,Partly Cloudy,17,27,NaN,NaN,NaN,NaN,41154
20220212,12023,1.822,820,0,3264,12:05,Cloudy,19,25,NaN,NaN,NaN,NaN,41349
20220211,16042,2.431,9350,0,4162,12:25,Cloudy,20,24,NaN,NaN,NaN,NaN,41542
20220210,31225,4.731,19555,0,4662,14:15,Partly Cloudy,18,30,NaN,NaN,NaN,NaN,41730
20220209,34488,5.225,15237,0,4978,14:20,Fine,16,31,NaN,NaN,NaN,NaN,41916
20220208,21182,3.209,13915,0,4983,13:20,Mostly Cloudy,16,25,NaN,NaN,NaN,NaN,42098
20220207,20529,3.110,13216,0,4983,14:15,Mostly Cloudy,17,25,NaN,NaN,NaN,NaN,42276
20220206,28316,4.290,15158,0,4983,13:05,Partly Cloudy,19,26,NaN,NaN,NaN,NaN,42451
20220205,20662,3.131,9496,0,4986,13:10,Mostly Cloudy,17,25,NaN,NaN,NaN,NaN,42623
20220204,22754,3.448,14233,0,4985,11:55,Mostly Cloudy,15,23,NaN,NaN,NaN,NaN,42791
20220203,25258,3.827,17360,0,4983,12:20,Mostly Cloudy,18,24,NaN,NaN,NaN,NaN,42955
20220202,6569,0.995,866,0,1940,12:55,Showers,20,21,NaN,NaN,NaN,NaN,43116
20220201,26295,3.984,6108,0,4542,13:35,Mostly Cloudy,21,31,NaN,NaN,NaN,NaN,43273
20220131,29452,4.462,8964,0,4988,12:55,Partly Cloudy,21,30,NaN,NaN,NaN,NaN,43427
20220130,36677,5.557,10527,0,4990,11:50,Fine,22,30,NaN,NaN,NaN,NaN,43576
20220129,33240,5.036,20869,0,4985,14:25,Fine,21,29,NaN,NaN,NaN,NaN,43723
20220128,34444,5.219,20498,0,4985,11:55,Fine,21,29,NaN,NaN,NaN,NaN,43865
20220127,29983,4.543,19598,0,4991,13:30,Partly Cloudy,19,28,NaN,NaN,NaN,NaN,44004
20220126,37197,5.636,22689,0,4985,11:20,Fine,19,27,NaN,NaN,NaN,NaN,44139
20220125,26781,4.058,10499,0,4984,14:10,Partly Cloudy,20,26,NaN,NaN,NaN,NaN,44271
20220124,19229,2.913,6632,0,4046,16:10,Mostly Cloudy,18,28,NaN,NaN,NaN,NaN,44398
20220123,27343,4.143,19551,0,4981,13:25,Partly Cloudy,18,24,NaN,NaN,NaN,NaN,44522
20220122,27764,4.207,17838,0,4991,14:15,Partly Cloudy,17,25,NaN,NaN,NaN,NaN,44643
20220121,19387,2.937,14726,0,4112,12:20,Mostly Cloudy,18,26,NaN,NaN,NaN,NaN,44759
20220120,24438,3.703,18129,0,4985,15:05,Mostly Cloudy,20,24,NaN,NaN,NaN,NaN,44872
20220119,12152,1.841,6285,0,4823,13:10,Cloudy,18,23,NaN,NaN,NaN,NaN,44981
20220118,13104,1.985,5835,0,2855,12:10,Cloudy,22,23,NaN,NaN,NaN,NaN,45086
20220117,31033,4.702,9972,0,4988,12:30,Partly Cloudy,21,28,NaN,NaN,NaN,NaN,45188
20220116,34036,5.157,20904,0,4987,13:25,Fine,22,29,NaN,NaN,NaN,NaN,45286
20220115,22258,3.372,5255,0,4983,14:50,Mostly Cloudy,21,28,NaN,NaN,NaN,NaN,45380
20220114,31696,4.802,13521,0,4988,14:15,Partly Cloudy,19,28,NaN,NaN,NaN,NaN,45470
20220113,14024,2.125,7156,0,3382,09:40,Cloudy,19,25,NaN,NaN,NaN,NaN,45557
20220112,24358,3.691,12735,0,4987,12:35,Mostly Cloudy,21,29,NaN,NaN,NaN,NaN,45639
20220111,22309,3.380,10288,0,4985,11:30,Mostly Cloudy,22,28,NaN,NaN,NaN,NaN,45718
20220110,24789,3.756,13503,0,4985,13:25,Mostly Cloudy,22,29,NaN,NaN,NaN,NaN,45794
20220109,16173,2.450,10625,0,3560,12:10,Cloudy,20,25,NaN,NaN,NaN,NaN,45865
20220108,28929,4.383,16079,0,4981,14:25,Partly Cloudy,19,30,NaN,NaN,NaN,NaN,45933
20220107,14361,2.176,3172,0,3325,15:50,Cloudy,22,26,NaN,NaN,NaN,NaN,45997
20220106,23480,3.558,13953,0,4984,15:15,Mostly Cloudy,21,28,NaN,NaN,NaN,NaN,46057
20220105,16560,2.509,9050,0,4685,10:50,Mostly Cloudy,21,27,NaN,NaN,NaN,NaN,46114
20220104,23046,3.492,11897,0,4988,14:20,Mostly Cloudy,21,29,NaN,NaN,NaN,NaN,46167
20220103,29006,4.395,16881,0,4991,13:15,Partly Cloudy,20,29,NaN,NaN,NaN,NaN,46216
20220102,41193,6.241,27217,0,4749,13:25,Fine,20,29,NaN,NaN,NaN,NaN,46261
20220101,33273,5.041,21284,0,4993,12:55,Fine,20,28,NaN,NaN,NaN,NaN,46303
20211231,43028,6.519,32349,0,4985,13:25,Fine,17,28,NaN,NaN,NaN,NaN,46341
20211230,41660,6.312,26437,0,4993,12:30,Fine,15,27,NaN,NaN,NaN,NaN,46375
20211229,21480,3.255,14067,0,4983,12:45,Mostly Cloudy,14,21,NaN,NaN,NaN,NaN,46406
20211228,23559,3.570,17238,0,4985,15:10,Mostly Cloudy,16,22,NaN,NaN,NaN,NaN,46433
20211227,22087,3.347,8179,0,4909,15:30,Mostly Cloudy,18,22,NaN,NaN,NaN,NaN,46456
20211226,22761,3.449,9360,0,4992,13:35,Mostly Cloudy,20,27,NaN,NaN,NaN,NaN,46475
20211225,37544,5.688,26222,0,4751,13:30,Fine,20,29,NaN,NaN,NaN,NaN,46491
20211224,33767,5.116,15854,0,4995,13:00,Fine,19,28,NaN,NaN,NaN,NaN,46503
20211223,17546,2.658,8449,0,4985,13:00,Mostly Cloudy,21,27,NaN,NaN,NaN,NaN,46512
20211222,24854,3.766,13036,0,4987,12:15,Mostly Cloudy,21,28,NaN,NaN,NaN,NaN,46516
20211221,41379,6.270,18965,0,4855,13:15,Fine,21,31,NaN,NaN,NaN,NaN,46517
20211220,34298,5.197,16880,0,4989,12:55,Fine,20,29,NaN,NaN,NaN,NaN,46515
20211219,23851,3.614,11889,0,4989,13:55,Mostly Cloudy,21,34,NaN,NaN,NaN,NaN,46508
20211218,32697,4.954,11818,0,4990,14:40,Partly Cloudy,19,30,NaN,NaN,NaN,NaN,46498
20211217,28541,4.324,21509,0,4983,14:10,Partly Cloudy,18,26,NaN,NaN,NaN,NaN,46484
20211216,17410,2.638,7880,0,4215,11:00,Mostly Cloudy,20,25,NaN,NaN,NaN,NaN,46467
20211215,39263,5.949,27964,0,4758,12:45,Fine,16,27,NaN,NaN,NaN,NaN,46446
20211214,39639,6.006,28839,0,4985,12:05,Fine,14,25,NaN,NaN,NaN,NaN,46421
20211213,39372,5.965,24690,0,4987,13:10,Fine,16,24,NaN,NaN,NaN,NaN,46392
20211212,35921,5.443,24098,0,4991,14:25,Fine,15,23,NaN,NaN,NaN,NaN,46360
20211211,28591,4.332,20846,0,4989,14:00,Partly Cloudy,15,22,NaN,NaN,NaN,NaN,46324
20211210,19544,2.961,9234,0,4988,11:05,Mostly Cloudy,13,22,NaN,NaN,NaN,NaN,46285
20211209,25177,3.815,18331,0,4987,13:10,Mostly Cloudy,16,24,NaN,NaN,NaN,NaN,46241
20211208,11810,1.789,4333,0,3056,10:55,Cloudy,17,20,NaN,NaN,NaN,NaN,46194
20211207,24295,3.681,14321,0,4980,11:50,Mostly Cloudy,17,26,NaN,NaN,NaN,NaN,46144
20211206,15250,2.311,5551,0,3745,11:30,Cloudy,16,23,NaN,NaN,NaN,NaN,46089
20211205,9605,1.455,446,0,3296,11:40,Cloudy,16,19,NaN,NaN,NaN,NaN,46031
20211204,19690,2.983,15251,0,4917,13:55,Mostly Cloudy,17,23,NaN,NaN,NaN,NaN,45970
20211203,27569,4.177,17328,0,4993,14:30,Partly Cloudy,18,27,NaN,NaN,NaN,NaN,45904
20211202,38525,5.837,24262,0,4786,13:05,Fine,18,27,NaN,NaN,NaN,NaN,45834
20211201,33759,5.115,24606,0,4992,12:40,Fine,19,26,NaN,NaN,NaN,NaN,45761
20211130,12903,1.955,5928,0,2598,13:30,Cloudy,18,23,NaN,NaN,NaN,NaN,45684
20211129,23867,3.616,10623,0,4986,12:25,Mostly Cloudy,14,23,NaN,NaN,NaN,NaN,45604
20211128,22456,3.402,13696,0,4984,13:20,Mostly Cloudy,16,21,NaN,NaN,NaN,NaN,45520
20211127,14305,2.167,4265,0,3594,15:00,Cloudy,15,18,NaN,NaN,NaN,NaN,45433
20211126,9866,1.495,4497,0,3098,12:45,Cloudy,16,18,NaN,NaN,NaN,NaN,45342
20211125,13812,2.093,7738,0,3722,12:35,Cloudy,19,24,NaN,NaN,NaN,NaN,45247
20211124,23801,3.606,12261,0,4987,12:25,Mostly Cloudy,17,27,NaN,NaN,NaN,NaN,45148
20211123,16892,2.559,8931,0,3969,14:10,Mostly Cloudy,16,22,NaN,NaN,NaN,NaN,45046
20211122,22214,3.366,10179,0,4988,14:30,Mostly Cloudy,15,22,NaN,NaN,NaN,NaN,44937
20211121,6416,0.972,810,0,1625,13:20,Showers,15,16,NaN,NaN,NaN,NaN,44828
20211120,11510,1.744,5541,0,2415,12:50,Cloudy,17,21,NaN,NaN,NaN,NaN,44715
20211119,17664,2.676,10886,0,4624,13:55,Mostly Cloudy,19,30,NaN,NaN,NaN,NaN,44598
20211118,38868,5.889,27215,0,4919,13:50,Fine,14,25,NaN,NaN,NaN,NaN,44477
20211117,29289,4.438,15995,0,4982,14:30,Partly Cloudy,13,22,NaN,NaN,NaN,NaN,44353
20211116,37811,5.729,26421,0,4989,13:15,Fine,13,21,NaN,NaN,NaN,NaN,44225
20211115,33721,5.109,20047,0,4988,13:30,Fine,13,24,NaN,NaN,NaN,NaN,44091
20211114,25474,3.860,12406,0,4993,12:15,Mostly Cloudy,13,23,NaN,NaN,NaN,NaN,43956
20211113,27713,4.199,19643,0,4870,11:20,Partly Cloudy,14,21,NaN,NaN,NaN,NaN,43817
20211112,22782,3.452,12811,0,4984,12:25,Mostly Cloudy,13,22,NaN,NaN,NaN,NaN,43675
20211111,10691,1.620,5514,0,3092,12:05,Cloudy,17,19,NaN,NaN,NaN,NaN,43530
20211110,6337,0.960,1005,0,1766,16:05,Showers,19,21,NaN,NaN,NaN,NaN,43380
20211109,27928,4.232,20071,0,4989,13:40,Partly Cloudy,17,24,NaN,NaN,NaN,NaN,43227
20211108,25504,3.864,12344,0,4986,13:15,Mostly Cloudy,17,24,NaN,NaN,NaN,NaN,43068
20211107,11551,1.750,4656,0,3099,11:35,Cloudy,17,26,NaN,NaN,NaN,NaN,42908
20211106,36316,5.502,25518,0,4602,12:55,Fine,16,26,NaN,NaN,NaN,NaN,42745
20211105,17132,2.596,9591,0,3606,13:55,Mostly Cloudy,16,25,NaN,NaN,NaN,NaN,42578
20211104,9514,1.442,2675,0,1828,14:50,Cloudy,18,20,NaN,NaN,NaN,NaN,42408
20211103,31373,4.753,17176,0,4868,12:30,Partly Cloudy,17,25,NaN,NaN,NaN,NaN,42234
20211102,37802,5.728,28430,0,4988,14:00,Fine,16,25,NaN,NaN,NaN,NaN,42054
20211101,24909,3.774,12326,0,4667,12:20,Mostly Cloudy,12,24,NaN,NaN,NaN,NaN,41874
20211031,32573,4.935,19108,0,4986,12:55,Partly Cloudy,11,23,NaN,NaN,NaN,NaN,41690
20211030,25657,3.887,18192,0,4988,12:30,Mostly Cloudy,16,20,NaN,NaN,NaN,NaN,41503
20211029,27679,4.194,11588,0,4547,13:25,Partly Cloudy,20,33,NaN,NaN,NaN,NaN,41313
20211028,28930,4.383,18497,0,4984,12:10,Partly Cloudy,16,30,NaN,NaN,NaN,NaN,41116
20211027,34358,5.206,21497,0,4546,13:15,Fine,16,25,NaN,NaN,NaN,NaN,40920
20211026,29135,4.414,20949,0,4985,13:00,Partly Cloudy,12,23,NaN,NaN,NaN,NaN,40720
20211025,34649,5.250,21872,0,4732,14:15,Fine,13,23,NaN,NaN,NaN,NaN,40517
20211024,28826,4.368,19422,0,4983,12:55,Partly Cloudy,16,22,NaN,NaN,NaN,NaN,40311
20211023,33804,5.122,18283,0,4777,13:55,Fine,16,25,NaN,NaN,NaN,NaN,40102
20211022,25071,3.799,19620,0,4984,12:10,Mostly Cloudy,15,25,NaN,NaN,NaN,NaN,39887
20211021,29744,4.507,17544,0,4983,12:50,Partly Cloudy,13,24,NaN,NaN,NaN,NaN,39673
20211020,26860,4.070,11347,0,4982,13:00,Partly Cloudy,11,23,NaN,NaN,NaN,NaN,39455
20211019,25072,3.799,16951,0,4984,14:25,Mostly Cloudy,14,24,NaN,NaN,NaN,NaN,39234
20211018,35513,5.381,19525,0,4548,13:30,Fine,12,25,NaN,NaN,NaN,NaN,39011
20211017,35803,5.425,27716,0,4648,13:15,Fine,12,23,NaN,NaN,NaN,NaN,38782
20211016,28076,4.254,20477,0,4989,12:55,Partly Cloudy,12,23,NaN,NaN,NaN,NaN,38553
20211015,25034,3.793,17623,0,4985,15:05,Mostly Cloudy,13,22,NaN,NaN,NaN,NaN,38322
20211014,22009,3.335,14974,0,4743,12:00,Mostly Cloudy,16,24,NaN,NaN,NaN,NaN,38088
20211013,12600,1.909,3294,0,2745,14:20,Cloudy,13,18,NaN,NaN,NaN,NaN,37851
20211012,13492,2.044,7179,0,3218,12:45,Cloudy,13,17,NaN,NaN,NaN,NaN,37610
20211011,8715,1.320,2979,0,2110,13:55,Cloudy,10,14,NaN,NaN,NaN,NaN,37368
20211010,16354,2.478,7178,0,4988,13:15,Cloudy,16,25,NaN,NaN,NaN,NaN,37125
20211009,30783,4.664,18040,0,4216,13:05,Partly Cloudy,13,25,NaN,NaN,NaN,NaN,36879
20211008,27696,4.196,13807,0,4611,12:10,Partly Cloudy,15,22,NaN,NaN,NaN,NaN,36629
20211007,26901,4.076,21353,0,4322,13:05,Partly Cloudy,12,31,NaN,NaN,NaN,NaN,36378
20211006,34061,5.161,24997,0,4319,13:35,Fine,11,24,NaN,NaN,NaN,NaN,36126
20211005,32462,4.918,24000,0,4582,13:15,Partly Cloudy,12,22,NaN,NaN,NaN,NaN,35872
20211004,29501,4.470,16140,0,4584,13:55,Partly Cloudy,16,28,NaN,NaN,NaN,NaN,35615
20211003,23782,3.603,14209,0,4967,12:55,Mostly Cloudy,12,25,NaN,NaN,NaN,NaN,35357
20211002,21781,3.300,12596,0,4971,13:10,Mostly Cloudy,11,24,NaN,NaN,NaN,NaN,35096
20211001,20884,3.164,10232,0,4565,12:50,Mostly Cloudy,14,24,NaN,NaN,NaN,NaN,34835
20210930,21393,3.241,12541,0,4405,13:40,Mostly Cloudy,14,23,NaN,NaN,NaN,NaN,34572
20210929,10009,1.517,3275,0,2900,09:05,Cloudy,14,21,NaN,NaN,NaN,NaN,34307
20210928,23097,3.500,13365,0,4265,12:55,Mostly Cloudy,10,21,NaN,NaN,NaN,NaN,34040
20210927,19840,3.006,8612,0,3625,12:15,Mostly Cloudy,9,21,NaN,NaN,NaN,NaN,33773
20210926,19248,2.916,7199,0,3718,11:35,Mostly Cloudy,10,16,NaN,NaN,NaN,NaN,33504
20210925,25910,3.926,16417,0,4716,13:05,Mostly Cloudy,13,21,NaN,NaN,NaN,NaN,33234
20210924,27453,4.160,18685,0,4279,12:35,Partly Cloudy,11,27,NaN,NaN,NaN,NaN,32963
20210923,29763,4.510,11170,0,4042,12:25,Partly Cloudy,10,26,NaN,NaN,NaN,NaN,32691
20210922,30380,4.603,19501,0,4189,12:20,Partly Cloudy,8,19,NaN,NaN,NaN,NaN,32418
20210921,27404,4.152,15964,0,4865,11:50,Partly Cloudy,9,17,NaN,NaN,NaN,NaN,32144
20210920,29410,4.456,20262,0,4120,12:15,Partly Cloudy,14,26,NaN,NaN,NaN,NaN,31870
20210919,29902,4.531,19731,0,4071,12:00,Partly Cloudy,10,24,NaN,NaN,NaN,NaN,31595
20210918,9938,1.506,3763,0,2154,11:45,Cloudy,15,24,NaN,NaN,NaN,NaN,31319
20210917,27159,4.115,14655,0,4173,12:35,Partly Cloudy,9,21,NaN,NaN,NaN,NaN,31043
20210916,23963,3.631,14732,0,4543,10:10,Mostly Cloudy,8,18,NaN,NaN,NaN,NaN,30767
20210915,24553,3.720,10580,0,4348,12:55,Mostly Cloudy,8,18,NaN,NaN,NaN,NaN,30490
20210914,19425,2.943,11505,0,4035,10:50,Mostly Cloudy,9,15,NaN,NaN,NaN,NaN,30213
20210913,13755,2.084,5005,0,4819,10:45,Cloudy,12,17,NaN,NaN,NaN,NaN,29936
20210912,27519,4.170,11666,0,3868,12:40,Partly Cloudy,18,30,NaN,NaN,NaN,NaN,29660
20210911,27414,4.154,13731,0,3800,12:05,Partly Cloudy,11,29,NaN,NaN,NaN,NaN,29383
20210910,20901,3.167,13215,0,4029,11:35,Mostly Cloudy,14,24,NaN,NaN,NaN,NaN,29106
20210909,25391,3.847,17431,0,4563,12:10,Mostly Cloudy,9,28,NaN,NaN,NaN,NaN,28830
20210908,26398,4.000,14383,0,3780,12:30,Mostly Cloudy,9,21,NaN,NaN,NaN,NaN,28555
20210907,27107,4.107,18875,0,3824,12:35,Partly Cloudy,7,24,NaN,NaN,NaN,NaN,28279
20210906,24321,3.685,11579,0,4212,12:00,Mostly Cloudy,9,18,NaN,NaN,NaN,NaN,28005
20210905,15436,2.339,7764,0,4547,12:10,Cloudy,13,19,NaN,NaN,NaN,NaN,27731
20210904,9897,1.500,3109,0,2583,12:00,Cloudy,15,22,NaN,NaN,NaN,NaN,27458
20210903,23668,3.586,13101,0,3427,12:35,Mostly Cloudy,14,23,NaN,NaN,NaN,NaN,27186
20210902,17578,2.663,11597,0,3726,12:20,Mostly Cloudy,13,22,NaN,NaN,NaN,NaN,26914
20210901,23706,3.592,11576,0,3462,12:15,Mostly Cloudy,10,25,NaN,NaN,NaN,NaN,26644
20210831,23630,3.580,11558,0,3526,12:25,Mostly Cloudy,8,22,NaN,NaN,NaN,NaN,26375
20210830,20864,3.161,10522,0,3698,11:45,Mostly Cloudy,8,20,NaN,NaN,NaN,NaN,26108
20210829,13489,2.044,2623,0,4449,11:25,Cloudy,8,18,NaN,NaN,NaN,NaN,25842
20210828,11304,1.713,1426,0,4171,11:00,Cloudy,10,18,NaN,NaN,NaN,NaN,25577
20210827,16781,2.543,6277,0,4517,12:20,Mostly Cloudy,8,21,NaN,NaN,NaN,NaN,25314
20210826,18154,2.751,6690,0,4120,12:00,Mostly Cloudy,9,19,NaN,NaN,NaN,NaN,25052
20210825,14446,2.189,1107,0,3405,12:10,Cloudy,7,15,NaN,NaN,NaN,NaN,24792
20210824,1449,0.220,216,0,959,11:30,Showers,9,11,NaN,NaN,NaN,NaN,24535
20210823,9733,1.475,3436,0,3025,10:35,Cloudy,17,24,NaN,NaN,NaN,NaN,24279
20210822,19011,2.880,7727,0,3175,12:05,Mostly Cloudy,11,25,NaN,NaN,NaN,NaN,24025
20210821,15138,2.294,5958,0,3344,12:25,Cloudy,13,24,NaN,NaN,NaN,NaN,23773
20210820,20725,3.140,10638,0,3260,12:10,Mostly Cloudy,9,24,NaN,NaN,NaN,NaN,23523
20210819,18004,2.728,6862,0,3398,14:05,Mostly Cloudy,8,20,NaN,NaN,NaN,NaN,23276
20210818,20938,3.172,6174,0,3391,12:40,Mostly Cloudy,8,20,NaN,NaN,NaN,NaN,23031
20210817,21393,3.241,12503,0,3296,12:30,Mostly Cloudy,9,20,NaN,NaN,NaN,NaN,22789
20210816,20951,3.174,10157,0,3243,12:25,Mostly Cloudy,10,23,NaN,NaN,NaN,NaN,22549
20210815,21264,3.222,8927,0,3326,12:30,Mostly Cloudy,12,22,NaN,NaN,NaN,NaN,22312
20210814,19704,2.985,6990,0,3177,12:40,Mostly Cloudy,8,20,NaN,NaN,NaN,NaN,22078
20210813,20588,3.119,5920,0,3227,12:40,Mostly Cloudy,11,21,NaN,NaN,NaN,NaN,21846
20210812,20494,3.105,13927,0,3241,12:30,Mostly Cloudy,11,21,NaN,NaN,NaN,NaN,21618
20210811,18562,2.812,9699,0,3458,14:00,Mostly Cloudy,14,24,NaN,NaN,NaN,NaN,21392
20210810,12125,1.837,7233,0,3074,12:40,Cloudy,16,22,NaN,NaN,NaN,NaN,21169
20210808,0,0.000,0,0,0,01:30,Not Sure,NaN,NaN,NaN,NaN,NaN,NaN,20734
20210807,19358,2.933,6438,0,3127,12:50,Mostly Cloudy,8,20,NaN,NaN,NaN,NaN,20521
20210806,18821,2.852,6044,0,3036,12:50,Mostly Cloudy,9,21,NaN,NaN,NaN,NaN,20311
20210805,18271,2.768,9028,0,3125,13:00,Mostly Cloudy,9,20,NaN,NaN,NaN,NaN,20105
20210804,19085,2.892,9251,0,3112,12:45,Mostly Cloudy,9,16,NaN,NaN,NaN,NaN,19902
20210803,18702,2.834,11667,0,3048,12:45,Mostly Cloudy,12,20,NaN,NaN,NaN,NaN,19704
20210802,13164,1.995,4451,0,3390,12:35,Cloudy,8,18,NaN,NaN,NaN,NaN,19508
20210801,8755,1.327,1431,0,3322,12:25,Cloudy,16,25,NaN,NaN,NaN,NaN,19317
20210731,12828,1.944,4924,0,3458,12:55,Cloudy,8,23,NaN,NaN,NaN,NaN,19129
20210730,17798,2.697,5739,0,2951,12:50,Mostly Cloudy,5,18,NaN,NaN,NaN,NaN,18945
20210729,17658,2.675,12066,0,2970,12:50,Mostly Cloudy,11,19,NaN,NaN,NaN,NaN,18765
20210728,13055,1.978,7691,0,3300,13:00,Cloudy,12,25,NaN,NaN,NaN,NaN,18589
20210727,16250,2.462,9119,0,2787,12:25,Cloudy,11,20,NaN,NaN,NaN,NaN,18416
20210726,11508,1.744,2199,0,3514,12:30,Cloudy,9,20,NaN,NaN,NaN,NaN,18249
20210725,15225,2.307,4346,0,3132,12:45,Cloudy,10,16,NaN,NaN,NaN,NaN,18085
20210724,15031,2.277,3411,0,2977,13:20,Cloudy,11,18,NaN,NaN,NaN,NaN,17925
20210723,7628,1.156,756,0,2859,12:15,Cloudy,10,17,NaN,NaN,NaN,NaN,17770
20210722,15570,2.359,3173,0,2800,12:55,Cloudy,5,18,NaN,NaN,NaN,NaN,17619
20210721,11846,1.795,1244,0,2653,14:25,Cloudy,8,15,NaN,NaN,NaN,NaN,17472
20210720,9568,1.450,810,0,2733,10:55,Cloudy,7,15,NaN,NaN,NaN,NaN,17329
20210719,12498,1.894,2132,0,3620,12:40,Cloudy,6,16,NaN,NaN,NaN,NaN,17191
20210718,15235,2.308,4108,0,2702,12:50,Cloudy,10,19,NaN,NaN,NaN,NaN,17058
20210717,13323,2.019,3177,0,2823,13:05,Cloudy,11,14,NaN,NaN,NaN,NaN,16929
20210716,13259,2.009,5313,0,3502,13:00,Cloudy,10,19,NaN,NaN,NaN,NaN,16805
20210715,12653,1.917,5691,0,3224,13:05,Cloudy,13,23,NaN,NaN,NaN,NaN,16685
20210714,2478,0.375,18,0,841,10:45,Showers,12,15,NaN,NaN,NaN,NaN,16570
20210713,11925,1.807,3971,0,2646,13:00,Cloudy,8,19,NaN,NaN,NaN,NaN,16459
20210712,12017,1.821,2697,0,2949,13:05,Cloudy,8,17,NaN,NaN,NaN,NaN,16354
20210711,11203,1.697,1861,0,3239,14:20,Cloudy,9,17,NaN,NaN,NaN,NaN,16253
20210710,5261,0.797,44,0,1255,11:10,Showers,10,14,NaN,NaN,NaN,NaN,16156
20210709,2879,0.436,55,0,910,10:30,Showers,8,12,NaN,NaN,NaN,NaN,16065
20210708,10825,1.640,1076,0,2427,13:30,Cloudy,6,17,NaN,NaN,NaN,NaN,15978
20210707,13025,1.973,3772,0,3164,13:40,Cloudy,5,19,NaN,NaN,NaN,NaN,15896
20210706,12381,1.876,1662,0,2522,13:20,Cloudy,6,16,NaN,NaN,NaN,NaN,15820
20210705,12569,1.904,6566,0,2510,12:55,Cloudy,6,17,NaN,NaN,NaN,NaN,15748
20210704,13289,2.013,1987,0,2566,13:10,Cloudy,7,16,NaN,NaN,NaN,NaN,15680
20210703,10799,1.636,1666,0,2424,13:00,Cloudy,8,20,NaN,NaN,NaN,NaN,15618
20210702,11044,1.673,4151,0,2862,11:05,Cloudy,11,20,NaN,NaN,NaN,NaN,15561
20210701,7233,1.096,1418,0,2512,13:00,Cloudy,10,17,NaN,NaN,NaN,NaN,15509
20210630,8033,1.217,2262,0,3001,13:15,Cloudy,11,18,NaN,NaN,NaN,NaN,15462
20210629,6113,0.926,269,0,2130,13:30,Showers,10,17,NaN,NaN,NaN,NaN,15420
20210628,6350,0.962,3060,0,2153,10:25,Showers,8,17,NaN,NaN,NaN,NaN,15382
20210627,12502,1.894,1569,0,2465,13:00,Cloudy,8,19,NaN,NaN,NaN,NaN,15350
20210626,11686,1.771,4041,0,2602,13:30,Cloudy,9,19,NaN,NaN,NaN,NaN,15323
20210625,12532,1.899,3242,0,2451,13:10,Cloudy,11,19,NaN,NaN,NaN,NaN,15301
20210624,6116,0.927,478,0,2981,13:30,Showers,14,21,NaN,NaN,NaN,NaN,15284
20210623,9493,1.438,2410,0,2302,12:55,Cloudy,10,19,NaN,NaN,NaN,NaN,15272
20210622,8845,1.340,3640,0,2937,12:55,Cloudy,9,18,NaN,NaN,NaN,NaN,15265
20210621,8781,1.330,1951,0,2848,10:55,Cloudy,9,15,NaN,NaN,NaN,NaN,15263
20210620,5252,0.796,643,0,1751,13:20,Showers,11,15,NaN,NaN,NaN,NaN,15267
20210619,3664,0.555,0,0,1190,11:30,Showers,11,14,NaN,NaN,NaN,NaN,15275
20210618,10258,1.554,6167,0,2839,13:20,Cloudy,9,18,NaN,NaN,NaN,NaN,15288
20210617,11830,1.792,3633,0,2511,13:00,Cloudy,9,17,NaN,NaN,NaN,NaN,15307
20210616,10812,1.638,6100,0,2372,14:25,Cloudy,8,20,NaN,NaN,NaN,NaN,15331
20210615,6860,1.039,2281,0,1822,13:15,Cloudy,10,18,NaN,NaN,NaN,NaN,15359
20210614,9183,1.391,939,0,2299,09:50,Cloudy,9,17,NaN,NaN,NaN,NaN,15393
20210614,9183,1.391,939,0,2299,09:50,Cloudy,9,17,NaN,NaN,NaN,NaN,15393
20210613,12595,1.908,2246,0,2476,13:05,Cloudy,8,19,NaN,NaN,NaN,NaN,15432
20210612,2643,0.400,861,0,1855,15:00,Showers,9,18,NaN,NaN,NaN,NaN,15476
20210611,9147,1.386,2937,0,2800,12:45,Cloudy,5,15,NaN,NaN,NaN,NaN,15525
20210610,3903,0.591,55,0,916,09:45,Showers,6,10,NaN,NaN,NaN,NaN,15579
20210609,12637,1.915,3894,0,2795,13:25,Cloudy,10,15,NaN,NaN,NaN,NaN,15637
20210608,7602,1.152,3298,0,2869,13:45,Cloudy,NaN,NaN,NaN,NaN,NaN,NaN,15702
20210607,12802,1.940,4097,0,2628,13:05,Cloudy,NaN,NaN,NaN,NaN,NaN,NaN,15770
20210606,12880,1.952,51,0,2461,12:50,Cloudy,NaN,NaN,NaN,NaN,NaN,NaN,15844
20210605,13418,2.033,6834,0,2590,12:50,Cloudy,NaN,NaN,NaN,NaN,NaN,NaN,15923
20210604,9633,1.460,6366,0,2815,13:00,Cloudy,NaN,NaN,NaN,NaN,NaN,NaN,16007
20210603,2507,0.380,0,0,615,12:10,Showers,NaN,NaN,NaN,NaN,NaN,NaN,16096
20210602,13392,2.029,8138,0,2635,13:00,Cloudy,NaN,NaN,NaN,NaN,NaN,NaN,16190
20210601,12731,1.929,4894,0,3058,12:50,Cloudy,NaN,NaN,NaN,NaN,NaN,NaN,16288
20210531,13690,2.074,5113,0,2530,13:00,Cloudy,NaN,NaN,NaN,NaN,NaN,NaN,16392
20210530,7882,1.194,846,0,2077,11:50,Cloudy,NaN,NaN,NaN,NaN,NaN,NaN,16500
20210529,9247,1.401,3333,0,2701,12:10,Cloudy,NaN,NaN,NaN,NaN,NaN,NaN,16613
20210528,14885,2.255,6154,0,2754,12:50,Cloudy,NaN,NaN,NaN,NaN,NaN,NaN,16731
20210527,14947,2.265,5762,0,2673,12:40,Cloudy,NaN,NaN,NaN,NaN,NaN,NaN,16854
20210526,15070,2.283,8842,0,2711,12:50,Cloudy,15,22,NaN,NaN,NaN,NaN,16981
20210525,14011,2.123,5558,0,2654,12:50,Cloudy,12,22,NaN,NaN,NaN,NaN,17113
20210524,7257,1.100,2185,0,2686,10:15,Cloudy,12,18,NaN,NaN,NaN,NaN,17249
20210523,9761,1.479,833,0,2586,11:25,Cloudy,10,20,NaN,NaN,NaN,NaN,17390
20210522,14131,2.141,2019,0,3061,13:15,Cloudy,9,21,NaN,NaN,NaN,NaN,17536
20210521,4788,0.725,1892,0,1757,10:50,Showers,10,16,NaN,NaN,NaN,NaN,17686
20210520,15133,2.293,8441,0,3346,12:40,Cloudy,8,21,NaN,NaN,NaN,NaN,17841
20210519,16313,2.472,8815,0,2810,12:45,Cloudy,8,21,NaN,NaN,NaN,NaN,18000
20210518,16234,2.460,4852,0,2767,12:45,Cloudy,8,20,NaN,NaN,NaN,NaN,18163
20210517,14401,2.182,5333,0,3452,12:40,Cloudy,9,20,NaN,NaN,NaN,NaN,18331
20210516,17738,2.688,3599,0,2982,12:40,Mostly Cloudy,7,19,NaN,NaN,NaN,NaN,18503
20210515,13423,2.034,7083,0,3921,12:05,Cloudy,10,18,NaN,NaN,NaN,NaN,18679
20210514,18177,2.754,12719,0,3071,12:40,Mostly Cloudy,13,20,NaN,NaN,NaN,NaN,18860
20210513,16447,2.492,12284,0,2861,13:15,Cloudy,13,24,NaN,NaN,NaN,NaN,19044
20210512,15124,2.292,7974,0,3170,12:40,Cloudy,12,22,NaN,NaN,NaN,NaN,19233
20210511,12189,1.847,8010,0,3271,12:35,Cloudy,15,23,NaN,NaN,NaN,NaN,19425
20210510,15793,2.393,8592,0,2917,12:35,Cloudy,13,24,NaN,NaN,NaN,NaN,19622
20210509,6467,0.980,2083,0,1347,12:00,Showers,16,19,NaN,NaN,NaN,NaN,19822
20210508,14163,2.146,9748,0,3157,13:05,Cloudy,15,26,NaN,NaN,NaN,NaN,20026
20210507,12566,1.904,7767,0,3571,12:20,Cloudy,17,22,NaN,NaN,NaN,NaN,20233
20210506,8459,1.282,4312,0,2498,12:35,Cloudy,16,22,NaN,NaN,NaN,NaN,20445
20210505,7670,1.162,2125,0,3363,14:20,Cloudy,14,19,NaN,NaN,NaN,NaN,20660
20210504,2356,0.357,35,0,668,13:10,Showers,15,17,NaN,NaN,NaN,NaN,20878
20210503,18043,2.734,10934,0,3007,12:30,Mostly Cloudy,13,24,NaN,NaN,NaN,NaN,21100
20210502,16036,2.430,10554,0,3034,13:20,Cloudy,14,24,NaN,NaN,NaN,NaN,21325
20210501,11760,1.782,5695,0,3759,12:10,Cloudy,14,23,NaN,NaN,NaN,NaN,21554
20210430,14863,2.252,8796,0,3905,12:35,Cloudy,13,24,NaN,NaN,NaN,NaN,21785
20210429,18551,2.811,12000,0,2951,12:40,Mostly Cloudy,12,22,NaN,NaN,NaN,NaN,22020
20210428,16068,2.435,11098,0,3990,12:05,Cloudy,13,22,NaN,NaN,NaN,NaN,22258
20210427,19656,2.978,14904,0,3327,12:15,Mostly Cloudy,NaN,NaN,NaN,NaN,NaN,NaN,22498
20210426,19763,2.994,8715,0,3292,12:55,Mostly Cloudy,11,23,NaN,NaN,NaN,NaN,22742
20210425,15352,2.326,7485,0,3628,12:45,Cloudy,11,23,NaN,NaN,NaN,NaN,22988
20210424,20377,3.087,11115,0,3421,12:20,Mostly Cloudy,10,23,NaN,NaN,NaN,NaN,23237
20210423,22058,3.342,15369,0,3408,12:20,Mostly Cloudy,9,23,NaN,NaN,NaN,NaN,23488
20210422,21756,3.296,16815,0,3843,13:15,Mostly Cloudy,10,21,NaN,NaN,NaN,NaN,23742
20210421,21470,3.253,12877,0,3948,12:05,Mostly Cloudy,14,20,NaN,NaN,NaN,NaN,23999
20210420,16474,2.496,10967,0,3439,11:10,Cloudy,11,22,NaN,NaN,NaN,NaN,24257
20210419,22671,3.435,12148,0,3390,12:00,Mostly Cloudy,11,24,NaN,NaN,NaN,NaN,24518
20210418,18529,2.807,7842,0,4169,13:05,Mostly Cloudy,10,23,NaN,NaN,NaN,NaN,24781
20210417,5643,0.855,394,0,2019,11:10,Showers,14,18,NaN,NaN,NaN,NaN,25046
20210416,16935,2.566,12361,0,4735,12:15,Mostly Cloudy,15,21,NaN,NaN,NaN,NaN,25313
20210415,21843,3.310,11327,0,3976,13:20,Mostly Cloudy,16,26,NaN,NaN,NaN,NaN,25582
20210414,18341,2.779,7624,0,3840,13:30,Mostly Cloudy,14,27,NaN,NaN,NaN,NaN,25852
20210413,24677,3.739,20424,0,3622,12:00,Mostly Cloudy,10,22,NaN,NaN,NaN,NaN,26124
20210412,25757,3.903,21603,0,3771,12:25,Mostly Cloudy,9,20,NaN,NaN,NaN,NaN,26398
20210411,27120,4.109,21500,0,3937,12:15,Partly Cloudy,13,19,NaN,NaN,NaN,NaN,26673
20210410,23876,3.618,19966,0,3796,12:45,Mostly Cloudy,16,24,NaN,NaN,NaN,NaN,26949
20210409,16573,2.511,13040,0,3652,13:45,Mostly Cloudy,17,28,NaN,NaN,NaN,NaN,27227
20210408,20208,3.062,16636,0,4084,12:55,Mostly Cloudy,18,26,NaN,NaN,NaN,NaN,27505
20210407,15082,2.285,11598,0,4977,12:20,Cloudy,18,26,NaN,NaN,NaN,NaN,27785
20210406,15495,2.348,12115,0,4987,12:10,Cloudy,19,27,NaN,NaN,NaN,NaN,28066
20210405,20787,3.150,16844,0,4684,12:40,Mostly Cloudy,17,28,NaN,NaN,NaN,NaN,28347
20210404,24498,3.712,18002,0,3934,13:00,Mostly Cloudy,16,27,NaN,NaN,NaN,NaN,28410
20210403,25418,3.851,20246,0,4119,13:05,Mostly Cloudy,16,26,NaN,NaN,NaN,NaN,28912
20210402,26436,4.005,17561,0,4471,13:10,Partly Cloudy,16,27,NaN,NaN,NaN,NaN,29195
20210401,20183,3.058,14388,0,4987,13:55,Mostly Cloudy,14,27,NaN,NaN,NaN,NaN,29479
20210331,26661,4.040,18732,0,4276,13:35,Partly Cloudy,14,24,NaN,NaN,NaN,NaN,29762
20210330,23624,3.579,17646,0,4459,13:10,Mostly Cloudy,16,23,NaN,NaN,NaN,NaN,30046
20210329,20579,3.118,11948,0,4480,13:05,Mostly Cloudy,15,26,NaN,NaN,NaN,NaN,30331
20210328,21381,3.240,12049,0,4401,13:45,Mostly Cloudy,16,27,NaN,NaN,NaN,NaN,30615
20210327,24968,3.783,16717,0,4794,13:05,Mostly Cloudy,16,28,NaN,NaN,NaN,NaN,30899
20210326,23588,3.574,17895,0,4866,13:05,Mostly Cloudy,15,26,NaN,NaN,NaN,NaN,31183
20210325,20068,3.041,13930,0,4441,13:50,Mostly Cloudy,17,29,NaN,NaN,NaN,NaN,31466
20210324,21674,3.284,13853,0,4702,14:10,Mostly Cloudy,17,29,NaN,NaN,NaN,NaN,31749
20210323,3568,0.541,461,0,1396,15:20,Showers,17,19,NaN,NaN,NaN,NaN,32032
20210322,4331,0.656,1143,0,968,10:30,Showers,18,19,NaN,NaN,NaN,NaN,32314
20210321,3438,0.521,34,0,1050,12:05,Showers,19,20,NaN,NaN,NaN,NaN,32595
20210320,1748,0.265,0,0,581,12:10,Showers,18,20,NaN,NaN,NaN,NaN,32875
20210319,12694,1.923,6437,0,4984,13:45,Cloudy,17,25,NaN,NaN,NaN,NaN,33155
20210318,1767,0.268,0,0,521,09:10,Showers,18,21,NaN,NaN,NaN,NaN,33433
20210317,12456,1.887,7670,0,3469,13:55,Cloudy,17,23,NaN,NaN,NaN,NaN,33711
20210316,12255,1.857,7620,0,3208,12:15,Cloudy,15,21,NaN,NaN,NaN,NaN,33987
20210315,33346,5.052,25938,0,4444,12:50,Fine,12,24,NaN,NaN,NaN,NaN,34262
20210314,4335,0.657,965,0,1898,13:10,Showers,19,20,NaN,NaN,NaN,NaN,34536
20210313,23311,3.532,10407,0,4134,13:10,Mostly Cloudy,20,29,NaN,NaN,NaN,NaN,34808
20210312,15174,2.299,9327,0,4966,12:35,Cloudy,21,27,NaN,NaN,NaN,NaN,35079
20210311,16133,2.444,10141,0,4980,12:30,Cloudy,20,28,NaN,NaN,NaN,NaN,35348
20210310,20785,3.149,11729,0,4969,14:55,Mostly Cloudy,20,27,NaN,NaN,NaN,NaN,35615
20210309,24266,3.677,13736,0,4895,14:10,Mostly Cloudy,19,28,NaN,NaN,NaN,NaN,35880
20210308,18345,2.780,10414,0,4509,12:40,Mostly Cloudy,19,31,NaN,NaN,NaN,NaN,36144
20210307,27520,4.170,18938,0,4635,13:40,Partly Cloudy,16,27,NaN,NaN,NaN,NaN,36406
20210306,29016,4.396,23762,0,4977,13:40,Partly Cloudy,17,24,NaN,NaN,NaN,NaN,36665
20210305,28177,4.269,22635,0,4778,11:15,Partly Cloudy,18,25,NaN,NaN,NaN,NaN,36923
20210304,31157,4.721,25872,0,4540,13:00,Partly Cloudy,16,28,NaN,NaN,NaN,NaN,37178
20210303,25799,3.909,15513,0,4981,13:55,Mostly Cloudy,18,23,NaN,NaN,NaN,NaN,37431
20210302,27646,4.189,20508,0,4976,14:00,Partly Cloudy,20,24,NaN,NaN,NaN,NaN,37682
20210301,31606,4.789,9774,0,4311,13:35,Partly Cloudy,19,30,NaN,NaN,NaN,NaN,37931
20210228,32601,4.940,24871,0,4450,13:20,Partly Cloudy,20,28,NaN,NaN,NaN,NaN,38176
20210227,7509,1.138,2784,0,1836,14:40,Cloudy,20,22,NaN,NaN,NaN,NaN,38420
20210226,32547,4.931,20782,0,4506,13:30,Partly Cloudy,17,28,NaN,NaN,NaN,NaN,38660
20210225,11558,1.751,6204,0,4705,13:15,Cloudy,18,25,NaN,NaN,NaN,NaN,38899
20210224,13932,2.111,8631,0,4196,16:40,Cloudy,16,21,NaN,NaN,NaN,NaN,39134
20210223,8983,1.361,3717,0,3253,14:45,Cloudy,19,21,NaN,NaN,NaN,NaN,39366
20210222,29958,4.539,16982,0,4547,13:35,Partly Cloudy,20,29,NaN,NaN,NaN,NaN,39596
20210221,25613,3.881,7247,0,4980,13:10,Mostly Cloudy,21,29,NaN,NaN,NaN,NaN,39823
20210220,30014,4.548,16829,0,4976,14:00,Partly Cloudy,20,29,NaN,NaN,NaN,NaN,40047
20210219,25580,3.876,14527,0,4980,13:10,Mostly Cloudy,20,29,NaN,NaN,NaN,NaN,40267
20210218,21207,3.213,14437,0,4832,15:30,Mostly Cloudy,19,25,NaN,NaN,NaN,NaN,40485
20210217,23758,3.600,17434,0,4972,12:25,Mostly Cloudy,18,27,NaN,NaN,NaN,NaN,40700
20210216,20582,3.118,14121,0,4960,15:15,Mostly Cloudy,19,27,NaN,NaN,NaN,NaN,40911
20210215,18702,2.834,9155,0,4443,15:05,Mostly Cloudy,18,24,NaN,NaN,NaN,NaN,41119
20210214,28117,4.260,20643,0,4987,12:10,Partly Cloudy,16,25,NaN,NaN,NaN,NaN,41324
20210213,6959,1.054,3323,0,2847,12:35,Cloudy,20,22,NaN,NaN,NaN,NaN,41526
20210212,24238,3.672,12025,0,4977,11:20,Mostly Cloudy,18,33,NaN,NaN,NaN,NaN,41724
20210211,37309,5.653,29086,0,4769,11:10,Fine,17,27,NaN,NaN,NaN,NaN,41919
20210210,21888,3.316,12557,0,4981,13:40,Mostly Cloudy,16,27,NaN,NaN,NaN,NaN,42111
20210209,27210,4.123,20287,0,4971,13:35,Partly Cloudy,19,25,NaN,NaN,NaN,NaN,42299
20210208,23122,3.503,12386,0,4752,15:20,Mostly Cloudy,20,23,NaN,NaN,NaN,NaN,42484
20210207,32160,4.873,20351,0,4985,13:00,Partly Cloudy,19,28,NaN,NaN,NaN,NaN,42665
20210206,10917,1.654,3635,0,2519,18:30,Cloudy,21,24,NaN,NaN,NaN,NaN,42843
20210205,29510,4.471,17057,0,4910,14:40,Partly Cloudy,20,28,NaN,NaN,NaN,NaN,43017
20210204,34049,5.159,25129,0,4822,13:50,Fine,17,28,NaN,NaN,NaN,NaN,43187
20210203,31884,4.831,19804,0,4986,15:05,Partly Cloudy,17,25,NaN,NaN,NaN,NaN,43354
20210202,22293,3.378,15257,0,4976,13:30,Mostly Cloudy,17,25,NaN,NaN,NaN,NaN,43517
20210201,27367,4.147,15929,0,4984,14:40,Partly Cloudy,20,28,NaN,NaN,NaN,NaN,43677
20210131,9317,1.412,1521,0,1749,08:50,Cloudy,21,23,NaN,NaN,NaN,NaN,43833
20210130,22060,3.342,7573,0,4583,15:40,Mostly Cloudy,20,28,NaN,NaN,NaN,NaN,43985
20210129,10233,1.550,2727,0,2163,10:30,Cloudy,18,20,NaN,NaN,NaN,NaN,44134
20210128,10581,1.603,5489,0,2164,13:35,Cloudy,18,22,NaN,NaN,NaN,NaN,44279
20210127,10032,1.520,3606,0,3078,12:15,Cloudy,21,23,NaN,NaN,NaN,NaN,44420
20210126,31861,4.827,15317,0,4786,14:05,Partly Cloudy,21,37,NaN,NaN,NaN,NaN,44557
20210125,38656,5.857,21045,0,4966,13:00,Fine,21,31,NaN,NaN,NaN,NaN,44691
20210124,36301,5.500,13078,0,4561,13:55,Fine,22,34,NaN,NaN,NaN,NaN,44821
20210123,36431,5.520,24392,0,4582,13:55,Fine,22,31,NaN,NaN,NaN,NaN,44947
20210122,37866,5.737,19109,0,4676,13:30,Fine,18,31,NaN,NaN,NaN,NaN,45069
20210121,40242,6.097,32665,0,4874,13:30,Fine,15,28,NaN,NaN,NaN,NaN,45188
20210120,17333,2.626,6549,0,4710,14:50,Mostly Cloudy,17,22,NaN,NaN,NaN,NaN,45303
20210119,22635,3.430,9784,0,4977,12:10,Mostly Cloudy,21,25,NaN,NaN,NaN,NaN,45414
20210118,40939,6.203,23593,0,4831,13:30,Fine,18,30,NaN,NaN,NaN,NaN,45521
20210117,34980,5.300,26898,0,4986,12:50,Fine,16,27,NaN,NaN,NaN,NaN,45625
20210116,43724,6.625,38970,0,4985,13:05,Fine,17,27,NaN,NaN,NaN,NaN,45724
20210115,34616,5.245,30184,0,4985,15:40,Fine,20,28,NaN,NaN,NaN,NaN,45820
20210114,33562,5.085,29238,0,4733,13:25,Fine,20,30,NaN,NaN,NaN,NaN,45912
20210113,39077,5.921,15147,0,4981,12:55,Fine,20,29,NaN,NaN,NaN,NaN,46001
20210112,37632,5.702,20956,0,4978,14:25,Fine,18,29,NaN,NaN,NaN,NaN,46085
20210111,42944,6.507,32437,0,4978,13:10,Fine,18,28,NaN,NaN,NaN,NaN,46166
20210110,43228,6.550,36773,0,4933,13:50,Fine,17,27,NaN,NaN,NaN,NaN,46243
20210109,31980,4.845,21870,0,4986,15:00,Partly Cloudy,16,26,NaN,NaN,NaN,NaN,46316
20210108,22907,3.471,15602,0,3566,15:50,Mostly Cloudy,17,22,NaN,NaN,NaN,NaN,46386
20210107,26906,4.077,14983,0,4971,15:50,Partly Cloudy,18,22,NaN,NaN,NaN,NaN,46451
20210106,21751,3.296,12590,0,4984,12:25,Mostly Cloudy,19,25,NaN,NaN,NaN,NaN,46513
20210105,27657,4.190,18784,0,4982,11:30,Partly Cloudy,19,28,NaN,NaN,NaN,NaN,46571
20210104,17176,2.602,8690,0,4455,12:40,Mostly Cloudy,20,27,NaN,NaN,NaN,NaN,46626
20210103,18625,2.822,10700,0,4986,15:35,Mostly Cloudy,19,26,NaN,NaN,NaN,NaN,46676
20210102,13550,2.053,7450,0,4988,13:30,Cloudy,16,22,NaN,NaN,NaN,NaN,46723
20210101,11865,1.798,5724,0,2171,13:30,Cloudy,17,22,NaN,NaN,NaN,NaN,46766
20201231,15591,2.362,10191,0,3460,11:25,Cloudy,18,24,NaN,NaN,NaN,NaN,46805
20201230,18318,2.775,11867,0,4986,13:05,Mostly Cloudy,18,24,NaN,NaN,NaN,NaN,46841
20201229,8460,1.282,1971,0,2736,10:10,Cloudy,16,20,NaN,NaN,NaN,NaN,46872
20201228,21057,3.190,16561,0,4988,11:45,Mostly Cloudy,23,30,NaN,NaN,NaN,NaN,46901
20201227,39403,5.970,32675,0,4880,13:50,Fine,17,27,NaN,NaN,NaN,NaN,46925
20201226,19195,2.908,10877,0,4979,15:00,Mostly Cloudy,17,25,NaN,NaN,NaN,NaN,46945
20201225,17573,2.663,10546,0,4979,11:50,Mostly Cloudy,18,21,NaN,NaN,NaN,NaN,46962
20201224,38409,5.820,28932,0,4989,14:35,Fine,17,26,NaN,NaN,NaN,NaN,46975
20201223,40035,6.066,32486,0,4988,13:10,Fine,16,26,NaN,NaN,NaN,NaN,46985
20201222,24491,3.711,15535,0,4180,15:25,Mostly Cloudy,17,26,NaN,NaN,NaN,NaN,46990
20201221,12144,1.840,5021,0,2415,11:00,Cloudy,18,24,NaN,NaN,NaN,NaN,46992
20201220,13933,2.111,4413,0,3319,12:30,Cloudy,18,23,NaN,NaN,NaN,NaN,46990
20201219,6993,1.060,1324,0,1788,11:30,Cloudy,19,19,NaN,NaN,NaN,NaN,46985
20201218,18187,2.756,7122,0,3767,14:00,Mostly Cloudy,22,30,NaN,NaN,NaN,NaN,46975
20201217,25680,3.891,15692,0,4789,12:10,Mostly Cloudy,21,30,NaN,NaN,NaN,NaN,46962
20201216,21147,3.204,11299,0,4981,13:10,Mostly Cloudy,21,27,NaN,NaN,NaN,NaN,46946
20201215,19967,3.025,12372,0,4380,12:10,Mostly Cloudy,18,24,NaN,NaN,NaN,NaN,46925
20201214,20414,3.093,11249,0,4847,12:50,Mostly Cloudy,18,24,NaN,NaN,NaN,NaN,46901
20201213,31911,4.835,21909,0,4989,14:20,Partly Cloudy,16,27,NaN,NaN,NaN,NaN,46873
20201212,31060,4.706,16934,0,4990,12:05,Partly Cloudy,15,25,NaN,NaN,NaN,NaN,46841
20201211,22987,3.483,12586,0,4902,10:50,Mostly Cloudy,17,23,NaN,NaN,NaN,NaN,46806
20201210,30334,4.596,24149,0,4977,12:30,Partly Cloudy,16,27,NaN,NaN,NaN,NaN,46767
20201209,43023,6.519,29406,0,4976,13:00,Fine,14,26,NaN,NaN,NaN,NaN,46724
20201208,39610,6.002,30244,0,4981,11:25,Fine,15,24,NaN,NaN,NaN,NaN,46677
20201207,42406,6.425,23776,0,4987,12:50,Fine,18,30,NaN,NaN,NaN,NaN,46627
20201206,44466,6.737,33285,0,4988,12:45,Fine,21,30,NaN,NaN,NaN,NaN,46573
20201205,9869,1.495,5771,0,2955,13:30,Cloudy,19,25,NaN,NaN,NaN,NaN,46515
20201204,41707,6.319,29209,0,4884,13:00,Fine,18,30,NaN,NaN,NaN,NaN,46454
20201203,8359,1.267,2825,0,2150,10:55,Cloudy,17,22,NaN,NaN,NaN,NaN,46389
20201202,18111,2.744,11509,0,4153,11:50,Mostly Cloudy,19,24,NaN,NaN,NaN,NaN,46320
20201201,31398,4.757,22100,0,4740,13:20,Partly Cloudy,19,28,NaN,NaN,NaN,NaN,46246
20201130,22960,3.479,14491,0,4072,12:40,Mostly Cloudy,18,27,NaN,NaN,NaN,NaN,46169
20201129,27190,4.120,14352,0,4889,12:35,Partly Cloudy,25,40,NaN,NaN,NaN,NaN,46089
20201128,36726,5.565,11643,0,4729,12:05,Fine,20,40,NaN,NaN,NaN,NaN,46005
20201127,35207,5.334,23283,0,4747,13:40,Fine,18,26,NaN,NaN,NaN,NaN,45918
20201126,40071,6.071,27715,0,4677,12:55,Fine,17,28,NaN,NaN,NaN,NaN,45827
20201125,27726,4.201,18609,0,4898,14:20,Partly Cloudy,17,25,NaN,NaN,NaN,NaN,45732
20201124,31964,4.843,25061,0,4983,14:55,Partly Cloudy,18,24,NaN,NaN,NaN,NaN,45633
20201123,10759,1.630,5410,0,3130,10:55,Cloudy,20,25,NaN,NaN,NaN,NaN,45530
20201122,23872,3.617,12712,0,4986,11:10,Mostly Cloudy,17,25,NaN,NaN,NaN,NaN,45424
20201121,26620,4.033,17279,0,4987,12:30,Partly Cloudy,18,25,NaN,NaN,NaN,NaN,45312
20201120,35566,5.389,23898,0,4640,13:15,Fine,18,27,NaN,NaN,NaN,NaN,45199
20201119,40133,6.081,28788,0,4984,12:35,Fine,15,26,NaN,NaN,NaN,NaN,45081
20201118,33090,5.014,22435,0,4971,13:55,Fine,16,25,NaN,NaN,NaN,NaN,44961
20201117,21823,3.307,15078,0,4982,12:50,Mostly Cloudy,18,25,NaN,NaN,NaN,NaN,44836
20201116,31212,4.729,11077,0,4980,14:25,Partly Cloudy,18,31,NaN,NaN,NaN,NaN,44708
20201115,40696,6.166,24461,0,4793,13:25,Fine,16,25,NaN,NaN,NaN,NaN,44576
20201114,36997,5.606,30481,0,4986,12:50,Fine,16,26,NaN,NaN,NaN,NaN,44437
20201113,26853,4.069,18873,0,4965,13:05,Partly Cloudy,19,30,NaN,NaN,NaN,NaN,44298
20201112,25601,3.879,17944,0,4973,12:10,Mostly Cloudy,17,28,NaN,NaN,NaN,NaN,44156
20201111,38770,5.874,24164,0,4878,13:30,Fine,14,25,NaN,NaN,NaN,NaN,44009
20201110,36859,5.585,27791,0,4891,13:05,Fine,13,23,NaN,NaN,NaN,NaN,43859
20201109,32393,4.908,18050,0,4984,14:10,Partly Cloudy,13,22,NaN,NaN,NaN,NaN,43706
20201108,32485,4.922,22821,0,4987,14:40,Partly Cloudy,14,21,NaN,NaN,NaN,NaN,43548
20201107,29597,4.484,22181,0,4988,14:15,Partly Cloudy,12,20,NaN,NaN,NaN,NaN,43385
20201106,32756,4.963,24694,0,4985,13:40,Partly Cloudy,12,21,NaN,NaN,NaN,NaN,43221
20201105,5917,0.897,1984,0,2547,13:25,Showers,15,19,NaN,NaN,NaN,NaN,43053
20201104,35714,5.411,22736,0,4814,13:10,Fine,13,24,NaN,NaN,NaN,NaN,42882
20201103,36532,5.535,27310,0,4984,12:05,Fine,13,23,NaN,NaN,NaN,NaN,42707
20201102,30365,4.601,18390,0,4983,13:25,Partly Cloudy,13,22,NaN,NaN,NaN,NaN,42529
20201101,13505,2.046,3102,0,3530,13:45,Cloudy,14,19,NaN,NaN,NaN,NaN,42345
20201031,18804,2.849,7678,0,4984,13:55,Mostly Cloudy,16,25,NaN,NaN,NaN,NaN,42160
20201030,28319,4.291,17840,0,4981,12:50,Partly Cloudy,12,24,NaN,NaN,NaN,NaN,41972
20201029,25984,3.937,17964,0,4982,12:20,Mostly Cloudy,14,22,NaN,NaN,NaN,NaN,41781
20201028,20597,3.121,10286,0,4981,14:45,Mostly Cloudy,13,19,NaN,NaN,NaN,NaN,41586
20201027,22492,3.408,14727,0,4979,12:15,Mostly Cloudy,14,20,NaN,NaN,NaN,NaN,41385
20201026,12172,1.844,5180,0,3011,15:40,Cloudy,12,16,NaN,NaN,NaN,NaN,41184
20201025,6643,1.007,73,0,1668,13:45,Cloudy,14,14,NaN,NaN,NaN,NaN,40980
20201024,11750,1.780,6936,0,4084,12:25,Cloudy,18,26,NaN,NaN,NaN,NaN,40773
20201023,32923,4.988,26416,0,4837,14:15,Partly Cloudy,18,25,NaN,NaN,NaN,NaN,40562
20201022,28632,4.338,21930,0,4982,12:10,Partly Cloudy,16,26,NaN,NaN,NaN,NaN,40348
20201021,34001,5.152,26136,0,4617,13:10,Fine,14,24,NaN,NaN,NaN,NaN,40130
20201020,23657,3.584,18136,0,4980,13:35,Mostly Cloudy,16,22,NaN,NaN,NaN,NaN,39910
20201019,22028,3.338,9482,0,4982,14:55,Mostly Cloudy,15,21,NaN,NaN,NaN,NaN,39688
20201018,19491,2.953,11358,0,4984,13:10,Mostly Cloudy,18,26,NaN,NaN,NaN,NaN,39463
20201017,22479,3.406,16395,0,4796,13:40,Mostly Cloudy,15,26,NaN,NaN,NaN,NaN,39235
20201016,13818,2.094,8748,0,4456,13:55,Cloudy,18,19,NaN,NaN,NaN,NaN,39002
20201015,32493,4.923,25195,0,4384,13:10,Partly Cloudy,15,25,NaN,NaN,NaN,NaN,38769
20201014,26487,4.013,13871,0,4709,11:45,Partly Cloudy,16,23,NaN,NaN,NaN,NaN,38533
20201013,34660,5.252,25772,0,4382,13:05,Fine,14,28,NaN,NaN,NaN,NaN,38294
20201012,26233,3.975,14149,0,4877,13:00,Mostly Cloudy,17,25,NaN,NaN,NaN,NaN,38053
20201011,25812,3.911,14482,0,4788,13:20,Mostly Cloudy,13,28,NaN,NaN,NaN,NaN,37808
20201010,34091,5.165,24829,0,4461,13:30,Fine,13,26,NaN,NaN,NaN,NaN,37563
20201009,34488,5.225,20631,0,4895,13:15,Fine,14,23,NaN,NaN,NaN,NaN,37314
20201008,20833,3.157,8004,0,4577,13:50,Mostly Cloudy,17,29,NaN,NaN,NaN,NaN,37064
20201007,9340,1.415,3155,0,3084,13:00,Cloudy,16,21,NaN,NaN,NaN,NaN,36810
20201006,13409,2.032,8747,0,3159,14:35,Cloudy,15,19,NaN,NaN,NaN,NaN,36556
20201005,33141,5.021,19343,0,4252,13:30,Fine,17,33,NaN,NaN,NaN,NaN,36299
20201004,33170,5.026,25871,0,4244,13:10,Fine,15,24,NaN,NaN,NaN,NaN,36041
20201003,33057,5.009,26739,0,4248,12:05,Fine,12,25,NaN,NaN,NaN,NaN,35780
20201002,33339,5.051,20869,0,4323,12:00,Fine,11,24,NaN,NaN,NaN,NaN,35517
20201001,30193,4.575,24195,0,4726,11:55,Partly Cloudy,14,25,NaN,NaN,NaN,NaN,35253
20200930,15420,2.336,9375,0,2776,09:35,Cloudy,11,20,NaN,NaN,NaN,NaN,34988
20200929,24982,3.785,16241,0,4805,10:15,Mostly Cloudy,13,21,NaN,NaN,NaN,NaN,34721
20200928,32723,4.958,18594,0,4435,11:50,Partly Cloudy,8,20,NaN,NaN,NaN,NaN,34452
20200927,23187,3.513,7707,0,4756,10:55,Mostly Cloudy,10,18,NaN,NaN,NaN,NaN,34182
20200926,33268,5.041,25914,0,4575,12:25,Fine,10,18,NaN,NaN,NaN,NaN,33911
20200925,23203,3.516,16058,0,4540,13:40,Mostly Cloudy,12,24,NaN,NaN,NaN,NaN,33638
20200924,30006,4.546,23926,0,4390,13:05,Partly Cloudy,12,21,NaN,NaN,NaN,NaN,33365
20200923,28225,4.277,18943,0,4616,11:45,Partly Cloudy,14,24,NaN,NaN,NaN,NaN,33090
20200922,31421,4.761,25620,0,4240,12:10,Partly Cloudy,19,26,NaN,NaN,NaN,NaN,32815
20200921,22808,3.456,12025,0,4186,11:10,Mostly Cloudy,17,29,NaN,NaN,NaN,NaN,32538
20200920,13103,1.985,9754,0,4655,12:30,Cloudy,16,22,NaN,NaN,NaN,NaN,32261
20200919,15908,2.410,7599,0,4302,13:10,Cloudy,15,23,NaN,NaN,NaN,NaN,31984
20200918,5645,0.855,1450,0,1657,14:05,Showers,14,18,NaN,NaN,NaN,NaN,31705
20200917,24975,3.784,19262,0,4251,11:55,Mostly Cloudy,16,31,NaN,NaN,NaN,NaN,31427
20200916,25702,3.894,13236,0,4144,12:45,Mostly Cloudy,14,24,NaN,NaN,NaN,NaN,31147
20200915,16893,2.560,11891,0,4198,10:45,Mostly Cloudy,14,22,NaN,NaN,NaN,NaN,30868
20200914,27267,4.131,18993,0,4247,12:45,Partly Cloudy,12,22,NaN,NaN,NaN,NaN,30588
20200913,17759,2.691,11940,0,4516,13:35,Mostly Cloudy,11,25,NaN,NaN,NaN,NaN,30309
20200912,28728,4.353,20552,0,3944,12:15,Partly Cloudy,10,22,NaN,NaN,NaN,NaN,30029
20200911,24726,3.746,14784,0,4759,12:40,Mostly Cloudy,12,20,NaN,NaN,NaN,NaN,29749
20200910,20261,3.070,13607,0,4700,12:35,Mostly Cloudy,12,19,NaN,NaN,NaN,NaN,29470
20200909,4135,0.627,893,0,1488,11:15,Showers,14,16,NaN,NaN,NaN,NaN,29191
20200908,25040,3.794,18495,0,3930,12:15,Mostly Cloudy,11,23,NaN,NaN,NaN,NaN,28912
20200907,27094,4.105,17875,0,3795,12:30,Partly Cloudy,11,22,NaN,NaN,NaN,NaN,28634
20200906,25958,3.933,12057,0,4419,12:10,Mostly Cloudy,10,21,NaN,NaN,NaN,NaN,28357
20200905,25368,3.844,20011,0,4072,11:55,Mostly Cloudy,12,22,NaN,NaN,NaN,NaN,28080
20200904,3326,0.504,447,0,1217,13:25,Showers,18,20,NaN,NaN,NaN,NaN,27804
20200903,22391,3.393,15995,0,4218,13:25,Mostly Cloudy,17,30,NaN,NaN,NaN,NaN,27529
20200902,20047,3.037,11063,0,3790,13:10,Mostly Cloudy,9,24,NaN,NaN,NaN,NaN,27254
20200901,22096,3.348,10545,0,4544,12:15,Mostly Cloudy,10,19,NaN,NaN,NaN,NaN,26981
20200831,21378,3.239,15991,0,4308,12:45,Mostly Cloudy,15,20,NaN,NaN,NaN,NaN,26709
20200830,24424,3.701,13709,0,3563,12:15,Mostly Cloudy,8,25,NaN,NaN,NaN,NaN,26439
20200829,24495,3.711,16334,0,3631,12:20,Mostly Cloudy,7,21,NaN,NaN,NaN,NaN,26169
20200828,24892,3.772,11078,0,3690,12:05,Mostly Cloudy,12,19,NaN,NaN,NaN,NaN,25902
20200827,24415,3.699,9723,0,3682,12:15,Mostly Cloudy,6,22,NaN,NaN,NaN,NaN,25635
20200826,24131,3.656,8194,0,3584,12:15,Mostly Cloudy,6,19,NaN,NaN,NaN,NaN,25371
20200825,20077,3.042,10533,0,4470,13:10,Mostly Cloudy,6,17,NaN,NaN,NaN,NaN,25108
20200824,23923,3.625,6015,0,3634,12:20,Mostly Cloudy,9,19,NaN,NaN,NaN,NaN,24847
20200823,22749,3.447,8452,0,3692,12:25,Mostly Cloudy,9,17,NaN,NaN,NaN,NaN,24588
20200822,19774,2.996,12906,0,4548,12:30,Mostly Cloudy,9,16,NaN,NaN,NaN,NaN,24331
20200821,20766,3.146,11609,0,4349,12:55,Mostly Cloudy,9,18,NaN,NaN,NaN,NaN,24076
20200820,22972,3.481,12912,0,3907,12:40,Mostly Cloudy,11,18,NaN,NaN,NaN,NaN,23823
20200819,17119,2.594,9545,0,4075,12:10,Mostly Cloudy,11,21,NaN,NaN,NaN,NaN,23573
20200818,18320,2.776,11430,0,3712,13:55,Mostly Cloudy,10,21,NaN,NaN,NaN,NaN,23325
20200817,22168,3.359,10258,0,3411,12:40,Mostly Cloudy,10,20,NaN,NaN,NaN,NaN,23080
20200816,21753,3.296,9626,0,3728,12:30,Mostly Cloudy,12,20,NaN,NaN,NaN,NaN,22837
20200815,18406,2.789,9811,0,4030,12:20,Mostly Cloudy,12,20,NaN,NaN,NaN,NaN,22597
20200814,8314,1.260,3227,0,2392,09:50,Cloudy,11,17,NaN,NaN,NaN,NaN,22359
20200813,19076,2.890,12115,0,3240,12:30,Mostly Cloudy,10,23,NaN,NaN,NaN,NaN,22125
20200812,11081,1.679,1723,0,3984,12:00,Cloudy,10,18,NaN,NaN,NaN,NaN,21893
20200811,15615,2.366,3417,0,3826,14:05,Cloudy,10,18,NaN,NaN,NaN,NaN,21664
20200810,10299,1.560,803,0,3742,13:15,Cloudy,9,16,NaN,NaN,NaN,NaN,21439
20200809,7496,1.136,96,0,2697,09:20,Cloudy,9,14,NaN,NaN,NaN,NaN,21216
20200808,8827,1.337,1653,0,3224,10:45,Cloudy,11,15,NaN,NaN,NaN,NaN,20997
20200807,1890,0.286,0,0,507,12:00,Showers,9,13,NaN,NaN,NaN,NaN,20781
20200806,19810,3.002,5587,0,3262,12:45,Mostly Cloudy,6,17,NaN,NaN,NaN,NaN,20569
20200805,20228,3.065,1348,0,3236,12:40,Mostly Cloudy,6,18,NaN,NaN,NaN,NaN,20359
20200804,16709,2.532,2875,0,3057,14:15,Mostly Cloudy,8,21,NaN,NaN,NaN,NaN,20154
20200803,16602,2.515,1076,0,3413,12:20,Mostly Cloudy,8,21,NaN,NaN,NaN,NaN,19952
20200802,16285,2.467,6871,0,3525,12:40,Cloudy,7,20,NaN,NaN,NaN,NaN,19754
20200801,17681,2.679,3722,0,3315,13:00,Mostly Cloudy,7,20,NaN,NaN,NaN,NaN,19559
20200731,14536,2.202,1035,0,3525,13:00,Cloudy,8,18,NaN,NaN,NaN,NaN,19369
20200730,15346,2.325,4781,0,3496,12:30,Cloudy,10,19,NaN,NaN,NaN,NaN,19182
20200729,15645,2.370,3322,0,3073,12:45,Cloudy,10,19,NaN,NaN,NaN,NaN,18999
20200728,7979,1.209,1639,0,2994,12:45,Cloudy,12,18,NaN,NaN,NaN,NaN,18820
20200727,3880,0.588,333,0,1182,10:25,Showers,14,16,NaN,NaN,NaN,NaN,18645
20200726,1544,0.234,0,0,637,13:00,Showers,12,16,NaN,NaN,NaN,NaN,18475
20200725,8924,1.352,678,0,3349,10:45,Cloudy,9,17,NaN,NaN,NaN,NaN,18308
20200724,15055,2.281,6743,0,3129,13:20,Cloudy,8,18,NaN,NaN,NaN,NaN,18146
20200723,16407,2.486,7992,0,2804,12:50,Cloudy,7,19,NaN,NaN,NaN,NaN,17988
20200722,14937,2.263,4471,0,2894,12:50,Cloudy,7,19,NaN,NaN,NaN,NaN,17834
20200721,16313,2.472,8699,0,2919,13:05,Cloudy,8,17,NaN,NaN,NaN,NaN,17685
20200720,16829,2.550,5800,0,2921,12:45,Mostly Cloudy,10,18,NaN,NaN,NaN,NaN,17540
20200719,12436,1.884,1615,0,2935,13:55,Cloudy,8,20,NaN,NaN,NaN,NaN,17399
20200718,12750,1.932,5904,0,3038,11:15,Cloudy,9,17,NaN,NaN,NaN,NaN,17264
20200717,6339,0.960,2782,0,1477,11:15,Showers,11,15,NaN,NaN,NaN,NaN,17132
20200716,8497,1.287,4444,0,2354,13:45,Cloudy,9,15,NaN,NaN,NaN,NaN,17005
20200715,7442,1.128,3736,0,2593,10:45,Cloudy,11,15,NaN,NaN,NaN,NaN,16883
20200714,7969,1.207,4823,0,2811,14:55,Cloudy,11,16,NaN,NaN,NaN,NaN,16766
20200713,11662,1.767,7853,0,3203,13:20,Cloudy,8,17,NaN,NaN,NaN,NaN,16653
20200712,11037,1.672,6163,0,2973,13:30,Cloudy,9,17,NaN,NaN,NaN,NaN,16545
20200711,6112,0.926,1386,0,2052,14:35,Showers,12,15,NaN,NaN,NaN,NaN,16442
20200710,9476,1.436,4659,0,3042,12:30,Cloudy,10,17,NaN,NaN,NaN,NaN,16344
20200709,13425,2.034,4158,0,3020,13:20,Cloudy,8,17,NaN,NaN,NaN,NaN,16250
20200708,4926,0.746,1097,0,2996,11:35,Showers,11,15,NaN,NaN,NaN,NaN,16161
20200707,10557,1.600,2869,0,2342,15:15,Cloudy,10,17,NaN,NaN,NaN,NaN,16078
20200706,13627,2.065,3416,0,2876,13:10,Cloudy,8,19,NaN,NaN,NaN,NaN,15999
20200705,12492,1.893,3736,0,2956,14:05,Cloudy,9,19,NaN,NaN,NaN,NaN,15925
20200704,14397,2.181,3176,0,2703,12:50,Cloudy,9,17,NaN,NaN,NaN,NaN,15856
20200703,12372,1.875,5172,0,2596,13:00,Cloudy,11,18,NaN,NaN,NaN,NaN,15792
20200702,10484,1.588,3346,0,2258,12:55,Cloudy,13,23,NaN,NaN,NaN,NaN,15733
20200701,13117,1.987,5175,0,2503,13:00,Cloudy,8,22,NaN,NaN,NaN,NaN,15679
20200630,11020,1.670,4566,0,2631,13:25,Cloudy,8,17,NaN,NaN,NaN,NaN,15630
20200629,9077,1.375,3646,0,3167,13:00,Cloudy,9,16,NaN,NaN,NaN,NaN,15586
20200628,8895,1.348,3330,0,3125,13:35,Cloudy,8,16,NaN,NaN,NaN,NaN,15547
20200627,9937,1.506,2841,0,3380,13:45,Cloudy,9,16,NaN,NaN,NaN,NaN,15514
20200626,11346,1.719,4019,0,2645,13:05,Cloudy,9,19,NaN,NaN,NaN,NaN,15485
20200625,13045,1.977,6724,0,2545,13:05,Cloudy,9,19,NaN,NaN,NaN,NaN,15461
20200624,8747,1.325,851,0,2572,11:25,Cloudy,8,18,NaN,NaN,NaN,NaN,15443
20200623,12652,1.917,4445,0,2584,12:55,Cloudy,8,16,NaN,NaN,NaN,NaN,15430
20200622,9381,1.421,1198,0,2140,11:40,Cloudy,9,16,NaN,NaN,NaN,NaN,15422
20200621,9421,1.427,2751,0,2499,13:05,Cloudy,11,19,NaN,NaN,NaN,NaN,15418
20200620,13021,1.973,6871,0,2489,13:05,Cloudy,9,21,NaN,NaN,NaN,NaN,15421
20200619,12828,1.944,5952,0,2463,13:00,Cloudy,9,19,NaN,NaN,NaN,NaN,15428
20200618,9677,1.466,3638,0,2991,14:00,Cloudy,12,18,NaN,NaN,NaN,NaN,15440
20200617,5025,0.761,609,0,2106,11:25,Showers,11,17,NaN,NaN,NaN,NaN,15458
20200616,12929,1.959,5798,0,2556,12:55,Cloudy,11,21,NaN,NaN,NaN,NaN,15480
20200615,12995,1.969,7240,0,2500,13:05,Cloudy,9,20,NaN,NaN,NaN,NaN,15508
20200614,12038,1.824,6855,0,2537,13:10,Cloudy,14,21,NaN,NaN,NaN,NaN,15541
20200613,10478,1.588,1074,0,2481,13:10,Cloudy,11,18,NaN,NaN,NaN,NaN,15579
20200612,3628,0.550,510,0,1509,11:30,Showers,12,16,NaN,NaN,NaN,NaN,15622
20200611,12742,1.931,6027,0,2756,12:45,Cloudy,13,21,NaN,NaN,NaN,NaN,15670
20200610,5446,0.825,1099,0,2275,10:10,Showers,13,16,NaN,NaN,NaN,NaN,15723
20200609,12204,1.849,6961,0,2812,13:00,Cloudy,10,20,NaN,NaN,NaN,NaN,15782
20200608,10725,1.625,2816,0,3169,13:00,Cloudy,13,17,NaN,NaN,NaN,NaN,15845
20200607,8259,1.251,1048,0,2495,12:15,Cloudy,8,16,NaN,NaN,NaN,NaN,15913
20200606,13044,1.976,7276,0,2589,13:05,Cloudy,7,18,NaN,NaN,NaN,NaN,15987
20200605,14121,2.140,4718,0,2641,13:00,Cloudy,7,19,NaN,NaN,NaN,NaN,16065
20200604,10789,1.635,3784,0,3184,13:10,Cloudy,10,17,NaN,NaN,NaN,NaN,16149
20200603,14020,2.124,3627,0,2934,13:00,Cloudy,8,19,NaN,NaN,NaN,NaN,16237
20200602,6886,1.043,829,0,2089,15:40,Cloudy,8,15,NaN,NaN,NaN,NaN,16331
20200601,11938,1.809,6142,0,2717,12:40,Cloudy,14,22,NaN,NaN,NaN,NaN,16429
20200531,11814,1.790,5312,0,3546,12:40,Cloudy,13,22,NaN,NaN,NaN,NaN,16533
20200530,13937,2.112,3517,0,2750,12:45,Cloudy,10,19,NaN,NaN,NaN,NaN,16641
20200529,4778,0.724,502,0,1144,11:15,Showers,11,15,NaN,NaN,NaN,NaN,16754
20200528,13373,2.026,4171,0,2659,12:45,Cloudy,11,22,NaN,NaN,NaN,NaN,16872
20200527,12679,1.921,5459,0,3249,11:50,Cloudy,11,20,NaN,NaN,NaN,NaN,16994
20200526,8323,1.261,3711,0,3234,13:20,Cloudy,13,20,NaN,NaN,NaN,NaN,17122
20200525,5895,0.893,1742,0,2012,10:30,Showers,13,15,NaN,NaN,NaN,NaN,17254
20200524,7928,1.201,540,0,2782,12:30,Cloudy,13,17,NaN,NaN,NaN,NaN,17391
20200523,6432,0.975,1638,0,2378,10:15,Showers,11,17,NaN,NaN,NaN,NaN,17532
20200522,6648,1.007,1566,0,1938,10:10,Cloudy,9,16,NaN,NaN,NaN,NaN,17678
20200521,6443,0.976,2516,0,3085,14:05,Showers,14,18,NaN,NaN,NaN,NaN,17829
20200520,14820,2.245,6829,0,2912,14:50,Cloudy,13,24,NaN,NaN,NaN,NaN,17984
20200519,15106,2.289,9197,0,3049,12:45,Cloudy,14,20,NaN,NaN,NaN,NaN,18143
20200518,7894,1.196,2784,0,3004,10:50,Cloudy,11,19,NaN,NaN,NaN,NaN,18308
20200517,11022,1.670,3564,0,3168,12:00,Cloudy,10,21,NaN,NaN,NaN,NaN,18476
20200516,9903,1.500,1327,0,2741,10:25,Cloudy,11,18,NaN,NaN,NaN,NaN,18649
20200515,9108,1.380,1533,0,2866,11:55,Cloudy,10,15,NaN,NaN,NaN,NaN,18826
20200514,10418,1.578,4625,0,3365,13:15,Cloudy,10,18,NaN,NaN,NaN,NaN,19007
20200513,11828,1.792,3153,0,3646,12:30,Cloudy,10,19,NaN,NaN,NaN,NaN,19192
20200512,17563,2.661,10350,0,3084,12:35,Mostly Cloudy,8,21,NaN,NaN,NaN,NaN,19381
20200511,18793,2.847,6448,0,3084,12:45,Mostly Cloudy,7,19,NaN,NaN,NaN,NaN,19575
20200510,19351,2.932,13311,0,3235,12:35,Mostly Cloudy,12,19,NaN,NaN,NaN,NaN,19773
20200509,14574,2.208,5397,0,3002,13:50,Cloudy,17,27,NaN,NaN,NaN,NaN,19974
20200508,18312,2.775,6174,0,3023,12:30,Mostly Cloudy,15,28,NaN,NaN,NaN,NaN,20179
20200507,15816,2.396,7433,0,3263,12:25,Cloudy,11,25,NaN,NaN,NaN,NaN,20388
20200506,20027,3.034,11432,0,3252,12:30,Mostly Cloudy,11,24,NaN,NaN,NaN,NaN,20600
20200505,16271,2.465,8654,0,3642,13:10,Cloudy,11,21,NaN,NaN,NaN,NaN,20817
20200504,17559,2.660,9013,0,3745,12:10,Mostly Cloudy,9,19,NaN,NaN,NaN,NaN,21037
20200503,20345,3.083,9365,0,3348,12:35,Mostly Cloudy,11,20,NaN,NaN,NaN,NaN,21260
20200502,22338,3.385,9756,0,3470,12:30,Mostly Cloudy,12,18,NaN,NaN,NaN,NaN,21486
20200501,19359,2.933,10038,0,3629,13:20,Mostly Cloudy,10,16,NaN,NaN,NaN,NaN,21716
20200430,2566,0.389,221,0,1517,12:25,Showers,20,21,NaN,NaN,NaN,NaN,21949
20200429,13096,1.984,7601,0,3549,12:30,Cloudy,17,24,NaN,NaN,NaN,NaN,22186
20200428,9434,1.429,4456,0,2225,10:30,Cloudy,18,23,NaN,NaN,NaN,NaN,22425
20200427,8223,1.246,2655,0,2053,08:55,Cloudy,16,21,NaN,NaN,NaN,NaN,22668
20200426,11633,1.763,5243,0,3711,12:00,Cloudy,16,28,NaN,NaN,NaN,NaN,22913
20200425,21273,3.223,12189,0,3261,12:25,Mostly Cloudy,14,24,NaN,NaN,NaN,NaN,23161
20200424,21755,3.296,10373,0,3357,12:30,Mostly Cloudy,16,29,NaN,NaN,NaN,NaN,23412
20200423,21942,3.325,10390,0,3518,12:05,Mostly Cloudy,13,26,NaN,NaN,NaN,NaN,23665
20200422,22441,3.400,11563,0,3564,12:20,Mostly Cloudy,14,26,NaN,NaN,NaN,NaN,23921
20200421,22386,3.392,9916,0,3492,12:30,Mostly Cloudy,14,25,NaN,NaN,NaN,NaN,24179
20200420,7030,1.065,1141,0,1734,11:00,Cloudy,13,19,NaN,NaN,NaN,NaN,24440
20200419,17038,2.582,6811,0,3971,13:20,Mostly Cloudy,12,22,NaN,NaN,NaN,NaN,24703
20200418,24125,3.655,10835,0,3652,12:00,Mostly Cloudy,13,24,NaN,NaN,NaN,NaN,24968
20200417,24403,3.697,13026,0,3670,12:35,Mostly Cloudy,17,28,NaN,NaN,NaN,NaN,25235
20200416,7988,1.210,1932,0,2366,12:00,Cloudy,17,25,NaN,NaN,NaN,NaN,25505
20200415,23405,3.546,11727,0,3449,12:25,Mostly Cloudy,15,25,NaN,NaN,NaN,NaN,25776
20200414,24311,3.683,12630,0,3582,12:20,Mostly Cloudy,13,24,NaN,NaN,NaN,NaN,26048
20200413,20410,3.092,12558,0,4300,13:35,Mostly Cloudy,11,21,NaN,NaN,NaN,NaN,26323
20200412,26166,3.965,18046,0,3844,12:25,Mostly Cloudy,12,22,NaN,NaN,NaN,NaN,26599
20200411,23347,3.537,11129,0,4016,12:55,Mostly Cloudy,13,26,NaN,NaN,NaN,NaN,26876
20200410,10588,1.604,3504,0,3135,14:25,Cloudy,18,23,NaN,NaN,NaN,NaN,27155
20200409,13817,2.093,7627,0,3174,10:55,Cloudy,16,22,NaN,NaN,NaN,NaN,27435
20200408,8479,1.285,695,0,2044,09:30,Cloudy,15,20,NaN,NaN,NaN,NaN,27716
20200407,16054,2.432,9178,0,3875,12:40,Cloudy,15,21,NaN,NaN,NaN,NaN,27998
20200406,20954,3.175,12599,0,4420,12:30,Mostly Cloudy,14,25,NaN,NaN,NaN,NaN,28281
20200405,28556,4.327,16178,0,4058,12:35,Partly Cloudy,14,25,NaN,NaN,NaN,NaN,28299
20200404,26219,3.973,17020,0,4124,13:40,Mostly Cloudy,19,26,NaN,NaN,NaN,NaN,28850
20200403,14738,2.233,5020,0,4545,14:40,Cloudy,17,25,NaN,NaN,NaN,NaN,29136
20200402,9823,1.488,5126,0,3028,10:55,Cloudy,19,24,NaN,NaN,NaN,NaN,29422
20200401,9244,1.401,1249,0,3407,14:50,Cloudy,20,24,NaN,NaN,NaN,NaN,29708
20200331,23809,3.607,14507,0,4716,12:55,Mostly Cloudy,17,27,NaN,NaN,NaN,NaN,29995
20200330,10691,1.620,3393,0,4090,14:45,Cloudy,19,24,NaN,NaN,NaN,NaN,30281
20200329,19674,2.981,12164,0,4478,12:50,Mostly Cloudy,17,24,NaN,NaN,NaN,NaN,30568
20200328,22129,3.353,9638,0,4751,14:00,Mostly Cloudy,15,24,NaN,NaN,NaN,NaN,30855
20200327,18441,2.794,9799,0,3763,11:45,Mostly Cloudy,17,23,NaN,NaN,NaN,NaN,31142
20200326,15836,2.399,8561,0,4964,12:25,Cloudy,16,22,NaN,NaN,NaN,NaN,31429
20200325,14750,2.235,7383,0,4969,13:00,Cloudy,18,25,NaN,NaN,NaN,NaN,31715
20200324,13617,2.063,6946,0,3168,13:55,Cloudy,16,21,NaN,NaN,NaN,NaN,32002
20200323,21155,3.205,13156,0,4982,13:10,Mostly Cloudy,18,23,NaN,NaN,NaN,NaN,32287
20200322,28566,4.328,15037,0,4275,13:55,Partly Cloudy,18,29,NaN,NaN,NaN,NaN,32572
20200321,21883,3.316,10896,0,4975,13:55,Mostly Cloudy,18,26,NaN,NaN,NaN,NaN,32856
20200320,28013,4.244,11615,0,4084,13:30,Partly Cloudy,19,34,NaN,NaN,NaN,NaN,33140
20200319,29935,4.536,19167,0,4053,13:15,Partly Cloudy,16,32,NaN,NaN,NaN,NaN,33422
20200318,32125,4.867,16571,0,4310,13:25,Partly Cloudy,15,25,NaN,NaN,NaN,NaN,33704
20200317,20413,3.093,12805,0,4957,12:30,Mostly Cloudy,15,23,NaN,NaN,NaN,NaN,33984
20200316,18466,2.798,8543,0,4738,12:25,Mostly Cloudy,15,22,NaN,NaN,NaN,NaN,34264
20200315,18391,2.787,9449,0,4233,16:15,Mostly Cloudy,13,20,NaN,NaN,NaN,NaN,34542
20200314,2814,0.426,2,0,605,13:40,Showers,17,19,NaN,NaN,NaN,NaN,34819
20200313,32851,4.977,25692,0,4586,12:40,Partly Cloudy,15,25,NaN,NaN,NaN,NaN,35094
20200312,33896,5.136,27336,0,4584,13:30,Fine,17,25,NaN,NaN,NaN,NaN,35368
20200311,22781,3.452,11456,0,4976,13:15,Mostly Cloudy,15,25,NaN,NaN,NaN,NaN,35640
20200310,22004,3.334,14621,0,4973,14:50,Mostly Cloudy,16,23,NaN,NaN,NaN,NaN,35910
20200309,18655,2.827,9502,0,4872,14:15,Mostly Cloudy,16,22,NaN,NaN,NaN,NaN,36179
20200308,21792,3.302,11158,0,4983,13:20,Mostly Cloudy,16,23,NaN,NaN,NaN,NaN,36446
20200307,22077,3.345,8469,0,4822,13:30,Mostly Cloudy,19,25,NaN,NaN,NaN,NaN,36710
20200306,22468,3.404,12824,0,4993,12:45,Mostly Cloudy,21,27,NaN,NaN,NaN,NaN,36973
20200305,4132,0.626,389,0,1043,11:55,Showers,22,22,NaN,NaN,NaN,NaN,37234
20200304,14019,2.124,6068,0,4536,14:00,Cloudy,18,24,NaN,NaN,NaN,NaN,37492
20200303,5265,0.798,1049,0,969,10:30,Showers,20,22,NaN,NaN,NaN,NaN,37749
20200302,31457,4.766,13101,0,4956,13:40,Partly Cloudy,20,37,NaN,NaN,NaN,NaN,38002
20200301,34147,5.174,15501,0,4679,15:00,Fine,19,28,NaN,NaN,NaN,NaN,38254
20200229,28744,4.355,21943,0,4987,13:50,Partly Cloudy,19,26,NaN,NaN,NaN,NaN,38503
20200228,32142,4.870,22668,0,4984,13:00,Partly Cloudy,18,26,NaN,NaN,NaN,NaN,38749
20200227,23260,3.524,15545,0,4882,14:25,Mostly Cloudy,20,25,NaN,NaN,NaN,NaN,38993
20200226,24149,3.659,12978,0,4345,12:10,Mostly Cloudy,22,33,NaN,NaN,NaN,NaN,39234
20200225,34182,5.179,23816,0,4590,13:25,Fine,20,28,NaN,NaN,NaN,NaN,39472
20200224,31134,4.717,21381,0,4863,14:05,Partly Cloudy,19,28,NaN,NaN,NaN,NaN,39708
20200223,14726,2.231,1894,0,2852,14:45,Cloudy,20,25,NaN,NaN,NaN,NaN,39941
20200222,14093,2.135,5213,0,4116,12:25,Cloudy,18,23,NaN,NaN,NaN,NaN,40170
20200221,19960,3.024,7026,0,4859,15:10,Mostly Cloudy,20,25,NaN,NaN,NaN,NaN,40397
20200220,30650,4.644,24202,0,4986,13:00,Partly Cloudy,18,25,NaN,NaN,NaN,NaN,40621
20200219,30291,4.590,17075,0,4982,13:20,Partly Cloudy,20,29,NaN,NaN,NaN,NaN,40842
20200218,27370,4.147,20950,0,4732,14:10,Partly Cloudy,20,29,NaN,NaN,NaN,NaN,41059
20200217,11387,1.725,5976,0,4252,13:35,Cloudy,20,25,NaN,NaN,NaN,NaN,41273
20200216,31370,4.753,20947,0,4991,13:20,Partly Cloudy,20,27,NaN,NaN,NaN,NaN,41485
20200215,27553,4.175,19282,0,4987,12:40,Partly Cloudy,18,28,NaN,NaN,NaN,NaN,41692
20200214,35697,5.409,28607,0,4989,13:35,Fine,20,27,NaN,NaN,NaN,NaN,41897
20200213,14281,2.164,9569,0,3650,11:50,Cloudy,21,26,NaN,NaN,NaN,NaN,42098
20200212,15130,2.292,4262,0,4397,12:40,Cloudy,22,26,NaN,NaN,NaN,NaN,42296
20200211,32769,4.965,23529,0,4979,14:20,Partly Cloudy,21,30,NaN,NaN,NaN,NaN,42490
20200210,22968,3.480,11813,0,4987,15:10,Mostly Cloudy,20,26,NaN,NaN,NaN,NaN,42681
20200209,2267,0.343,0,0,539,16:50,Showers,19,20,NaN,NaN,NaN,NaN,42868
20200208,8645,1.310,2403,0,2239,12:25,Cloudy,19,23,NaN,NaN,NaN,NaN,43052
20200207,6075,0.920,1702,0,1879,14:55,Showers,18,21,NaN,NaN,NaN,NaN,43233
20200206,11146,1.689,6161,0,2089,13:55,Cloudy,20,24,NaN,NaN,NaN,NaN,43409
20200205,29411,4.456,18144,0,4991,13:40,Partly Cloudy,18,25,NaN,NaN,NaN,NaN,43582
20200204,22826,3.458,16653,0,4988,13:00,Mostly Cloudy,18,24,NaN,NaN,NaN,NaN,43752
20200203,25812,3.911,9019,0,4990,14:35,Mostly Cloudy,22,31,NaN,NaN,NaN,NaN,43918
20200202,21388,3.241,3553,0,4921,14:25,Mostly Cloudy,24,30,NaN,NaN,NaN,NaN,44080
20200201,36524,5.534,3537,0,4555,14:00,Fine,24,34,NaN,NaN,NaN,NaN,44238
20200131,37523,5.685,23210,0,4751,13:40,Fine,24,30,NaN,NaN,NaN,NaN,44393
20200130,36591,5.544,20744,0,4634,13:00,Fine,20,28,NaN,NaN,NaN,NaN,44544
20200129,21869,3.313,11699,0,4974,13:00,Mostly Cloudy,23,29,NaN,NaN,NaN,NaN,44691
20200128,26495,4.014,16574,0,4992,12:35,Partly Cloudy,23,30,NaN,NaN,NaN,NaN,44835
20200127,28668,4.344,16714,0,4987,12:25,Partly Cloudy,22,29,NaN,NaN,NaN,NaN,44974
20200126,32346,4.901,11286,0,4826,14:30,Partly Cloudy,24,32,NaN,NaN,NaN,NaN,45110
20200125,25464,3.858,20777,0,4978,12:35,Mostly Cloudy,23,28,NaN,NaN,NaN,NaN,45242
20200124,17016,2.578,13075,0,3816,16:10,Mostly Cloudy,23,26,NaN,NaN,NaN,NaN,45371
20200123,30525,4.625,25624,0,4920,13:25,Partly Cloudy,23,41,NaN,NaN,NaN,NaN,45495
20200122,40816,6.184,16908,0,4927,13:15,Fine,20,29,NaN,NaN,NaN,NaN,45616
20200121,41459,6.282,33757,0,4940,13:25,Fine,19,32,NaN,NaN,NaN,NaN,45733
20200120,28876,4.375,13144,0,4990,13:05,Partly Cloudy,20,27,NaN,NaN,NaN,NaN,45846
20200119,25176,3.815,15243,0,4991,13:45,Mostly Cloudy,19,26,NaN,NaN,NaN,NaN,45955
20200118,12275,1.860,5546,0,2404,12:35,Cloudy,20,22,NaN,NaN,NaN,NaN,46061
20200117,6799,1.030,3975,0,2663,15:55,Cloudy,18,21,NaN,NaN,NaN,NaN,46162
20200116,11024,1.670,4453,0,2883,15:30,Cloudy,21,25,NaN,NaN,NaN,NaN,46260
20200115,29958,4.539,18526,0,4408,12:45,Partly Cloudy,19,26,NaN,NaN,NaN,NaN,46354
20200114,34068,5.162,14824,0,4973,13:35,Fine,19,26,NaN,NaN,NaN,NaN,46444
20200113,10953,1.660,0,0,4086,15:35,Cloudy,21,25,NaN,NaN,NaN,NaN,46531
