Date,Energy Generated,Efficiency,Energy Exported,Energy Used,Peak Power,Peak Time,Condition,Min. Temperature,Max. Temperature,Peak Energy Import,Off-Peak Energy Import,Shoulder Energy Import,High-Shoulder Energy Import,Insolation
20220410,32115,6.082,24096,0,7700,12:15,Fine,16,24,NaN,NaN,NaN,NaN,23562
20220409,28072,5.317,19758,0,7738,12:25,Fine,17,24,NaN,NaN,NaN,NaN,23717
20220408,24391,4.620,17045,0,7711,11:55,Partly Cloudy,17,24,NaN,NaN,NaN,NaN,23871
20220407,6452,1.222,1581,0,1995,13:25,Cloudy,17,20,NaN,NaN,NaN,NaN,24024
20220406,4506,0.853,248,0,1502,12:35,Showers,17,19,NaN,NaN,NaN,NaN,24177
20220405,45565,8.630,36154,0,7070,12:35,Fine,15,24,NaN,NaN,NaN,NaN,24329
20220404,43473,8.234,35134,0,7512,12:10,Fine,14,28,NaN,NaN,NaN,NaN,24481
20220403,37273,7.059,29584,0,7798,10:50,Fine,13,27,NaN,NaN,NaN,NaN,24632
20220402,28028,5.308,18670,0,6013,15:15,Fine,15,21,NaN,NaN,NaN,NaN,24782
20220401,20200,3.826,11806,0,5621,14:10,Mostly Cloudy,14,18,NaN,NaN,NaN,NaN,24931
20220331,13180,2.496,6495,0,5954,13:35,Cloudy,17,21,NaN,NaN,NaN,NaN,25079
20220330,28061,5.315,17498,0,7235,11:50,Fine,18,22,NaN,NaN,NaN,NaN,25226
20220329,13818,2.617,8293,0,7591,13:45,Mostly Cloudy,19,23,NaN,NaN,NaN,NaN,25372
20220328,29313,5.552,20798,0,7158,12:25,Fine,18,24,NaN,NaN,NaN,NaN,25517
20220327,16229,3.074,7677,0,3710,11:00,Mostly Cloudy,16,23,NaN,NaN,NaN,NaN,25661
20220326,16758,3.174,10537,0,4784,13:10,Mostly Cloudy,17,23,NaN,NaN,NaN,NaN,25803
20220325,27757,5.257,15369,0,7731,12:30,Fine,17,23,NaN,NaN,NaN,NaN,25944
20220324,8591,1.627,3233,0,3018,16:20,Cloudy,17,20,NaN,NaN,NaN,NaN,26084
20220323,26303,4.982,18612,0,7125,11:40,Partly Cloudy,20,24,NaN,NaN,NaN,NaN,26222
20220322,47885,9.069,38696,0,7332,13:55,Fine,16,28,NaN,NaN,NaN,NaN,26359
20220321,32565,6.168,24266,0,7741,14:30,Fine,17,23,NaN,NaN,NaN,NaN,26495
20220320,45084,8.539,34703,0,7673,13:00,Fine,16,24,NaN,NaN,NaN,NaN,26629
20220319,17288,3.274,3555,0,6443,14:20,Mostly Cloudy,19,22,NaN,NaN,NaN,NaN,26761
20220318,43638,8.265,33099,0,7875,12:40,Fine,20,27,NaN,NaN,NaN,NaN,26892
20220317,38124,7.220,27388,0,7709,13:25,Fine,18,27,NaN,NaN,NaN,NaN,27020
20220316,26753,5.067,17688,0,7807,14:05,Fine,17,25,NaN,NaN,NaN,NaN,27148
20220315,37397,7.083,27742,0,7732,14:10,Fine,18,25,NaN,NaN,NaN,NaN,27273
20220314,31776,6.018,22518,0,7698,10:40,Fine,17,23,NaN,NaN,NaN,NaN,27397
20220313,29559,5.598,21576,0,7723,16:25,Fine,17,22,NaN,NaN,NaN,NaN,27519
20220312,38189,7.233,28348,0,7893,14:10,Fine,17,26,NaN,NaN,NaN,NaN,27638
20220311,41146,7.793,33700,0,7918,13:20,Fine,15,24,NaN,NaN,NaN,NaN,27757
20220310,43493,8.237,33628,0,7843,14:20,Fine,16,21,NaN,NaN,NaN,NaN,27873
20220309,30947,5.861,7861,0,6587,12:15,Fine,18,23,NaN,NaN,NaN,NaN,27987
20220308,5140,0.973,53,0,1207,12:05,Showers,20,22,NaN,NaN,NaN,NaN,28099
20220307,16606,3.145,7160,0,5592,15:10,Mostly Cloudy,21,27,NaN,NaN,NaN,NaN,28209
20220306,19404,3.675,9366,0,7593,13:10,Mostly Cloudy,20,22,NaN,NaN,NaN,NaN,28317
20220305,35282,6.682,24016,0,7753,15:45,Fine,20,27,NaN,NaN,NaN,NaN,28423
20220304,34154,6.469,24370,0,7890,13:30,Fine,20,25,NaN,NaN,NaN,NaN,28527
20220303,26902,5.095,15701,0,7199,13:05,Fine,19,25,NaN,NaN,NaN,NaN,28629
20220302,7801,1.477,2489,0,2923,13:30,Cloudy,19,23,NaN,NaN,NaN,NaN,28729
20220301,25488,4.827,15663,0,5999,13:05,Partly Cloudy,19,23,NaN,NaN,NaN,NaN,28827
20220228,21346,4.043,13252,0,5429,14:15,Partly Cloudy,20,25,NaN,NaN,NaN,NaN,28923
20220227,0,0.000,0,0,0,21:45,Not Sure,20,26,NaN,NaN,NaN,NaN,29016
20220226,6584,1.247,2410,0,2689,12:45,Cloudy,24,35,NaN,NaN,NaN,NaN,29108
20220225,14553,2.756,6596,0,6906,16:35,Mostly Cloudy,21,24,NaN,NaN,NaN,NaN,29197
20220224,23501,4.451,11552,0,7707,14:45,Partly Cloudy,20,27,NaN,NaN,NaN,NaN,29284
20220223,27597,5.227,17512,0,7341,14:05,Fine,19,25,NaN,NaN,NaN,NaN,29369
20220222,4804,0.910,699,0,1553,16:35,Showers,20,24,NaN,NaN,NaN,NaN,29452
20220221,47383,8.974,18879,0,7891,12:05,Fine,22,29,NaN,NaN,NaN,NaN,29533
20220220,47561,9.008,26803,0,7900,14:10,Fine,19,29,NaN,NaN,NaN,NaN,29612
20220219,17840,3.379,11288,0,7341,14:05,Mostly Cloudy,20,22,NaN,NaN,NaN,NaN,29688
20220218,46308,8.770,17908,0,7913,14:10,Fine,20,28,NaN,NaN,NaN,NaN,29763
20220217,47315,8.961,19492,0,7917,14:55,Fine,20,33,NaN,NaN,NaN,NaN,29835
20220216,45065,8.535,35371,0,7902,14:55,Fine,19,29,NaN,NaN,NaN,NaN,29905
20220215,44017,8.337,32956,0,7885,11:55,Fine,19,29,NaN,NaN,NaN,NaN,29973
20220214,50184,9.505,40988,0,7892,14:40,Fine,17,28,NaN,NaN,NaN,NaN,30039
20220213,42926,8.130,35457,0,7863,10:25,Fine,17,26,NaN,NaN,NaN,NaN,30103
20220212,18995,3.598,11043,0,5897,11:30,Mostly Cloudy,21,25,NaN,NaN,NaN,NaN,30165
20220211,24021,4.549,14978,0,7487,15:00,Partly Cloudy,20,23,NaN,NaN,NaN,NaN,30225
20220210,48422,9.171,23874,0,7914,13:25,Fine,19,33,NaN,NaN,NaN,NaN,30282
20220209,49485,9.372,29083,0,7817,12:10,Fine,17,31,NaN,NaN,NaN,NaN,30339
20220208,31191,5.907,21433,0,7793,14:35,Fine,15,25,NaN,NaN,NaN,NaN,30393
20220207,34355,6.507,25590,0,7348,13:55,Fine,18,23,NaN,NaN,NaN,NaN,30445
20220206,46485,8.804,37433,0,7844,16:05,Fine,19,25,NaN,NaN,NaN,NaN,30496
20220205,37573,7.116,29295,0,7904,15:55,Fine,16,25,NaN,NaN,NaN,NaN,30544
20220204,35287,6.683,24426,0,7408,11:50,Fine,16,22,NaN,NaN,NaN,NaN,30591
20220203,41382,7.838,31107,0,7881,12:30,Fine,18,22,NaN,NaN,NaN,NaN,30636
20220202,12550,2.377,5214,0,4296,13:40,Cloudy,19,22,NaN,NaN,NaN,NaN,30679
20220201,41657,7.890,14120,0,7899,14:25,Fine,22,35,NaN,NaN,NaN,NaN,30721
20220131,45767,8.668,18244,0,7917,14:35,Fine,21,30,NaN,NaN,NaN,NaN,30760
20220130,53209,10.077,24846,0,7920,16:00,Fine,22,29,NaN,NaN,NaN,NaN,30798
20220129,45404,8.599,23770,0,7734,15:20,Fine,22,30,NaN,NaN,NaN,NaN,30835
20220128,48036,9.098,30089,0,7906,14:45,Fine,22,29,NaN,NaN,NaN,NaN,30869
20220127,42980,8.140,31889,0,7895,15:00,Fine,21,29,NaN,NaN,NaN,NaN,30903
20220126,42896,8.124,31752,0,7870,15:25,Fine,20,27,NaN,NaN,NaN,NaN,30935
20220125,44554,8.438,33301,0,7763,15:40,Fine,20,26,NaN,NaN,NaN,NaN,30966
20220124,41620,7.883,30684,0,7812,13:55,Fine,18,25,NaN,NaN,NaN,NaN,30995
20220123,48301,9.148,38231,0,7724,15:40,Fine,18,24,NaN,NaN,NaN,NaN,31023
20220122,45029,8.528,37469,0,7504,13:50,Fine,17,24,NaN,NaN,NaN,NaN,31049
20220121,34742,6.580,24821,0,7595,11:45,Fine,17,25,NaN,NaN,NaN,NaN,31074
20220120,44476,8.423,34473,0,7490,13:35,Fine,20,25,NaN,NaN,NaN,NaN,31097
20220119,20694,3.919,8929,0,7419,13:15,Mostly Cloudy,18,23,NaN,NaN,NaN,NaN,31120
20220118,23159,4.386,11278,0,4982,12:10,Partly Cloudy,21,23,NaN,NaN,NaN,NaN,31141
20220117,45795,8.673,34205,0,7845,12:05,Fine,21,31,NaN,NaN,NaN,NaN,31162
20220116,42892,8.123,29390,0,7870,15:15,Fine,21,26,NaN,NaN,NaN,NaN,31181
20220115,35272,6.680,22758,0,7800,15:30,Fine,21,29,NaN,NaN,NaN,NaN,31199
20220114,47073,8.915,35240,0,7876,14:10,Fine,19,28,NaN,NaN,NaN,NaN,31216
20220113,30798,5.833,21761,0,6521,14:05,Fine,18,25,NaN,NaN,NaN,NaN,31232
20220112,32546,6.164,15874,0,7910,11:05,Fine,21,25,NaN,NaN,NaN,NaN,31247
20220111,34726,6.577,13309,0,7260,12:20,Fine,22,28,NaN,NaN,NaN,NaN,31261
20220110,44023,8.338,32232,0,7793,13:45,Fine,21,28,NaN,NaN,NaN,NaN,31274
20220109,30728,5.820,19871,0,7580,15:30,Fine,20,23,NaN,NaN,NaN,NaN,31287
20220108,51810,9.812,26412,0,7895,15:15,Fine,19,31,NaN,NaN,NaN,NaN,31299
20220107,27402,5.190,10727,0,6428,14:40,Fine,22,27,NaN,NaN,NaN,NaN,31310
20220106,43017,8.147,22517,0,7768,13:35,Fine,21,28,NaN,NaN,NaN,NaN,31320
20220105,27511,5.210,8523,0,7468,13:45,Fine,20,26,NaN,NaN,NaN,NaN,31329
20220104,42884,8.122,22407,0,7432,16:00,Fine,21,28,NaN,NaN,NaN,NaN,31338
20220103,54612,10.343,23444,0,7863,15:15,Fine,21,27,NaN,NaN,NaN,NaN,31346
20220102,54518,10.325,40198,0,7875,15:05,Fine,21,29,NaN,NaN,NaN,NaN,31353
20220101,48085,9.107,26670,0,7907,13:20,Fine,21,28,NaN,NaN,NaN,NaN,31360
20211231,61957,11.734,30119,0,7902,11:35,Fine,18,29,NaN,NaN,NaN,NaN,31366
20211230,37504,7.103,22403,0,7908,15:15,Fine,16,26,NaN,NaN,NaN,NaN,31372
20211229,42529,8.055,28609,0,7808,13:20,Fine,14,23,NaN,NaN,NaN,NaN,31377
20211228,40889,7.744,27482,0,7823,10:20,Fine,16,21,NaN,NaN,NaN,NaN,31382
20211227,35369,6.699,20158,0,7371,12:50,Fine,18,21,NaN,NaN,NaN,NaN,31386
20211226,32835,6.219,20442,0,7818,13:30,Fine,20,24,NaN,NaN,NaN,NaN,31389
20211225,36220,6.860,28373,0,7896,11:50,Fine,20,30,NaN,NaN,NaN,NaN,31392
20211224,44145,8.361,34835,0,7877,15:10,Fine,19,24,NaN,NaN,NaN,NaN,31394
20211223,22789,4.316,16236,0,6536,15:25,Partly Cloudy,20,27,NaN,NaN,NaN,NaN,31396
20211222,38494,7.291,33286,0,7896,14:10,Fine,21,26,NaN,NaN,NaN,NaN,31397
20211221,45073,8.537,40324,0,7879,11:35,Fine,21,29,NaN,NaN,NaN,NaN,31398
20211220,48464,9.179,42316,0,7919,11:45,Fine,20,29,NaN,NaN,NaN,NaN,31399
20211219,39643,7.508,31856,0,7442,14:55,Fine,21,35,NaN,NaN,NaN,NaN,31399
20211218,52373,9.919,42283,0,7919,12:05,Fine,19,31,NaN,NaN,NaN,NaN,31398
20211217,42814,8.109,32449,0,7891,15:10,Fine,17,25,NaN,NaN,NaN,NaN,31397
20211216,32273,6.112,24132,0,7560,11:20,Fine,19,24,NaN,NaN,NaN,NaN,31396
20211215,57225,10.838,41942,0,7919,14:50,Fine,17,29,NaN,NaN,NaN,NaN,31394
20211214,57044,10.804,46237,0,7884,14:15,Fine,15,24,NaN,NaN,NaN,NaN,31391
20211213,52310,9.907,38326,0,7909,15:15,Fine,15,22,NaN,NaN,NaN,NaN,31388
20211212,55230,10.460,42366,0,7856,15:25,Fine,15,20,NaN,NaN,NaN,NaN,31384
20211211,51447,9.744,41181,0,7895,15:30,Fine,15,20,NaN,NaN,NaN,NaN,31379
20211210,26198,4.962,16309,0,7485,10:25,Partly Cloudy,14,22,NaN,NaN,NaN,NaN,31374
20211209,36081,6.834,25425,0,7838,11:15,Fine,16,22,NaN,NaN,NaN,NaN,31369
20211208,18882,3.576,11493,0,4940,11:15,Mostly Cloudy,17,19,NaN,NaN,NaN,NaN,31363
20211207,35368,6.698,26134,0,7746,12:10,Fine,17,28,NaN,NaN,NaN,NaN,31356
20211206,25711,4.870,14775,0,5521,11:40,Partly Cloudy,16,23,NaN,NaN,NaN,NaN,31349
20211205,17234,3.264,8705,0,4215,11:30,Mostly Cloudy,16,19,NaN,NaN,NaN,NaN,31340
20211204,32853,6.222,20207,0,7496,13:55,Fine,17,21,NaN,NaN,NaN,NaN,31331
20211203,39100,7.405,30131,0,7902,11:30,Fine,19,28,NaN,NaN,NaN,NaN,31322
20211202,46096,8.730,35481,0,7920,12:25,Fine,19,27,NaN,NaN,NaN,NaN,31311
20211201,47089,8.918,30776,0,7906,11:10,Fine,19,27,NaN,NaN,NaN,NaN,31300
20211130,20235,3.832,8247,0,4081,13:15,Mostly Cloudy,17,21,NaN,NaN,NaN,NaN,31287
20211129,43260,8.193,30074,0,7434,12:00,Fine,14,21,NaN,NaN,NaN,NaN,31274
20211128,40905,7.747,26317,0,7868,11:20,Fine,15,19,NaN,NaN,NaN,NaN,31260
20211127,28735,5.442,16469,0,7335,14:20,Fine,15,18,NaN,NaN,NaN,NaN,31245
20211126,17001,3.220,5018,0,5074,12:45,Mostly Cloudy,16,18,NaN,NaN,NaN,NaN,31229
20211125,20206,3.827,10104,0,5073,12:45,Mostly Cloudy,19,25,NaN,NaN,NaN,NaN,31212
20211124,35405,6.705,25225,0,7828,14:35,Fine,17,26,NaN,NaN,NaN,NaN,31193
20211123,31486,5.963,20641,0,7785,13:45,Fine,16,20,NaN,NaN,NaN,NaN,31174
20211122,36041,6.826,23987,0,7786,11:00,Fine,15,19,NaN,NaN,NaN,NaN,31153
20211121,10516,1.992,2724,0,2591,11:45,Cloudy,14,16,NaN,NaN,NaN,NaN,31132
20211120,17187,3.255,8702,0,3880,11:30,Mostly Cloudy,16,19,NaN,NaN,NaN,NaN,31109
20211119,28423,5.383,18485,0,7860,12:30,Fine,18,29,NaN,NaN,NaN,NaN,31084
20211118,55262,10.466,43365,0,7915,14:50,Fine,15,24,NaN,NaN,NaN,NaN,31059
20211117,43963,8.326,32091,0,7694,13:35,Fine,13,20,NaN,NaN,NaN,NaN,31032
20211116,56857,10.768,45005,0,7859,15:10,Fine,13,19,NaN,NaN,NaN,NaN,31004
20211115,50113,9.491,38040,0,7917,11:05,Fine,12,23,NaN,NaN,NaN,NaN,30974
20211114,37635,7.128,27679,0,7091,13:25,Fine,13,23,NaN,NaN,NaN,NaN,30943
20211113,43412,8.222,33723,0,7802,12:10,Fine,15,22,NaN,NaN,NaN,NaN,30910
20211112,35329,6.691,22945,0,7462,15:20,Fine,13,19,NaN,NaN,NaN,NaN,30876
20211111,17938,3.397,8916,0,5183,12:15,Mostly Cloudy,17,18,NaN,NaN,NaN,NaN,30840
20211110,10857,2.056,2390,0,2725,16:20,Cloudy,19,22,NaN,NaN,NaN,NaN,30803
20211109,47011,8.904,31589,0,7798,15:30,Fine,16,23,NaN,NaN,NaN,NaN,30764
20211108,43464,8.232,32906,0,7706,10:25,Fine,17,23,NaN,NaN,NaN,NaN,30723
20211107,17523,3.319,6393,0,5319,11:30,Mostly Cloudy,17,25,NaN,NaN,NaN,NaN,30681
20211106,53866,10.202,36067,0,7893,14:30,Fine,17,25,NaN,NaN,NaN,NaN,30636
20211105,30623,5.800,21770,0,7797,15:45,Fine,16,23,NaN,NaN,NaN,NaN,30590
20211104,16180,3.064,4073,0,2625,14:55,Mostly Cloudy,18,22,NaN,NaN,NaN,NaN,30543
20211103,50864,9.633,40885,0,7800,13:40,Fine,17,25,NaN,NaN,NaN,NaN,30493
20211102,51081,9.674,35265,0,7876,11:05,Fine,16,25,NaN,NaN,NaN,NaN,30441
20211101,40180,7.610,29564,0,7780,12:50,Fine,13,23,NaN,NaN,NaN,NaN,30388
20211031,40693,7.707,31339,0,7835,15:40,Fine,12,21,NaN,NaN,NaN,NaN,30333
20211030,32214,6.101,23570,0,7864,13:20,Fine,16,18,NaN,NaN,NaN,NaN,30275
20211029,47970,9.085,36410,0,7920,12:55,Fine,19,34,NaN,NaN,NaN,NaN,30217
20211028,45251,8.570,34771,0,7795,14:35,Fine,16,30,NaN,NaN,NaN,NaN,30156
20211027,48449,9.176,37767,0,7901,11:25,Fine,16,24,NaN,NaN,NaN,NaN,30093
20211026,40525,7.675,30075,0,7831,15:05,Fine,13,21,NaN,NaN,NaN,NaN,30028
20211025,54997,10.416,44361,0,7834,14:50,Fine,14,22,NaN,NaN,NaN,NaN,29961
20211024,45575,8.632,35609,0,7892,14:45,Fine,16,21,NaN,NaN,NaN,NaN,29891
20211023,52611,9.964,33743,0,7917,13:30,Fine,16,27,NaN,NaN,NaN,NaN,29820
20211022,44529,8.434,31358,0,7908,14:55,Fine,16,23,NaN,NaN,NaN,NaN,29747
20211021,44153,8.362,33347,0,7860,14:25,Fine,14,23,NaN,NaN,NaN,NaN,29671
20211020,49964,9.463,36261,0,7888,14:30,Fine,12,21,NaN,NaN,NaN,NaN,29594
20211019,37532,7.108,27501,0,7915,11:40,Fine,15,23,NaN,NaN,NaN,NaN,29514
20211018,50916,9.643,34592,0,7887,14:00,Fine,13,27,NaN,NaN,NaN,NaN,29433
20211017,42339,8.019,34432,0,7867,14:30,Fine,11,21,NaN,NaN,NaN,NaN,29350
20211016,36584,6.929,26287,0,7549,14:30,Fine,12,22,NaN,NaN,NaN,NaN,29264
20211015,37816,7.162,27217,0,7899,11:55,Fine,12,22,NaN,NaN,NaN,NaN,29176
20211014,28091,5.320,18317,0,7782,14:25,Fine,17,24,NaN,NaN,NaN,NaN,29086
20211013,22275,4.219,11381,0,5826,12:40,Partly Cloudy,13,17,NaN,NaN,NaN,NaN,28994
20211012,22603,4.281,10480,0,6124,13:55,Partly Cloudy,13,18,NaN,NaN,NaN,NaN,28900
20211011,14881,2.818,5188,0,3885,14:00,Mostly Cloudy,10,14,NaN,NaN,NaN,NaN,28804
20211010,21483,4.069,12289,0,7843,13:30,Partly Cloudy,16,26,NaN,NaN,NaN,NaN,28705
20211009,51018,9.662,37310,0,7856,12:20,Fine,14,27,NaN,NaN,NaN,NaN,28605
20211008,41941,7.943,29816,0,7883,12:00,Fine,15,22,NaN,NaN,NaN,NaN,28503
20211007,48013,9.093,33635,0,7912,12:50,Fine,12,31,NaN,NaN,NaN,NaN,28399
20211006,52375,9.920,41447,0,7892,13:20,Fine,11,23,NaN,NaN,NaN,NaN,28293
20211005,51242,9.705,40955,0,7884,11:45,Fine,13,22,NaN,NaN,NaN,NaN,28185
20211004,48269,9.142,33124,0,7894,12:35,Fine,16,27,NaN,NaN,NaN,NaN,28074
20211003,38716,7.333,27195,0,7840,11:30,Fine,12,25,NaN,NaN,NaN,NaN,27962
20211002,35519,6.727,24027,0,7774,11:10,Fine,12,23,NaN,NaN,NaN,NaN,27848
20211001,38104,7.217,26265,0,7854,11:55,Fine,14,25,NaN,NaN,NaN,NaN,27732
20210930,37157,7.037,27193,0,7531,10:20,Fine,14,24,NaN,NaN,NaN,NaN,27615
20210929,16604,3.145,7947,0,6302,09:10,Mostly Cloudy,14,22,NaN,NaN,NaN,NaN,27495
20210928,43853,8.305,31877,0,7833,12:00,Fine,10,22,NaN,NaN,NaN,NaN,27374
20210927,36764,6.963,25515,0,7839,12:40,Fine,9,19,NaN,NaN,NaN,NaN,27251
20210926,37918,7.181,23963,0,7420,12:15,Fine,12,15,NaN,NaN,NaN,NaN,27125
20210925,47399,8.977,36921,0,7918,11:50,Fine,13,19,NaN,NaN,NaN,NaN,26999
20210924,43959,8.326,33134,0,7810,11:35,Fine,12,27,NaN,NaN,NaN,NaN,26871
20210923,47423,8.982,36860,0,7595,11:30,Fine,9,27,NaN,NaN,NaN,NaN,26741
20210922,50456,9.556,39603,0,7888,12:25,Fine,8,17,NaN,NaN,NaN,NaN,26610
20210921,43305,8.202,33513,0,7899,13:00,Fine,9,15,NaN,NaN,NaN,NaN,26477
20210920,50576,9.579,41123,0,7642,12:40,Fine,13,27,NaN,NaN,NaN,NaN,26343
20210919,50830,9.627,39658,0,7680,11:25,Fine,9,24,NaN,NaN,NaN,NaN,26207
20210918,16433,3.112,7630,0,3774,11:45,Mostly Cloudy,15,25,NaN,NaN,NaN,NaN,26070
20210917,49890,9.449,39518,0,7748,12:45,Fine,9,21,NaN,NaN,NaN,NaN,25931
20210916,40601,7.690,29177,0,7870,11:55,Fine,8,16,NaN,NaN,NaN,NaN,25792
20210915,37236,7.052,27982,0,7918,12:25,Fine,8,16,NaN,NaN,NaN,NaN,25651
20210914,31941,6.049,22758,0,7335,10:10,Fine,10,14,NaN,NaN,NaN,NaN,25509
20210913,26690,5.055,16887,0,7795,10:35,Fine,11,17,NaN,NaN,NaN,NaN,25365
20210912,46668,8.839,32635,0,7244,12:35,Fine,16,31,NaN,NaN,NaN,NaN,25220
20210911,46839,8.871,36840,0,7154,12:00,Fine,12,30,NaN,NaN,NaN,NaN,25075
20210910,35206,6.668,26353,0,7628,11:40,Fine,14,24,NaN,NaN,NaN,NaN,24929
20210909,43942,8.322,34906,0,7776,12:25,Fine,10,28,NaN,NaN,NaN,NaN,24782
20210908,45664,8.648,36801,0,7178,12:25,Fine,9,23,NaN,NaN,NaN,NaN,24634
20210907,47187,8.937,35865,0,7361,11:20,Fine,6,24,NaN,NaN,NaN,NaN,24485
20210906,40990,7.763,29787,0,7848,11:15,Fine,8,17,NaN,NaN,NaN,NaN,24335
20210905,34395,6.514,23928,0,7792,11:45,Fine,13,19,NaN,NaN,NaN,NaN,24185
20210904,17468,3.308,8524,0,5332,11:50,Mostly Cloudy,14,23,NaN,NaN,NaN,NaN,24034
20210903,42464,8.042,32047,0,6795,12:20,Fine,14,23,NaN,NaN,NaN,NaN,23883
20210902,26649,5.047,16323,0,7118,11:15,Fine,13,22,NaN,NaN,NaN,NaN,23731
20210901,42577,8.064,31448,0,6773,12:45,Fine,10,24,NaN,NaN,NaN,NaN,23579
20210831,42761,8.099,30643,0,6795,12:25,Fine,8,22,NaN,NaN,NaN,NaN,23427
20210830,38895,7.366,27357,0,7291,11:55,Fine,7,19,NaN,NaN,NaN,NaN,23274
20210829,22022,4.171,11519,0,6806,13:05,Partly Cloudy,7,18,NaN,NaN,NaN,NaN,23121
20210828,18718,3.545,6532,0,6692,13:45,Mostly Cloudy,11,17,NaN,NaN,NaN,NaN,22968
20210827,33140,6.277,23151,0,7595,11:50,Fine,8,19,NaN,NaN,NaN,NaN,22815
20210826,28312,5.362,15181,0,6497,11:00,Fine,8,16,NaN,NaN,NaN,NaN,22662
20210825,21817,4.132,7613,0,6233,12:00,Partly Cloudy,7,16,NaN,NaN,NaN,NaN,22509
20210824,2582,0.489,0,0,1712,11:40,Showers,9,12,NaN,NaN,NaN,NaN,22357
20210823,19112,3.620,8493,0,6351,10:40,Mostly Cloudy,15,26,NaN,NaN,NaN,NaN,22204
20210822,35627,6.748,26560,0,6319,12:25,Fine,10,26,NaN,NaN,NaN,NaN,22052
20210821,25226,4.778,14144,0,6636,12:20,Partly Cloudy,13,23,NaN,NaN,NaN,NaN,21900
20210820,38026,7.202,26068,0,6437,12:20,Fine,9,23,NaN,NaN,NaN,NaN,21749
20210819,36610,6.934,24086,0,6578,12:15,Fine,8,21,NaN,NaN,NaN,NaN,21598
20210818,34230,6.483,19252,0,7547,12:45,Fine,8,18,NaN,NaN,NaN,NaN,21448
20210817,38872,7.362,28433,0,6660,12:30,Fine,9,17,NaN,NaN,NaN,NaN,21299
20210816,37297,7.064,25794,0,6418,12:20,Fine,9,23,NaN,NaN,NaN,NaN,21151
20210815,38149,7.225,22469,0,6659,12:30,Fine,8,21,NaN,NaN,NaN,NaN,21003
20210814,35448,6.714,24577,0,6536,12:20,Fine,8,19,NaN,NaN,NaN,NaN,20857
20210813,37117,7.030,27323,0,6437,12:20,Fine,8,20,NaN,NaN,NaN,NaN,20711
20210812,36164,6.849,26046,0,6533,12:15,Fine,14,21,NaN,NaN,NaN,NaN,20567
20210811,33407,6.327,21762,0,6236,12:25,Fine,12,25,NaN,NaN,NaN,NaN,20423
20210810,29494,5.586,16933,0,6422,12:40,Fine,9,22,NaN,NaN,NaN,NaN,20281
20210809,29615,5.609,16794,0,7634,12:30,Fine,10,19,NaN,NaN,NaN,NaN,20140
20210808,13807,2.615,2640,0,3758,12:55,Mostly Cloudy,9,17,NaN,NaN,NaN,NaN,20001
20210807,35208,6.668,21229,0,6311,12:25,Fine,7,19,NaN,NaN,NaN,NaN,19863
20210806,34774,6.586,23953,0,6233,12:20,Fine,8,21,NaN,NaN,NaN,NaN,19726
20210805,30834,5.840,19477,0,6111,11:50,Fine,8,19,NaN,NaN,NaN,NaN,19592
20210804,33704,6.383,21461,0,6446,12:10,Fine,8,16,NaN,NaN,NaN,NaN,19459
20210803,32339,6.125,21396,0,6212,12:20,Fine,12,20,NaN,NaN,NaN,NaN,19328
20210802,29225,5.535,17314,0,6672,12:45,Fine,8,19,NaN,NaN,NaN,NaN,19198
20210801,18216,3.450,8843,0,5982,11:30,Mostly Cloudy,16,25,NaN,NaN,NaN,NaN,19071
20210731,22840,4.326,12553,0,5989,10:25,Partly Cloudy,7,22,NaN,NaN,NaN,NaN,18945
20210730,33105,6.270,19846,0,6104,12:15,Fine,6,18,NaN,NaN,NaN,NaN,18822
20210729,32589,6.172,19736,0,6125,12:10,Fine,11,18,NaN,NaN,NaN,NaN,18700
20210728,25667,4.861,15752,0,5726,12:15,Partly Cloudy,11,26,NaN,NaN,NaN,NaN,18581
20210727,30536,5.783,16223,0,6268,12:25,Fine,9,21,NaN,NaN,NaN,NaN,18464
20210726,21157,4.007,7422,0,7102,12:10,Partly Cloudy,9,19,NaN,NaN,NaN,NaN,18350
20210725,29443,5.576,13467,0,6293,12:30,Fine,10,15,NaN,NaN,NaN,NaN,18238
20210724,22646,4.289,9929,0,6024,12:20,Partly Cloudy,10,18,NaN,NaN,NaN,NaN,18128
20210723,14418,2.731,5537,0,5936,11:30,Mostly Cloudy,10,17,NaN,NaN,NaN,NaN,18021
20210722,30952,5.862,5855,0,5855,12:10,Fine,5,17,NaN,NaN,NaN,NaN,17916
20210721,18087,3.426,2435,0,6128,12:25,Mostly Cloudy,8,14,NaN,NaN,NaN,NaN,17814
20210720,19956,3.780,7745,0,6428,11:10,Mostly Cloudy,7,17,NaN,NaN,NaN,NaN,17715
20210719,25120,4.758,10933,0,6236,13:15,Partly Cloudy,7,16,NaN,NaN,NaN,NaN,17619
20210718,29676,5.620,18530,0,5711,12:10,Fine,9,18,NaN,NaN,NaN,NaN,17526
20210717,24155,4.575,6717,0,6574,12:20,Partly Cloudy,11,15,NaN,NaN,NaN,NaN,17435
20210716,24911,4.718,14328,0,6568,13:05,Partly Cloudy,10,19,NaN,NaN,NaN,NaN,17347
20210715,23583,4.466,13341,0,6570,12:15,Partly Cloudy,12,22,NaN,NaN,NaN,NaN,17263
20210714,4290,0.812,6,0,1495,11:45,Showers,11,16,NaN,NaN,NaN,NaN,17181
20210713,25626,4.853,13911,0,6397,11:55,Partly Cloudy,8,20,NaN,NaN,NaN,NaN,17103
20210712,21769,4.123,10978,0,5301,13:10,Partly Cloudy,8,17,NaN,NaN,NaN,NaN,17027
20210711,22411,4.245,11023,0,6965,11:30,Partly Cloudy,9,16,NaN,NaN,NaN,NaN,16955
20210710,9180,1.739,0,0,2373,11:15,Cloudy,10,14,NaN,NaN,NaN,NaN,16886
20210709,5260,0.996,0,0,1606,10:30,Showers,8,13,NaN,NaN,NaN,NaN,16821
20210708,23694,4.488,5015,0,4813,12:05,Partly Cloudy,5,17,NaN,NaN,NaN,NaN,16758
20210707,21785,4.126,4255,0,6187,10:50,Partly Cloudy,5,16,NaN,NaN,NaN,NaN,16699
20210706,26616,5.041,7988,0,5506,11:55,Fine,6,16,NaN,NaN,NaN,NaN,16644
20210705,27266,5.164,15774,0,5470,11:55,Fine,6,17,NaN,NaN,NaN,NaN,16592
20210704,27991,5.301,14039,0,5530,11:55,Fine,8,16,NaN,NaN,NaN,NaN,16543
20210703,26726,5.062,15856,0,5343,11:55,Fine,8,20,NaN,NaN,NaN,NaN,16498
20210702,20153,3.817,8978,0,5345,11:55,Mostly Cloudy,10,20,NaN,NaN,NaN,NaN,16456
20210701,12882,2.440,5298,0,5622,12:20,Cloudy,10,16,NaN,NaN,NaN,NaN,16418
20210630,14736,2.791,5314,0,7096,11:30,Mostly Cloudy,10,17,NaN,NaN,NaN,NaN,16384
20210629,13469,2.551,3657,0,6066,12:10,Mostly Cloudy,10,16,NaN,NaN,NaN,NaN,16353
20210628,12706,2.406,1917,0,4272,09:30,Cloudy,7,16,NaN,NaN,NaN,NaN,16326
20210627,27081,5.129,15844,0,5418,11:55,Fine,7,19,NaN,NaN,NaN,NaN,16302
20210626,24962,4.728,14260,0,5969,11:35,Partly Cloudy,9,18,NaN,NaN,NaN,NaN,16283
20210625,26770,5.070,18963,0,5353,11:55,Fine,12,20,NaN,NaN,NaN,NaN,16266
20210624,12699,2.405,5771,0,5435,12:10,Cloudy,13,22,NaN,NaN,NaN,NaN,16254
20210623,18795,3.560,8459,0,5426,12:20,Mostly Cloudy,10,19,NaN,NaN,NaN,NaN,16245
20210622,14720,2.788,4888,0,6449,12:15,Mostly Cloudy,9,16,NaN,NaN,NaN,NaN,16240
20210621,15866,3.005,6706,0,7019,11:30,Mostly Cloudy,10,15,NaN,NaN,NaN,NaN,16239
20210620,10842,2.053,6196,0,4787,13:00,Cloudy,12,14,NaN,NaN,NaN,NaN,16241
20210619,6806,1.289,199,0,2229,11:25,Cloudy,11,15,NaN,NaN,NaN,NaN,16247
20210618,25872,4.900,3363,0,5985,11:55,Partly Cloudy,8,19,NaN,NaN,NaN,NaN,16257
20210617,26721,5.061,15301,0,5352,11:50,Fine,9,18,NaN,NaN,NaN,NaN,16271
20210616,26282,4.978,18170,0,5234,11:50,Partly Cloudy,8,19,NaN,NaN,NaN,NaN,16288
20210615,12455,2.359,3587,0,3802,12:45,Cloudy,11,17,NaN,NaN,NaN,NaN,16309
20210614,16537,3.132,7329,0,5180,09:50,Mostly Cloudy,9,17,NaN,NaN,NaN,NaN,16333
20210613,26919,5.098,20587,0,5399,11:50,Fine,7,19,NaN,NaN,NaN,NaN,16362
20210612,26606,5.039,13577,0,6063,11:45,Fine,7,18,NaN,NaN,NaN,NaN,16394
20210611,22684,4.296,4475,0,5651,11:15,Partly Cloudy,4,16,NaN,NaN,NaN,NaN,16429
20210610,6836,1.295,0,0,1583,09:50,Cloudy,6,11,NaN,NaN,NaN,NaN,16468
20210609,25926,4.910,8829,0,5649,11:40,Partly Cloudy,9,16,NaN,NaN,NaN,NaN,16511
20210608,13098,2.481,4793,0,5377,13:40,Cloudy,17,33,NaN,NaN,NaN,NaN,16557
20210607,25764,4.880,9624,0,5458,11:30,Partly Cloudy,14,33,NaN,NaN,NaN,NaN,16607
20210606,27271,5.165,15841,0,5380,11:50,Fine,13,35,NaN,NaN,NaN,NaN,16661
20210605,27542,5.216,14316,0,5512,11:50,Fine,15,34,NaN,NaN,NaN,NaN,16718
20210604,22197,4.204,10420,0,5375,11:50,Partly Cloudy,16,37,NaN,NaN,NaN,NaN,16778
20210603,4293,0.813,121,0,1130,09:00,Showers,16,28,NaN,NaN,NaN,NaN,16842
20210602,27169,5.146,17277,0,5352,11:55,Fine,15,37,NaN,NaN,NaN,NaN,16909
20210601,25335,4.798,15189,0,6735,11:10,Partly Cloudy,14,36,NaN,NaN,NaN,NaN,16980
20210531,27955,5.295,13957,0,5455,11:55,Fine,15,36,NaN,NaN,NaN,NaN,17053
20210530,14676,2.780,4618,0,4235,09:35,Mostly Cloudy,16,33,NaN,NaN,NaN,NaN,17130
20210529,17749,3.362,7582,0,5885,11:15,Mostly Cloudy,14,34,NaN,NaN,NaN,NaN,17211
20210528,30081,5.697,19730,0,5837,11:50,Fine,15,36,NaN,NaN,NaN,NaN,17294
20210527,29666,5.619,21779,0,5727,11:55,Fine,17,36,NaN,NaN,NaN,NaN,17381
20210526,28998,5.492,17168,0,5732,11:55,Fine,14,22,NaN,NaN,NaN,NaN,17470
20210525,27868,5.278,19435,0,5603,11:55,Fine,12,22,NaN,NaN,NaN,NaN,17563
20210524,13431,2.544,5961,0,4870,13:15,Mostly Cloudy,12,19,NaN,NaN,NaN,NaN,17658
20210523,18886,3.577,8912,0,6711,11:25,Mostly Cloudy,10,19,NaN,NaN,NaN,NaN,17757
20210522,29777,5.640,18399,0,5612,11:55,Fine,8,18,NaN,NaN,NaN,NaN,17858
20210521,8080,1.530,545,0,2833,10:10,Cloudy,9,17,NaN,NaN,NaN,NaN,17962
20210520,24956,4.727,12228,0,6226,11:05,Partly Cloudy,9,21,NaN,NaN,NaN,NaN,18069
20210519,31171,5.904,19144,0,5865,12:00,Fine,8,21,NaN,NaN,NaN,NaN,18179
20210518,30974,5.866,16959,0,5787,12:05,Fine,8,20,NaN,NaN,NaN,NaN,18291
20210517,28162,5.334,10885,0,6736,12:10,Fine,9,18,NaN,NaN,NaN,NaN,18406
20210516,32294,6.116,20215,0,6102,12:05,Fine,7,19,NaN,NaN,NaN,NaN,18523
20210515,22827,4.323,12504,0,7039,12:45,Partly Cloudy,11,17,NaN,NaN,NaN,NaN,18643
20210514,33130,6.275,21548,0,6240,12:05,Fine,13,20,NaN,NaN,NaN,NaN,18764
20210513,31016,5.874,17860,0,5869,12:05,Fine,13,24,NaN,NaN,NaN,NaN,18889
20210512,29409,5.570,13931,0,7144,12:00,Fine,13,19,NaN,NaN,NaN,NaN,19015
20210511,22787,4.316,13778,0,6343,11:05,Partly Cloudy,14,23,NaN,NaN,NaN,NaN,19144
20210510,30480,5.773,14195,0,5897,11:55,Fine,14,25,NaN,NaN,NaN,NaN,19274
20210509,11384,2.156,5382,0,2232,12:00,Cloudy,16,21,NaN,NaN,NaN,NaN,19407
20210508,27723,5.251,17397,0,7201,11:15,Fine,15,26,NaN,NaN,NaN,NaN,19541
20210507,22714,4.302,13335,0,6664,11:25,Partly Cloudy,17,21,NaN,NaN,NaN,NaN,19677
20210506,14258,2.700,4304,0,4366,12:45,Mostly Cloudy,17,21,NaN,NaN,NaN,NaN,19815
20210505,12152,2.302,4241,0,5245,14:00,Cloudy,14,19,NaN,NaN,NaN,NaN,19955
20210504,4292,0.813,245,0,1259,13:15,Showers,15,18,NaN,NaN,NaN,NaN,20096
20210503,32345,6.126,22133,0,5945,12:10,Fine,13,25,NaN,NaN,NaN,NaN,20239
20210502,26860,5.087,18666,0,6888,12:20,Fine,14,24,NaN,NaN,NaN,NaN,20384
20210501,22528,4.267,14508,0,6543,12:15,Partly Cloudy,14,23,NaN,NaN,NaN,NaN,20529
20210430,20258,3.837,12084,0,5888,14:15,Mostly Cloudy,12,22,NaN,NaN,NaN,NaN,20676
20210429,33513,6.347,14936,0,5892,12:45,Fine,13,23,NaN,NaN,NaN,NaN,20824
20210428,27276,5.166,19897,0,6853,10:20,Fine,14,22,NaN,NaN,NaN,NaN,20974
20210427,25602,4.849,14196,0,6751,11:45,Partly Cloudy,19,42,NaN,NaN,NaN,NaN,21124
20210426,37416,7.086,27708,0,6314,12:25,Fine,12,23,NaN,NaN,NaN,NaN,21275
20210425,35243,6.675,26184,0,7152,12:10,Fine,11,21,NaN,NaN,NaN,NaN,21428
20210424,37392,7.082,25713,0,7188,11:40,Fine,10,24,NaN,NaN,NaN,NaN,21581
20210423,39036,7.393,28619,0,6728,12:25,Fine,10,22,NaN,NaN,NaN,NaN,21735
20210422,37720,7.144,25936,0,6861,12:30,Fine,10,20,NaN,NaN,NaN,NaN,21889
20210421,37926,7.183,27923,0,7311,11:25,Fine,14,18,NaN,NaN,NaN,NaN,22044
20210420,31152,5.900,20186,0,6627,10:55,Fine,12,24,NaN,NaN,NaN,NaN,22200
20210419,39810,7.540,29149,0,6664,12:20,Fine,12,25,NaN,NaN,NaN,NaN,22356
20210418,30603,5.796,21538,0,6858,13:00,Fine,10,21,NaN,NaN,NaN,NaN,22512
20210417,9853,1.866,2264,0,3664,11:10,Cloudy,14,19,NaN,NaN,NaN,NaN,22669
20210416,31616,5.988,22214,0,7609,10:55,Fine,15,20,NaN,NaN,NaN,NaN,22826
20210415,41785,7.914,32971,0,6894,12:25,Fine,15,26,NaN,NaN,NaN,NaN,22983
20210414,32029,6.066,23919,0,7701,11:45,Fine,12,28,NaN,NaN,NaN,NaN,23140
20210413,21633,4.097,12697,0,3597,13:25,Partly Cloudy,10,23,NaN,NaN,NaN,NaN,23297
20210412,22245,4.213,13426,0,3775,13:10,Partly Cloudy,10,18,NaN,NaN,NaN,NaN,23454
20210411,22316,4.227,13660,0,3841,13:00,Partly Cloudy,13,19,NaN,NaN,NaN,NaN,23610
20210410,21017,3.980,13342,0,3632,12:45,Mostly Cloudy,16,24,NaN,NaN,NaN,NaN,23767
20210409,13134,2.488,5628,0,3576,13:45,Cloudy,17,30,NaN,NaN,NaN,NaN,23923
20210408,14770,2.797,6838,0,3955,13:05,Mostly Cloudy,18,25,NaN,NaN,NaN,NaN,24078
20210407,11038,2.091,5333,0,4267,11:55,Cloudy,19,26,NaN,NaN,NaN,NaN,24233
20210406,13173,2.495,4905,0,3743,12:00,Cloudy,19,25,NaN,NaN,NaN,NaN,24388
20210405,20365,3.857,12048,0,3840,12:15,Mostly Cloudy,17,25,NaN,NaN,NaN,NaN,24542
20210404,19168,3.630,10585,0,3775,13:00,Mostly Cloudy,16,30,NaN,NaN,NaN,NaN,24695
20210403,20863,3.951,12113,0,3722,13:40,Mostly Cloudy,16,26,NaN,NaN,NaN,NaN,24848
20210402,19321,3.659,9603,0,3696,14:20,Mostly Cloudy,16,26,NaN,NaN,NaN,NaN,24999
20210401,15273,2.893,7945,0,4038,14:20,Mostly Cloudy,15,24,NaN,NaN,NaN,NaN,25150
20210331,22763,4.311,15199,0,4238,13:40,Partly Cloudy,14,21,NaN,NaN,NaN,NaN,25300
20210330,21344,4.042,11916,0,4017,13:30,Partly Cloudy,17,20,NaN,NaN,NaN,NaN,25449
20210329,18060,3.420,8986,0,4181,13:20,Mostly Cloudy,15,24,NaN,NaN,NaN,NaN,25597
20210328,18604,3.523,10809,0,4206,13:55,Mostly Cloudy,17,24,NaN,NaN,NaN,NaN,25743
20210327,18850,3.570,11440,0,3836,15:05,Mostly Cloudy,17,27,NaN,NaN,NaN,NaN,25889
20210326,20622,3.906,13044,0,4566,15:05,Mostly Cloudy,15,23,NaN,NaN,NaN,NaN,26033
20210325,15392,2.915,8740,0,3963,13:45,Mostly Cloudy,18,28,NaN,NaN,NaN,NaN,26176
20210324,17033,3.226,11480,0,4471,14:05,Mostly Cloudy,16,30,NaN,NaN,NaN,NaN,26318
20210323,3142,0.595,344,0,1322,15:15,Showers,17,20,NaN,NaN,NaN,NaN,26458
20210322,3436,0.651,136,0,780,11:15,Showers,18,21,NaN,NaN,NaN,NaN,26596
20210321,2866,0.543,294,0,792,12:10,Showers,19,21,NaN,NaN,NaN,NaN,26734
20210320,1385,0.262,32,0,424,11:55,Showers,18,21,NaN,NaN,NaN,NaN,26869
20210319,9995,1.893,5880,0,3865,14:00,Cloudy,17,25,NaN,NaN,NaN,NaN,27003
20210318,1793,0.340,62,0,503,09:10,Showers,17,22,NaN,NaN,NaN,NaN,27136
20210317,10321,1.955,5475,0,4603,14:20,Cloudy,18,24,NaN,NaN,NaN,NaN,27266
20210316,9451,1.790,5071,0,2701,12:20,Cloudy,15,20,NaN,NaN,NaN,NaN,27395
20210315,26063,4.936,20384,0,4069,14:25,Partly Cloudy,12,20,NaN,NaN,NaN,NaN,27522
20210314,3531,0.669,732,0,1564,13:10,Showers,18,21,NaN,NaN,NaN,NaN,27648
20210313,18584,3.520,7511,0,4133,13:50,Mostly Cloudy,20,31,NaN,NaN,NaN,NaN,27771
20210312,11692,2.214,7343,0,3758,15:40,Cloudy,21,27,NaN,NaN,NaN,NaN,27893
20210311,13472,2.552,7930,0,4239,12:15,Mostly Cloudy,20,27,NaN,NaN,NaN,NaN,28012
20210310,13709,2.596,7653,0,3461,13:55,Mostly Cloudy,20,25,NaN,NaN,NaN,NaN,28130
20210309,18618,3.526,10001,0,4319,15:25,Mostly Cloudy,19,26,NaN,NaN,NaN,NaN,28246
20210308,14346,2.717,7072,0,4379,13:45,Mostly Cloudy,20,33,NaN,NaN,NaN,NaN,28360
20210307,21406,4.054,13202,0,4897,12:40,Partly Cloudy,16,26,NaN,NaN,NaN,NaN,28472
20210306,24341,4.610,17312,0,4909,14:25,Partly Cloudy,18,22,NaN,NaN,NaN,NaN,28581
20210305,22205,4.205,18992,0,4422,15:25,Partly Cloudy,18,22,NaN,NaN,NaN,NaN,28689
20210304,21597,4.090,21597,0,4174,13:00,Partly Cloudy,16,28,NaN,NaN,NaN,NaN,28794
20210303,23338,4.420,23338,0,4680,13:05,Partly Cloudy,18,21,NaN,NaN,NaN,NaN,28898
20210302,21845,4.137,20763,0,4483,14:45,Partly Cloudy,20,22,NaN,NaN,NaN,NaN,28999
20210301,25177,4.768,18133,0,3870,13:15,Partly Cloudy,20,30,NaN,NaN,NaN,NaN,29099
20210228,27624,5.232,21543,0,4078,13:15,Fine,20,26,NaN,NaN,NaN,NaN,29196
20210227,5823,1.103,944,0,1286,14:10,Cloudy,19,23,NaN,NaN,NaN,NaN,29291
20210226,25666,4.861,20849,0,4072,13:20,Partly Cloudy,18,26,NaN,NaN,NaN,NaN,29384
20210225,7400,1.402,2738,0,3753,13:35,Cloudy,18,23,NaN,NaN,NaN,NaN,29475
20210224,10674,2.022,5055,0,2312,16:45,Cloudy,16,21,NaN,NaN,NaN,NaN,29563
20210223,7214,1.366,1664,0,2288,14:25,Cloudy,19,21,NaN,NaN,NaN,NaN,29650
20210222,24579,4.655,10759,0,4111,13:25,Partly Cloudy,20,26,NaN,NaN,NaN,NaN,29734
20210221,25267,4.785,13313,0,4316,15:40,Partly Cloudy,21,28,NaN,NaN,NaN,NaN,29816
20210220,22935,4.344,14890,0,4499,13:50,Partly Cloudy,20,29,NaN,NaN,NaN,NaN,29896
20210219,18531,3.510,12322,0,3945,16:20,Mostly Cloudy,20,28,NaN,NaN,NaN,NaN,29974
20210218,14491,2.745,7820,0,3528,11:55,Mostly Cloudy,19,25,NaN,NaN,NaN,NaN,30050
20210217,15665,2.967,9045,0,4855,14:00,Mostly Cloudy,19,25,NaN,NaN,NaN,NaN,30123
20210216,14063,2.663,8129,0,4976,15:15,Mostly Cloudy,19,27,NaN,NaN,NaN,NaN,30194
20210215,17985,3.406,11353,0,4619,14:45,Mostly Cloudy,19,22,NaN,NaN,NaN,NaN,30264
20210214,20818,3.943,11566,0,4645,14:50,Mostly Cloudy,17,23,NaN,NaN,NaN,NaN,30331
20210213,5258,0.996,1141,0,1961,13:25,Showers,19,22,NaN,NaN,NaN,NaN,30396
20210212,19030,3.604,9473,0,4851,15:10,Mostly Cloudy,20,35,NaN,NaN,NaN,NaN,30459
20210211,27746,5.255,21010,0,4115,13:40,Fine,20,28,NaN,NaN,NaN,NaN,30520
20210210,21067,3.990,13745,0,4933,15:50,Mostly Cloudy,17,24,NaN,NaN,NaN,NaN,30579
20210209,22256,4.215,15270,0,4779,13:20,Partly Cloudy,19,23,NaN,NaN,NaN,NaN,30636
20210208,19284,3.652,12883,0,4992,15:15,Mostly Cloudy,19,22,NaN,NaN,NaN,NaN,30691
20210207,22324,4.228,15604,0,4542,13:35,Partly Cloudy,19,27,NaN,NaN,NaN,NaN,30745
20210206,7554,1.431,2751,0,1595,12:25,Cloudy,22,26,NaN,NaN,NaN,NaN,30796
20210205,23570,4.464,15522,0,4337,13:55,Partly Cloudy,21,29,NaN,NaN,NaN,NaN,30846
20210204,25434,4.817,18922,0,4296,14:55,Partly Cloudy,18,29,NaN,NaN,NaN,NaN,30893
20210203,23234,4.400,15503,0,4976,14:15,Partly Cloudy,17,25,NaN,NaN,NaN,NaN,30939
20210202,21250,4.025,15422,0,4544,13:55,Partly Cloudy,17,23,NaN,NaN,NaN,NaN,30983
20210201,20109,3.809,12431,0,4462,14:30,Mostly Cloudy,20,27,NaN,NaN,NaN,NaN,31025
20210131,6973,1.321,2955,0,1722,12:25,Cloudy,21,23,NaN,NaN,NaN,NaN,31066
20210130,19289,3.653,12060,0,4157,15:20,Mostly Cloudy,19,29,NaN,NaN,NaN,NaN,31105
20210129,7332,1.389,1992,0,1643,12:55,Cloudy,18,21,NaN,NaN,NaN,NaN,31142
20210128,8781,1.663,4286,0,1965,13:50,Cloudy,18,23,NaN,NaN,NaN,NaN,31177
20210127,8109,1.536,3801,0,2369,13:05,Cloudy,20,22,NaN,NaN,NaN,NaN,31211
20210126,21903,4.148,661,0,4325,14:00,Partly Cloudy,22,41,NaN,NaN,NaN,NaN,31244
20210125,30528,5.782,1540,0,4514,13:20,Fine,23,32,NaN,NaN,NaN,NaN,31276
20210124,27444,5.198,10077,0,4086,13:50,Fine,21,35,NaN,NaN,NaN,NaN,31305
20210123,26240,4.970,1558,0,4138,16:10,Partly Cloudy,22,30,NaN,NaN,NaN,NaN,31334
20210122,28216,5.344,5516,0,4097,13:55,Fine,19,33,NaN,NaN,NaN,NaN,31361
20210121,29901,5.663,23182,0,4270,13:55,Fine,15,27,NaN,NaN,NaN,NaN,31386
20210120,14805,2.804,8434,0,2644,15:10,Mostly Cloudy,17,22,NaN,NaN,NaN,NaN,31410
20210119,17210,3.259,11438,0,4303,12:10,Mostly Cloudy,20,23,NaN,NaN,NaN,NaN,31433
20210118,28957,5.484,11199,0,4242,13:25,Fine,18,30,NaN,NaN,NaN,NaN,31455
20210117,26930,5.100,20726,0,4832,13:15,Fine,16,25,NaN,NaN,NaN,NaN,31476
20210116,32083,6.076,23656,0,4467,13:55,Fine,17,25,NaN,NaN,NaN,NaN,31495
20210115,27938,5.291,10975,0,4982,15:30,Fine,19,28,NaN,NaN,NaN,NaN,31514
20210114,27420,5.193,10210,0,4110,13:55,Fine,21,32,NaN,NaN,NaN,NaN,31532
20210113,30963,5.864,9097,0,4321,13:55,Fine,21,30,NaN,NaN,NaN,NaN,31548
20210112,27834,5.272,13485,0,4447,14:25,Fine,20,30,NaN,NaN,NaN,NaN,31564
20210111,32325,6.122,16346,0,4386,13:55,Fine,19,28,NaN,NaN,NaN,NaN,31578
20210110,30952,5.862,20642,0,4295,13:55,Fine,17,28,NaN,NaN,NaN,NaN,31591
20210109,31410,5.949,22592,0,4633,12:25,Fine,18,25,NaN,NaN,NaN,NaN,31604
20210108,18592,3.521,9646,0,3727,14:10,Mostly Cloudy,16,23,NaN,NaN,NaN,NaN,31616
20210107,19429,3.680,12189,0,4461,14:25,Mostly Cloudy,19,22,NaN,NaN,NaN,NaN,31628
20210106,17299,3.276,10854,0,4349,14:30,Mostly Cloudy,20,24,NaN,NaN,NaN,NaN,31638
20210105,22654,4.291,18525,0,4518,15:55,Partly Cloudy,19,28,NaN,NaN,NaN,NaN,31648
20210104,12720,2.409,9239,0,3164,12:40,Cloudy,20,29,NaN,NaN,NaN,NaN,31657
20210103,14944,2.830,11376,0,4266,15:05,Mostly Cloudy,18,26,NaN,NaN,NaN,NaN,31665
20210102,11851,2.245,8441,0,4956,12:55,Cloudy,16,21,NaN,NaN,NaN,NaN,31672
20210101,10181,1.928,5368,0,2046,13:30,Cloudy,18,22,NaN,NaN,NaN,NaN,31679
20201231,13133,2.487,6882,0,2532,12:20,Cloudy,19,24,NaN,NaN,NaN,NaN,31685
20201230,14213,2.692,6725,0,4976,13:45,Mostly Cloudy,18,24,NaN,NaN,NaN,NaN,31691
20201229,7248,1.373,1632,0,2631,16:35,Cloudy,16,19,NaN,NaN,NaN,NaN,31697
20201228,14840,2.811,9944,0,4048,11:40,Mostly Cloudy,22,26,NaN,NaN,NaN,NaN,31702
20201227,29836,5.651,18608,0,4197,13:50,Fine,17,30,NaN,NaN,NaN,NaN,31706
20201226,13402,2.538,8829,0,3449,15:30,Mostly Cloudy,17,26,NaN,NaN,NaN,NaN,31709
20201225,16825,3.187,7690,0,4912,15:20,Mostly Cloudy,17,20,NaN,NaN,NaN,NaN,31712
20201224,29444,5.577,20333,0,4712,13:25,Fine,18,28,NaN,NaN,NaN,NaN,31715
20201223,30943,5.860,24215,0,4678,14:05,Fine,15,23,NaN,NaN,NaN,NaN,31717
20201222,18118,3.431,9748,0,4738,15:25,Mostly Cloudy,17,28,NaN,NaN,NaN,NaN,31718
20201221,7536,1.427,2521,0,1820,11:50,Cloudy,18,23,NaN,NaN,NaN,NaN,31719
20201220,16202,3.069,10512,0,4051,14:50,Mostly Cloudy,17,23,NaN,NaN,NaN,NaN,31720
20201219,5449,1.032,370,0,1343,14:10,Cloudy,19,20,NaN,NaN,NaN,NaN,31720
20201218,11022,2.088,1399,0,2891,13:35,Cloudy,22,34,NaN,NaN,NaN,NaN,31720
20201217,19766,3.744,7092,0,4671,13:45,Mostly Cloudy,22,31,NaN,NaN,NaN,NaN,31719
20201216,17570,3.328,11471,0,4679,13:45,Mostly Cloudy,21,28,NaN,NaN,NaN,NaN,31717
20201215,14049,2.661,6576,0,4265,13:30,Mostly Cloudy,18,26,NaN,NaN,NaN,NaN,31715
20201214,13431,2.544,6878,0,3510,14:10,Mostly Cloudy,18,25,NaN,NaN,NaN,NaN,31713
20201213,21531,4.078,13749,0,4717,14:30,Partly Cloudy,17,26,NaN,NaN,NaN,NaN,31709
20201212,25031,4.741,13790,0,4733,12:25,Partly Cloudy,16,25,NaN,NaN,NaN,NaN,31706
20201211,20825,3.944,14106,0,4769,12:15,Mostly Cloudy,17,22,NaN,NaN,NaN,NaN,31701
20201210,21387,4.051,13160,0,4641,13:40,Partly Cloudy,18,26,NaN,NaN,NaN,NaN,31696
20201209,30282,5.735,22361,0,4356,13:35,Fine,15,25,NaN,NaN,NaN,NaN,31691
20201208,30073,5.696,19500,0,4822,13:10,Fine,15,21,NaN,NaN,NaN,NaN,31685
20201207,31625,5.990,24407,0,4336,13:45,Fine,21,31,NaN,NaN,NaN,NaN,31678
20201206,0,0.000,0,0,NaN,NaN,Not Sure,23,31,NaN,NaN,NaN,NaN,31671
20201129,19473,3.688,0,0,4039,13:20,Mostly Cloudy,23,42,NaN,NaN,NaN,NaN,31597
20201128,26869,5.089,79,0,3969,13:25,Fine,21,43,NaN,NaN,NaN,NaN,31583
20201127,28873,5.468,21604,0,4296,13:00,Fine,18,26,NaN,NaN,NaN,NaN,31568
20201126,29593,5.605,13277,0,4009,13:35,Fine,17,33,NaN,NaN,NaN,NaN,31552
20201125,21975,4.162,14708,0,4718,13:15,Partly Cloudy,16,24,NaN,NaN,NaN,NaN,31535
20201124,27349,5.180,19531,0,4980,12:35,Fine,18,23,NaN,NaN,NaN,NaN,31517
20201123,8130,1.540,3154,0,2985,10:55,Cloudy,20,27,NaN,NaN,NaN,NaN,31497
20201122,15069,2.854,9374,0,4660,13:50,Mostly Cloudy,17,27,NaN,NaN,NaN,NaN,31477
20201121,25140,4.761,18469,0,4467,13:40,Partly Cloudy,19,24,NaN,NaN,NaN,NaN,31455
20201120,25155,4.764,18401,0,4085,13:25,Partly Cloudy,19,31,NaN,NaN,NaN,NaN,31432
20201119,29299,5.549,22409,0,4499,13:10,Fine,16,26,NaN,NaN,NaN,NaN,31408
20201118,27850,5.275,17780,0,4523,13:35,Fine,19,24,NaN,NaN,NaN,NaN,31383
20201117,16631,3.150,10154,0,4989,13:20,Mostly Cloudy,18,23,NaN,NaN,NaN,NaN,31356
20201116,23731,4.495,3830,0,4313,12:50,Partly Cloudy,18,39,NaN,NaN,NaN,NaN,31328
20201115,30159,5.712,22242,0,4229,13:25,Fine,17,28,NaN,NaN,NaN,NaN,31298
20201114,27717,5.249,20041,0,4400,13:15,Fine,17,25,NaN,NaN,NaN,NaN,31267
20201113,20592,3.900,10823,0,4370,12:00,Mostly Cloudy,19,31,NaN,NaN,NaN,NaN,31234
20201112,20211,3.828,12210,0,4789,12:40,Mostly Cloudy,18,32,NaN,NaN,NaN,NaN,31200
20201111,28609,5.418,20841,0,4319,13:20,Fine,14,25,NaN,NaN,NaN,NaN,31164
20201110,29174,5.525,21597,0,4347,13:15,Fine,14,23,NaN,NaN,NaN,NaN,31127
20201109,20584,3.898,12407,0,4686,11:55,Mostly Cloudy,14,21,NaN,NaN,NaN,NaN,31088
20201108,28777,5.450,22820,0,4687,13:10,Fine,15,20,NaN,NaN,NaN,NaN,31047
20201107,21810,4.131,13136,0,4872,13:05,Partly Cloudy,13,20,NaN,NaN,NaN,NaN,31005
20201106,27485,5.205,19705,0,4784,12:30,Fine,12,19,NaN,NaN,NaN,NaN,30960
20201105,5351,1.013,1888,0,2018,13:50,Cloudy,15,19,NaN,NaN,NaN,NaN,30914
20201104,28405,5.380,20015,0,4247,13:10,Fine,14,25,NaN,NaN,NaN,NaN,30867
20201103,30028,5.687,22326,0,4343,13:10,Fine,13,22,NaN,NaN,NaN,NaN,30817
20201102,23514,4.453,16019,0,4982,13:45,Partly Cloudy,16,21,NaN,NaN,NaN,NaN,30765
20201101,10043,1.902,4399,0,3145,12:40,Cloudy,14,18,NaN,NaN,NaN,NaN,30712
20201031,14004,2.652,9518,0,4867,12:50,Mostly Cloudy,16,21,NaN,NaN,NaN,NaN,30656
20201030,23961,4.538,17576,0,4440,13:00,Partly Cloudy,13,22,NaN,NaN,NaN,NaN,30599
20201029,22242,4.212,14972,0,4956,12:05,Partly Cloudy,14,20,NaN,NaN,NaN,NaN,30540
20201028,19354,3.666,14331,0,4135,15:15,Mostly Cloudy,13,19,NaN,NaN,NaN,NaN,30479
20201027,18195,3.446,11712,0,4642,15:15,Mostly Cloudy,14,18,NaN,NaN,NaN,NaN,30416
20201026,9314,1.764,3972,0,2751,15:45,Cloudy,13,16,NaN,NaN,NaN,NaN,30350
20201025,5066,0.959,1279,0,1385,13:40,Showers,14,15,NaN,NaN,NaN,NaN,30283
20201024,9027,1.710,2048,0,2735,12:15,Cloudy,18,26,NaN,NaN,NaN,NaN,30214
20201023,25744,4.876,17275,0,4581,14:25,Partly Cloudy,18,28,NaN,NaN,NaN,NaN,30142
20201022,23637,4.477,16940,0,4450,15:10,Partly Cloudy,16,23,NaN,NaN,NaN,NaN,30069
20201021,27374,5.184,18929,0,4120,13:00,Fine,15,24,NaN,NaN,NaN,NaN,29993
20201020,13520,2.561,6309,0,4707,13:55,Mostly Cloudy,16,21,NaN,NaN,NaN,NaN,29915
20201019,22759,4.310,17297,0,4780,14:45,Partly Cloudy,14,20,NaN,NaN,NaN,NaN,29835
20201018,14849,2.812,8649,0,3812,12:50,Mostly Cloudy,17,25,NaN,NaN,NaN,NaN,29754
20201017,18980,3.595,14269,0,4648,14:50,Mostly Cloudy,15,25,NaN,NaN,NaN,NaN,29670
20201016,10898,2.064,6560,0,3066,14:10,Cloudy,17,19,NaN,NaN,NaN,NaN,29584
20201015,24983,4.732,20162,0,3894,12:55,Partly Cloudy,15,26,NaN,NaN,NaN,NaN,29496
20201014,25532,4.836,20780,0,4837,13:40,Partly Cloudy,16,21,NaN,NaN,NaN,NaN,29405
20201013,26091,4.941,19040,0,3801,12:50,Partly Cloudy,15,30,NaN,NaN,NaN,NaN,29313
20201012,23009,4.358,17033,0,4357,13:00,Partly Cloudy,16,24,NaN,NaN,NaN,NaN,29218
20201011,22255,4.215,16741,0,4540,14:20,Partly Cloudy,14,28,NaN,NaN,NaN,NaN,29121
20201010,26261,4.974,17557,0,4035,14:15,Partly Cloudy,13,25,NaN,NaN,NaN,NaN,29023
20201009,22210,4.206,16714,0,4382,14:50,Partly Cloudy,13,24,NaN,NaN,NaN,NaN,28922
20201008,13827,2.619,9087,0,4165,12:25,Mostly Cloudy,17,29,NaN,NaN,NaN,NaN,28819
20201007,6997,1.325,3503,0,2058,13:00,Cloudy,15,20,NaN,NaN,NaN,NaN,28715
20201006,10335,1.957,4909,0,3086,15:30,Cloudy,15,18,NaN,NaN,NaN,NaN,28608
20201005,25083,4.751,18795,0,3798,12:45,Partly Cloudy,16,34,NaN,NaN,NaN,NaN,28499
20201004,25856,4.897,22177,0,3831,14:20,Partly Cloudy,15,29,NaN,NaN,NaN,NaN,28388
20201003,25713,4.870,22097,0,3852,13:00,Partly Cloudy,13,29,NaN,NaN,NaN,NaN,28275
20201002,25844,4.895,20409,0,3835,13:00,Partly Cloudy,11,27,NaN,NaN,NaN,NaN,28160
20201001,23919,4.530,17258,0,4195,13:15,Partly Cloudy,14,25,NaN,NaN,NaN,NaN,28044
20200930,11811,2.237,6977,0,2275,14:00,Cloudy,11,21,NaN,NaN,NaN,NaN,27925
20200929,21529,4.077,15382,0,4462,11:50,Partly Cloudy,12,19,NaN,NaN,NaN,NaN,27805
20200928,23059,4.367,17203,0,4032,13:25,Partly Cloudy,9,20,NaN,NaN,NaN,NaN,27683
20200927,16946,3.209,11863,0,4238,13:55,Mostly Cloudy,10,18,NaN,NaN,NaN,NaN,27559
20200926,26766,5.069,19627,0,4237,13:50,Fine,9,18,NaN,NaN,NaN,NaN,27433
20200925,16640,3.152,12282,0,4019,14:05,Mostly Cloudy,12,25,NaN,NaN,NaN,NaN,27305
20200924,25511,4.832,17938,0,4011,13:05,Partly Cloudy,12,23,NaN,NaN,NaN,NaN,27177
20200923,23197,4.393,18034,0,4035,14:00,Partly Cloudy,14,25,NaN,NaN,NaN,NaN,27046
20200922,25582,4.845,19374,0,3882,13:20,Partly Cloudy,19,28,NaN,NaN,NaN,NaN,26914
20200921,17419,3.299,12025,0,4214,11:55,Mostly Cloudy,14,29,NaN,NaN,NaN,NaN,26780
20200920,9936,1.882,6341,0,3759,13:10,Cloudy,16,21,NaN,NaN,NaN,NaN,26645
20200919,12451,2.358,7239,0,3777,13:40,Cloudy,14,24,NaN,NaN,NaN,NaN,26508
20200918,4872,0.923,783,0,1080,13:45,Showers,14,17,NaN,NaN,NaN,NaN,26369
20200917,21548,4.081,15384,0,3650,11:50,Partly Cloudy,14,33,NaN,NaN,NaN,NaN,26230
20200916,18618,3.526,13624,0,4061,13:15,Mostly Cloudy,14,26,NaN,NaN,NaN,NaN,26089
20200915,16955,3.211,11258,0,3998,12:50,Mostly Cloudy,15,23,NaN,NaN,NaN,NaN,25947
20200914,23055,4.366,16027,0,4005,12:55,Partly Cloudy,12,20,NaN,NaN,NaN,NaN,25804
20200913,14833,2.809,9915,0,4366,14:10,Mostly Cloudy,11,26,NaN,NaN,NaN,NaN,25659
20200912,23889,4.524,17786,0,3712,12:50,Partly Cloudy,10,23,NaN,NaN,NaN,NaN,25513
20200911,20432,3.870,13695,0,4485,12:05,Mostly Cloudy,13,20,NaN,NaN,NaN,NaN,25366
20200910,21256,4.026,15647,0,4326,11:50,Partly Cloudy,12,18,NaN,NaN,NaN,NaN,25219
20200909,3346,0.634,351,0,1086,11:05,Showers,14,16,NaN,NaN,NaN,NaN,25071
20200908,21084,3.993,11740,0,3690,13:35,Mostly Cloudy,11,23,NaN,NaN,NaN,NaN,24921
20200907,22549,4.271,16748,0,3698,13:10,Partly Cloudy,11,23,NaN,NaN,NaN,NaN,24771
20200906,19614,3.715,14120,0,4574,12:20,Mostly Cloudy,10,19,NaN,NaN,NaN,NaN,24620
20200905,20211,3.828,13507,0,3978,13:40,Mostly Cloudy,11,21,NaN,NaN,NaN,NaN,24468
20200904,2298,0.435,134,0,879,13:25,Showers,15,21,NaN,NaN,NaN,NaN,24316
20200903,17030,3.225,11073,0,3538,12:45,Mostly Cloudy,12,31,NaN,NaN,NaN,NaN,24163
20200902,16798,3.181,9804,0,3840,13:10,Mostly Cloudy,9,25,NaN,NaN,NaN,NaN,24010
20200901,16245,3.077,10689,0,4171,11:40,Mostly Cloudy,11,17,NaN,NaN,NaN,NaN,23857
20200831,18374,3.480,13578,0,3869,14:00,Mostly Cloudy,15,21,NaN,NaN,NaN,NaN,23703
20200830,21259,4.026,15603,0,3481,13:10,Partly Cloudy,8,26,NaN,NaN,NaN,NaN,23549
20200829,21522,4.076,15918,0,3562,12:55,Partly Cloudy,7,22,NaN,NaN,NaN,NaN,23394
20200828,22019,4.170,15162,0,3715,13:10,Partly Cloudy,11,17,NaN,NaN,NaN,NaN,23239
20200827,21312,4.036,14527,0,3609,13:00,Partly Cloudy,6,22,NaN,NaN,NaN,NaN,23085
20200826,21243,4.023,16446,0,3559,13:10,Partly Cloudy,6,19,NaN,NaN,NaN,NaN,22930
20200825,17672,3.347,12134,0,3989,12:55,Mostly Cloudy,6,14,NaN,NaN,NaN,NaN,22776
20200824,21340,4.042,16028,0,3573,13:20,Partly Cloudy,8,17,NaN,NaN,NaN,NaN,22622
20200823,20207,3.827,12991,0,3671,13:05,Mostly Cloudy,8,17,NaN,NaN,NaN,NaN,22468
20200822,14054,2.662,9425,0,4059,12:25,Mostly Cloudy,9,16,NaN,NaN,NaN,NaN,22314
20200821,14182,2.686,8225,0,4055,12:25,Mostly Cloudy,9,19,NaN,NaN,NaN,NaN,22161
20200820,20660,3.913,16043,0,3805,12:35,Mostly Cloudy,10,18,NaN,NaN,NaN,NaN,22008
20200819,13932,2.639,8086,0,3702,13:30,Mostly Cloudy,11,22,NaN,NaN,NaN,NaN,21855
20200818,17256,3.268,9833,0,3685,14:20,Mostly Cloudy,11,22,NaN,NaN,NaN,NaN,21704
20200817,20028,3.793,11996,0,3478,13:10,Mostly Cloudy,12,20,NaN,NaN,NaN,NaN,21553
20200816,18821,3.565,10850,0,3754,13:50,Mostly Cloudy,12,21,NaN,NaN,NaN,NaN,21403
20200815,17015,3.223,11487,0,4075,12:40,Mostly Cloudy,11,20,NaN,NaN,NaN,NaN,21254
20200814,6602,1.250,1418,0,1991,09:35,Cloudy,10,19,NaN,NaN,NaN,NaN,21105
20200813,18060,3.420,12623,0,3343,13:05,Mostly Cloudy,10,22,NaN,NaN,NaN,NaN,20958
20200818,17256,3.268,9833,0,3685,14:20,Mostly Cloudy,11,22,NaN,NaN,NaN,NaN,21704
20200817,20028,3.793,11996,0,3478,13:10,Mostly Cloudy,12,20,NaN,NaN,NaN,NaN,21553
20200816,18821,3.565,10850,0,3754,13:50,Mostly Cloudy,12,21,NaN,NaN,NaN,NaN,21403
20200815,17015,3.223,11487,0,4075,12:40,Mostly Cloudy,11,20,NaN,NaN,NaN,NaN,21254
20200814,6602,1.250,1418,0,1991,09:35,Cloudy,10,19,NaN,NaN,NaN,NaN,21105
20200813,18060,3.420,12623,0,3343,13:05,Mostly Cloudy,10,22,NaN,NaN,NaN,NaN,20958
20200812,8599,1.629,2245,0,2555,12:30,Cloudy,10,19,NaN,NaN,NaN,NaN,20811
20200811,13810,2.616,6270,0,4075,13:10,Mostly Cloudy,10,19,NaN,NaN,NaN,NaN,20666
20200810,8633,1.635,2793,0,3902,13:15,Cloudy,9,16,NaN,NaN,NaN,NaN,20522
20200809,4637,0.878,1996,0,1667,10:10,Showers,8,14,NaN,NaN,NaN,NaN,20380
20200808,6611,1.252,2507,0,2456,10:35,Cloudy,11,17,NaN,NaN,NaN,NaN,20238
20200807,1554,0.294,0,0,395,09:40,Showers,8,15,NaN,NaN,NaN,NaN,20099
20200806,18651,3.532,4962,0,3419,13:00,Mostly Cloudy,6,15,NaN,NaN,NaN,NaN,19961
20200805,18584,3.520,6695,0,3361,13:00,Mostly Cloudy,6,18,NaN,NaN,NaN,NaN,19824
20200804,13413,2.540,6640,0,3128,12:05,Mostly Cloudy,8,22,NaN,NaN,NaN,NaN,19689
20200803,14365,2.721,6229,0,3585,13:30,Mostly Cloudy,7,21,NaN,NaN,NaN,NaN,19556
20200802,16127,3.054,1042,0,3620,13:30,Mostly Cloudy,7,18,NaN,NaN,NaN,NaN,19425
20200801,16539,3.132,11706,0,3577,13:00,Mostly Cloudy,6,20,NaN,NaN,NaN,NaN,19296
20200731,14826,2.808,9938,0,3803,13:10,Mostly Cloudy,9,16,NaN,NaN,NaN,NaN,19169
20200730,14218,2.693,8998,0,3444,12:35,Mostly Cloudy,10,17,NaN,NaN,NaN,NaN,19043
20200729,15380,2.913,8178,0,3247,12:40,Mostly Cloudy,10,17,NaN,NaN,NaN,NaN,18920
20200728,7812,1.480,3058,0,3191,12:55,Cloudy,12,17,NaN,NaN,NaN,NaN,18799
20200727,3070,0.581,180,0,1297,13:00,Showers,14,17,NaN,NaN,NaN,NaN,18681
20200726,1189,0.225,0,0,493,13:00,Showers,12,16,NaN,NaN,NaN,NaN,18564
20200725,7636,1.446,3221,0,3239,12:35,Cloudy,8,18,NaN,NaN,NaN,NaN,18451
20200724,12016,2.276,7833,0,3154,12:40,Cloudy,8,19,NaN,NaN,NaN,NaN,18339
20200723,16048,3.039,10543,0,3022,12:40,Mostly Cloudy,7,18,NaN,NaN,NaN,NaN,18230
20200722,14248,2.698,5203,0,3194,11:30,Mostly Cloudy,7,19,NaN,NaN,NaN,NaN,18124
20200721,16068,3.043,10284,0,3145,13:50,Mostly Cloudy,8,15,NaN,NaN,NaN,NaN,18021
20200720,16484,3.122,10806,0,3188,12:40,Mostly Cloudy,9,18,NaN,NaN,NaN,NaN,17920
20200719,12109,2.293,5950,0,3296,13:00,Cloudy,7,20,NaN,NaN,NaN,NaN,17822
20200718,9907,1.876,5471,0,2607,13:20,Cloudy,10,17,NaN,NaN,NaN,NaN,17727
20200717,5397,1.022,281,0,1202,11:10,Cloudy,11,15,NaN,NaN,NaN,NaN,17634
20200716,6117,1.159,782,0,1643,10:40,Cloudy,9,15,NaN,NaN,NaN,NaN,17545
20200715,6107,1.157,1837,0,2733,11:15,Cloudy,11,15,NaN,NaN,NaN,NaN,17459
20200714,7047,1.335,2434,0,3342,12:15,Cloudy,11,16,NaN,NaN,NaN,NaN,17376
20200713,11547,2.187,1096,0,3493,12:15,Cloudy,8,16,NaN,NaN,NaN,NaN,17296
20200712,12027,2.278,7239,0,3264,13:35,Cloudy,8,18,NaN,NaN,NaN,NaN,17219
20200711,4992,0.945,1154,0,1328,14:55,Showers,12,16,NaN,NaN,NaN,NaN,17145
20200710,8079,1.530,147,0,2866,11:15,Cloudy,10,18,NaN,NaN,NaN,NaN,17075
20200709,12252,2.320,2917,0,3080,12:30,Cloudy,8,18,NaN,NaN,NaN,NaN,17008
20200708,4144,0.785,0,0,2603,10:05,Showers,11,16,NaN,NaN,NaN,NaN,16944
20200707,7892,1.495,1885,0,2403,15:05,Cloudy,10,16,NaN,NaN,NaN,NaN,16884
20200706,14240,2.697,6448,0,3477,13:00,Mostly Cloudy,9,17,NaN,NaN,NaN,NaN,16827
20200705,12530,2.373,7180,0,3382,13:40,Cloudy,7,18,NaN,NaN,NaN,NaN,16773
20200704,14652,2.775,8850,0,3000,13:00,Mostly Cloudy,9,16,NaN,NaN,NaN,NaN,16723
20200703,14855,2.813,7207,0,2903,12:30,Mostly Cloudy,11,18,NaN,NaN,NaN,NaN,16677
20200702,11582,2.194,2655,0,2705,11:35,Cloudy,10,24,NaN,NaN,NaN,NaN,16634
20200701,13509,2.559,1598,0,2799,12:25,Mostly Cloudy,8,22,NaN,NaN,NaN,NaN,16595
20200630,13914,2.635,5591,0,2971,14:05,Mostly Cloudy,8,19,NaN,NaN,NaN,NaN,16559
20200629,10349,1.960,6260,0,4130,13:10,Cloudy,10,14,NaN,NaN,NaN,NaN,16527
20200628,8645,1.637,5492,0,3478,12:20,Cloudy,9,15,NaN,NaN,NaN,NaN,16498
20200627,8819,1.670,4981,0,3173,12:55,Cloudy,9,16,NaN,NaN,NaN,NaN,16474
20200626,13709,2.596,4096,0,3319,12:30,Mostly Cloudy,9,18,NaN,NaN,NaN,NaN,16453
20200625,14484,2.743,1702,0,2898,12:25,Mostly Cloudy,10,19,NaN,NaN,NaN,NaN,16436
20200624,8082,1.531,157,0,2969,11:00,Cloudy,7,18,NaN,NaN,NaN,NaN,16422
20200623,14425,2.732,1638,0,2930,12:20,Mostly Cloudy,7,17,NaN,NaN,NaN,NaN,16412
20200622,9412,1.783,1583,0,3322,13:50,Cloudy,8,17,NaN,NaN,NaN,NaN,16406
20200621,9561,1.811,5902,0,3506,11:20,Cloudy,11,19,NaN,NaN,NaN,NaN,16404
20200620,14373,2.722,10149,0,2824,12:20,Mostly Cloudy,8,21,NaN,NaN,NaN,NaN,16406
20200619,13299,2.519,9264,0,2980,12:10,Mostly Cloudy,8,20,NaN,NaN,NaN,NaN,16411
20200618,11794,2.234,7062,0,3035,12:25,Cloudy,13,18,NaN,NaN,NaN,NaN,16420
20200617,4977,0.943,172,0,2659,13:05,Showers,11,18,NaN,NaN,NaN,NaN,16433
20200616,14401,2.727,8607,0,2868,12:20,Mostly Cloudy,9,21,NaN,NaN,NaN,NaN,16449
20200615,14288,2.706,2285,0,2831,12:20,Mostly Cloudy,13,21,NaN,NaN,NaN,NaN,16469
20200614,13009,2.464,10192,0,2856,13:10,Cloudy,13,22,NaN,NaN,NaN,NaN,16493
20200613,11544,2.186,7513,0,3062,12:25,Cloudy,11,20,NaN,NaN,NaN,NaN,16521
20200612,3098,0.587,317,0,2067,11:25,Showers,12,16,NaN,NaN,NaN,NaN,16552
20200611,14407,2.729,4143,0,2903,12:20,Mostly Cloudy,13,20,NaN,NaN,NaN,NaN,16587
20200610,4477,0.848,488,0,2292,10:00,Showers,13,17,NaN,NaN,NaN,NaN,16626
20200609,13499,2.557,3061,0,3014,12:10,Mostly Cloudy,10,17,NaN,NaN,NaN,NaN,16668
20200608,10983,2.080,7748,0,3370,12:25,Cloudy,13,16,NaN,NaN,NaN,NaN,16714
20200607,7181,1.360,3886,0,2880,11:40,Cloudy,7,16,NaN,NaN,NaN,NaN,16764
20200606,14816,2.806,10264,0,3037,13:30,Mostly Cloudy,7,19,NaN,NaN,NaN,NaN,16817
20200605,14994,2.840,3487,0,2945,12:25,Mostly Cloudy,7,20,NaN,NaN,NaN,NaN,16874
20200604,10784,2.042,618,0,3123,14:00,Cloudy,10,15,NaN,NaN,NaN,NaN,16934
20200603,13752,2.605,2641,0,3068,12:20,Mostly Cloudy,8,17,NaN,NaN,NaN,NaN,16997
20200602,4667,0.884,1182,0,1334,11:35,Showers,7,15,NaN,NaN,NaN,NaN,17064
20200601,13903,2.633,7897,0,2968,13:10,Mostly Cloudy,12,23,NaN,NaN,NaN,NaN,17135
20200531,10317,1.954,6379,0,2975,12:50,Cloudy,11,22,NaN,NaN,NaN,NaN,17209
20200530,13965,2.645,10722,0,3237,13:05,Mostly Cloudy,10,20,NaN,NaN,NaN,NaN,17286
20200529,3362,0.637,20,0,1024,11:10,Showers,11,16,NaN,NaN,NaN,NaN,17366
20200528,14511,2.748,5432,0,2925,12:30,Mostly Cloudy,11,21,NaN,NaN,NaN,NaN,17450
20200527,12021,2.277,4729,0,3536,13:15,Cloudy,12,18,NaN,NaN,NaN,NaN,17536
20200526,8748,1.657,4110,0,3039,14:10,Cloudy,13,20,NaN,NaN,NaN,NaN,17626
20200525,4778,0.905,994,0,1850,11:40,Showers,13,16,NaN,NaN,NaN,NaN,17719
20200524,6679,1.265,1996,0,2145,12:20,Cloudy,13,16,NaN,NaN,NaN,NaN,17815
20200523,5717,1.083,2786,0,2180,10:00,Cloudy,11,17,NaN,NaN,NaN,NaN,17913
20200522,5828,1.104,60,0,1707,10:10,Cloudy,8,16,NaN,NaN,NaN,NaN,18015
20200521,4611,0.873,1602,0,2687,14:40,Showers,15,18,NaN,NaN,NaN,NaN,18119
20200520,13094,2.480,7705,0,3158,13:20,Cloudy,12,25,NaN,NaN,NaN,NaN,18227
20200519,15460,2.928,10041,0,3519,12:40,Mostly Cloudy,14,22,NaN,NaN,NaN,NaN,18337
20200518,6247,1.183,1534,0,3088,11:15,Cloudy,11,19,NaN,NaN,NaN,NaN,18450
20200517,10420,1.973,5468,0,3625,13:10,Cloudy,9,20,NaN,NaN,NaN,NaN,18565
20200516,10197,1.931,4545,0,3202,11:50,Cloudy,10,19,NaN,NaN,NaN,NaN,18683
20200515,8312,1.574,2816,0,3071,14:05,Cloudy,10,16,NaN,NaN,NaN,NaN,18803
20200514,10720,2.030,2571,0,3673,14:15,Cloudy,9,17,NaN,NaN,NaN,NaN,18925
20200513,10446,1.978,1529,0,3098,11:55,Cloudy,10,20,NaN,NaN,NaN,NaN,19050
20200512,16880,3.197,1848,0,3192,12:30,Mostly Cloudy,8,21,NaN,NaN,NaN,NaN,19178
20200511,17784,3.368,8757,0,3321,12:45,Mostly Cloudy,7,18,NaN,NaN,NaN,NaN,19307
20200510,18354,3.476,14787,0,3357,12:35,Mostly Cloudy,11,18,NaN,NaN,NaN,NaN,19438
20200509,12600,2.386,7150,0,3600,11:25,Cloudy,15,27,NaN,NaN,NaN,NaN,19572
20200508,17154,3.249,9294,0,3124,12:40,Mostly Cloudy,15,28,NaN,NaN,NaN,NaN,19707
20200507,14143,2.679,9620,0,3217,13:10,Mostly Cloudy,12,24,NaN,NaN,NaN,NaN,19844
20200506,18284,3.463,8751,0,3328,12:55,Mostly Cloudy,11,23,NaN,NaN,NaN,NaN,19983
20200505,15341,2.905,6053,0,3897,12:20,Mostly Cloudy,12,19,NaN,NaN,NaN,NaN,20124
20200504,15875,3.007,5976,0,3647,12:15,Mostly Cloudy,9,17,NaN,NaN,NaN,NaN,20266
20200503,19027,3.604,13006,0,3470,12:40,Mostly Cloudy,11,18,NaN,NaN,NaN,NaN,20410
20200502,20182,3.822,15619,0,3527,13:00,Mostly Cloudy,12,20,NaN,NaN,NaN,NaN,20555
20200501,18157,3.439,11597,0,3806,12:45,Mostly Cloudy,10,18,NaN,NaN,NaN,NaN,20702
20200430,1931,0.366,146,0,1718,12:25,Showers,17,21,NaN,NaN,NaN,NaN,20850
20200429,11927,2.259,7264,0,3730,11:30,Cloudy,17,28,NaN,NaN,NaN,NaN,21000
20200428,7816,1.480,2476,0,2758,10:30,Cloudy,19,24,NaN,NaN,NaN,NaN,21150
20200427,6651,1.260,2171,0,1811,11:15,Cloudy,16,21,NaN,NaN,NaN,NaN,21302
20200426,9917,1.878,6197,0,3785,12:00,Cloudy,13,29,NaN,NaN,NaN,NaN,21455
20200425,19224,3.641,14818,0,3290,13:05,Mostly Cloudy,14,27,NaN,NaN,NaN,NaN,21608
20200424,19454,3.684,14778,0,3344,12:55,Mostly Cloudy,16,27,NaN,NaN,NaN,NaN,21763
20200423,20452,3.873,15155,0,3477,12:50,Mostly Cloudy,13,26,NaN,NaN,NaN,NaN,21918
20200422,20053,3.798,15028,0,3659,12:55,Mostly Cloudy,14,26,NaN,NaN,NaN,NaN,22074
20200421,20114,3.809,16209,0,3397,12:40,Mostly Cloudy,13,26,NaN,NaN,NaN,NaN,22231
20200420,5365,1.016,1442,0,1597,10:55,Cloudy,13,21,NaN,NaN,NaN,NaN,22388
20200419,17563,3.326,13094,0,3715,12:35,Mostly Cloudy,12,21,NaN,NaN,NaN,NaN,22545
20200418,21655,4.101,15467,0,3629,13:05,Partly Cloudy,13,23,NaN,NaN,NaN,NaN,22703
20200417,21755,4.120,17327,0,3608,13:15,Partly Cloudy,17,27,NaN,NaN,NaN,NaN,22861
20200416,6108,1.157,2200,0,1693,11:20,Cloudy,17,27,NaN,NaN,NaN,NaN,23020
20200415,20628,3.907,15486,0,3395,13:20,Mostly Cloudy,15,28,NaN,NaN,NaN,NaN,23178
20200414,21160,4.008,15434,0,3476,13:00,Partly Cloudy,13,26,NaN,NaN,NaN,NaN,23337
20200413,17295,3.276,12406,0,3962,13:45,Mostly Cloudy,11,22,NaN,NaN,NaN,NaN,23495
20200412,22974,4.351,17688,0,3772,12:50,Partly Cloudy,11,20,NaN,NaN,NaN,NaN,23654
20200411,18433,3.491,13296,0,4079,12:45,Mostly Cloudy,13,27,NaN,NaN,NaN,NaN,23812
20200410,9479,1.795,5296,0,4110,13:40,Cloudy,17,23,NaN,NaN,NaN,NaN,23970
20200409,11139,2.110,6660,0,3017,10:30,Cloudy,16,21,NaN,NaN,NaN,NaN,24128
20200408,7023,1.330,2825,0,1780,14:00,Cloudy,15,19,NaN,NaN,NaN,NaN,24285
20200407,15968,3.024,10696,0,4570,11:05,Mostly Cloudy,15,20,NaN,NaN,NaN,NaN,24442
20200406,17111,3.241,10535,0,4063,14:10,Mostly Cloudy,14,23,NaN,NaN,NaN,NaN,24598
20200405,23766,4.501,18381,0,3766,12:50,Partly Cloudy,12,25,NaN,NaN,NaN,NaN,24754
20200404,22711,4.301,16861,0,3886,14:25,Partly Cloudy,19,27,NaN,NaN,NaN,NaN,24909
20200403,10209,1.934,4608,0,3169,14:40,Cloudy,16,26,NaN,NaN,NaN,NaN,25063
20200402,7564,1.433,4023,0,3314,11:50,Cloudy,19,25,NaN,NaN,NaN,NaN,25216
20200401,6255,1.185,1894,0,2629,14:55,Cloudy,22,25,NaN,NaN,NaN,NaN,25369
20200331,20812,3.942,15214,0,3919,13:25,Mostly Cloudy,17,25,NaN,NaN,NaN,NaN,25521
20200330,8945,1.694,3523,0,3795,14:55,Cloudy,19,26,NaN,NaN,NaN,NaN,25671
20200329,15991,3.029,8016,0,4422,14:50,Mostly Cloudy,17,25,NaN,NaN,NaN,NaN,25821
20200328,12476,2.363,6963,0,3077,13:10,Cloudy,16,24,NaN,NaN,NaN,NaN,25969
20200327,15684,2.970,8795,0,3817,12:35,Mostly Cloudy,17,23,NaN,NaN,NaN,NaN,26116
20200326,14051,2.661,7802,0,4117,14:50,Mostly Cloudy,17,21,NaN,NaN,NaN,NaN,26262
20200325,11248,2.130,6705,0,4406,13:15,Cloudy,18,23,NaN,NaN,NaN,NaN,26407
20200324,10853,2.055,6066,0,2624,11:05,Cloudy,17,22,NaN,NaN,NaN,NaN,26550
20200323,17854,3.381,11114,0,4671,14:30,Mostly Cloudy,18,22,NaN,NaN,NaN,NaN,26692
20200322,23603,4.470,16057,0,3870,14:20,Partly Cloudy,18,30,NaN,NaN,NaN,NaN,26833
20200321,20569,3.896,15089,0,4297,13:55,Mostly Cloudy,18,25,NaN,NaN,NaN,NaN,26972
20200320,23502,4.451,15413,0,3722,14:35,Partly Cloudy,20,36,NaN,NaN,NaN,NaN,27109
20200319,24699,4.678,18376,0,3670,14:10,Partly Cloudy,17,32,NaN,NaN,NaN,NaN,27245
20200318,26507,5.020,20926,0,3937,14:10,Fine,15,27,NaN,NaN,NaN,NaN,27379
20200317,17699,3.352,10927,0,4972,14:20,Mostly Cloudy,15,23,NaN,NaN,NaN,NaN,27511
20200316,15640,2.962,10279,0,3779,13:50,Mostly Cloudy,16,20,NaN,NaN,NaN,NaN,27642
20200315,14559,2.757,8192,0,4252,16:00,Mostly Cloudy,15,19,NaN,NaN,NaN,NaN,27771
20200314,2320,0.439,85,0,501,17:40,Showers,16,20,NaN,NaN,NaN,NaN,27898
20200313,26040,4.932,19635,0,4228,13:20,Partly Cloudy,16,27,NaN,NaN,NaN,NaN,28023
20200312,19596,3.711,14353,0,4765,14:30,Mostly Cloudy,17,26,NaN,NaN,NaN,NaN,28146
20200311,21522,4.076,14900,0,4917,14:20,Partly Cloudy,15,25,NaN,NaN,NaN,NaN,28268
20200310,19168,3.630,11608,0,4041,15:30,Mostly Cloudy,17,23,NaN,NaN,NaN,NaN,28387
20200309,21725,4.115,16651,0,4824,14:05,Partly Cloudy,16,22,NaN,NaN,NaN,NaN,28504
20200308,18029,3.415,11476,0,4751,14:15,Mostly Cloudy,16,21,NaN,NaN,NaN,NaN,28620
20200307,19957,3.780,16161,0,4645,12:45,Mostly Cloudy,19,23,NaN,NaN,NaN,NaN,28733
20200306,17802,3.372,11771,0,4573,13:05,Mostly Cloudy,21,26,NaN,NaN,NaN,NaN,28845
20200305,3324,0.630,1089,0,872,11:55,Showers,22,24,NaN,NaN,NaN,NaN,28954
20200304,10246,1.941,6713,0,3605,14:00,Cloudy,18,26,NaN,NaN,NaN,NaN,29061
20200303,4306,0.816,1407,0,917,10:35,Showers,19,21,NaN,NaN,NaN,NaN,29166
20200302,23888,4.524,14044,0,4168,15:15,Partly Cloudy,20,39,NaN,NaN,NaN,NaN,29269
20200301,27524,5.213,12884,0,4238,15:00,Fine,19,30,NaN,NaN,NaN,NaN,29370
20200229,23154,4.385,18067,0,4453,13:20,Partly Cloudy,19,28,NaN,NaN,NaN,NaN,29469
20200228,27947,5.293,21077,0,4537,14:00,Fine,17,23,NaN,NaN,NaN,NaN,29565
20200227,19021,3.602,14085,0,4713,14:10,Mostly Cloudy,19,27,NaN,NaN,NaN,NaN,29660
20200226,17650,3.343,11553,0,4380,14:50,Mostly Cloudy,22,34,NaN,NaN,NaN,NaN,29752
20200225,27204,5.152,20983,0,4055,13:25,Fine,20,30,NaN,NaN,NaN,NaN,29842
20200224,26759,5.068,17881,0,4753,12:35,Fine,19,29,NaN,NaN,NaN,NaN,29930
20200223,11819,2.238,6397,0,2849,12:05,Cloudy,19,26,NaN,NaN,NaN,NaN,30015
20200222,10994,2.082,6048,0,3623,14:55,Cloudy,18,23,NaN,NaN,NaN,NaN,30099
20200221,16533,3.131,10426,0,4062,15:45,Mostly Cloudy,19,25,NaN,NaN,NaN,NaN,30180
20200220,27789,5.263,23504,0,4516,13:20,Fine,18,23,NaN,NaN,NaN,NaN,30259
20200219,23005,4.357,16336,0,4439,15:00,Partly Cloudy,20,30,NaN,NaN,NaN,NaN,30336
20200218,20897,3.958,14418,0,4244,14:10,Mostly Cloudy,20,31,NaN,NaN,NaN,NaN,30411
20200217,7303,1.383,2085,0,3709,13:40,Cloudy,20,24,NaN,NaN,NaN,NaN,30483
20200216,23205,4.395,16907,0,4644,13:35,Partly Cloudy,20,25,NaN,NaN,NaN,NaN,30554
20200215,19592,3.711,11243,0,4617,13:05,Mostly Cloudy,18,26,NaN,NaN,NaN,NaN,30622
20200214,30796,5.833,22159,0,4439,13:40,Fine,21,25,NaN,NaN,NaN,NaN,30688
20200213,12854,2.434,6657,0,3780,12:10,Cloudy,20,27,NaN,NaN,NaN,NaN,30753
20200212,12349,2.339,7338,0,4431,12:40,Cloudy,21,26,NaN,NaN,NaN,NaN,30815
20200211,25812,4.889,17995,0,4313,13:40,Partly Cloudy,23,30,NaN,NaN,NaN,NaN,30875
20200210,18141,3.436,12210,0,4651,14:10,Mostly Cloudy,19,28,NaN,NaN,NaN,NaN,30933
20200209,1548,0.293,0,0,423,15:35,Showers,18,21,NaN,NaN,NaN,NaN,30989
20200208,7729,1.464,3369,0,1896,10:45,Cloudy,18,24,NaN,NaN,NaN,NaN,31043
20200207,4389,0.831,1614,0,1283,14:55,Showers,18,22,NaN,NaN,NaN,NaN,31096
20200206,8872,1.680,3829,0,1730,14:20,Cloudy,19,26,NaN,NaN,NaN,NaN,31146
20200205,22346,4.232,17825,0,4787,14:05,Partly Cloudy,19,27,NaN,NaN,NaN,NaN,31195
20200204,20493,3.881,15855,0,4647,13:30,Mostly Cloudy,17,23,NaN,NaN,NaN,NaN,31242
20200203,22048,4.176,14517,0,4475,14:30,Partly Cloudy,21,31,NaN,NaN,NaN,NaN,31287
20200202,16375,3.101,5856,0,3825,12:50,Mostly Cloudy,23,26,NaN,NaN,NaN,NaN,31330
20200201,28065,5.315,114,0,3962,13:45,Fine,24,37,NaN,NaN,NaN,NaN,31371
20200131,29576,5.602,3458,0,4118,13:50,Fine,23,33,NaN,NaN,NaN,NaN,31411
20200130,28962,5.485,18685,0,4059,13:50,Fine,20,31,NaN,NaN,NaN,NaN,31448
20200129,21668,4.104,8904,0,4806,13:45,Partly Cloudy,22,26,NaN,NaN,NaN,NaN,31485
20200128,20570,3.896,9485,0,4777,13:45,Mostly Cloudy,22,29,NaN,NaN,NaN,NaN,31520
20200127,23071,4.370,2481,0,4428,13:50,Partly Cloudy,22,28,NaN,NaN,NaN,NaN,31553
20200126,25900,4.905,4663,0,4168,14:40,Partly Cloudy,24,37,NaN,NaN,NaN,NaN,31585
20200125,16972,3.214,9685,0,4366,12:50,Mostly Cloudy,22,29,NaN,NaN,NaN,NaN,31615
20200124,11635,2.204,6594,0,3818,15:50,Cloudy,22,25,NaN,NaN,NaN,NaN,31644
20200123,20302,3.845,7507,0,4056,13:55,Mostly Cloudy,22,43,NaN,NaN,NaN,NaN,31672
20200122,30721,5.818,20866,0,4258,13:55,Fine,20,32,NaN,NaN,NaN,NaN,31698
20200121,30570,5.790,22981,0,4403,13:45,Fine,18,30,NaN,NaN,NaN,NaN,31723
20200120,18538,3.511,13069,0,4547,13:55,Mostly Cloudy,20,30,NaN,NaN,NaN,NaN,31746
20200119,21567,4.085,15504,0,4454,14:20,Partly Cloudy,18,24,NaN,NaN,NaN,NaN,31768
20200118,9874,1.870,4355,0,1896,12:30,Cloudy,19,22,NaN,NaN,NaN,NaN,31790
20200117,6218,1.178,1850,0,2422,15:45,Cloudy,18,21,NaN,NaN,NaN,NaN,31810
20200116,8565,1.622,3993,0,2452,15:30,Cloudy,20,28,NaN,NaN,NaN,NaN,31829
20200115,22321,4.227,8505,0,3507,13:30,Partly Cloudy,19,28,NaN,NaN,NaN,NaN,31847
20200114,22923,4.341,12096,0,4285,13:00,Partly Cloudy,19,28,NaN,NaN,NaN,NaN,31864
20200113,22435,4.249,19640,0,4577,13:25,Partly Cloudy,17,27,NaN,NaN,NaN,NaN,31880
20200112,3330,0.631,1468,0,967,09:30,Showers,19,23,NaN,NaN,NaN,NaN,31895
20200111,9638,1.825,7437,0,2867,15:00,Cloudy,18,22,NaN,NaN,NaN,NaN,31908
20200110,27358,5.181,24325,0,4152,14:05,Fine,21,31,NaN,NaN,NaN,NaN,31921
20200109,16221,3.072,13588,0,4568,15:25,Mostly Cloudy,20,25,NaN,NaN,NaN,NaN,31934
20200108,22844,4.327,19887,0,4337,14:10,Partly Cloudy,21,24,NaN,NaN,NaN,NaN,31945
20200107,18063,3.421,15191,0,4187,12:10,Mostly Cloudy,20,29,NaN,NaN,NaN,NaN,31956
20200106,7541,1.428,4982,0,2373,16:05,Cloudy,19,25,NaN,NaN,NaN,NaN,31966
20200105,19786,3.747,17128,0,3993,13:30,Mostly Cloudy,20,24,NaN,NaN,NaN,NaN,31975
20200104,21045,3.986,18125,0,3988,14:55,Mostly Cloudy,22,43,NaN,NaN,NaN,NaN,31984
20200103,26286,4.978,23269,0,4158,12:35,Partly Cloudy,20,30,NaN,NaN,NaN,NaN,31992
20200102,23473,4.446,20638,0,4655,13:55,Partly Cloudy,19,26,NaN,NaN,NaN,NaN,31999
20200101,22799,4.318,19957,0,4082,14:30,Partly Cloudy,18,26,NaN,NaN,NaN,NaN,32005
20191231,24869,4.710,21830,0,3863,14:00,Partly Cloudy,20,40,NaN,NaN,NaN,NaN,32011
20191230,23674,4.484,20708,0,3262,14:10,Partly Cloudy,19,31,NaN,NaN,NaN,NaN,32017
20191229,15560,2.947,12656,0,2447,13:50,Mostly Cloudy,20,29,NaN,NaN,NaN,NaN,32022
20191228,29349,5.559,26069,0,4306,13:30,Fine,20,30,NaN,NaN,NaN,NaN,32026
20191227,30549,5.786,27451,0,4099,13:55,Fine,21,29,NaN,NaN,NaN,NaN,32030
20191226,30830,5.839,27673,0,4225,13:45,Fine,20,30,NaN,NaN,NaN,NaN,32033
20191225,28705,5.437,25449,0,4267,13:55,Fine,19,27,NaN,NaN,NaN,NaN,32035
20191224,14485,2.743,11880,0,4047,13:10,Mostly Cloudy,20,28,NaN,NaN,NaN,NaN,32037
20191223,18195,3.446,15521,0,4530,15:15,Mostly Cloudy,16,26,NaN,NaN,NaN,NaN,32039
20191222,18349,3.475,15484,0,4561,12:40,Mostly Cloudy,18,21,NaN,NaN,NaN,NaN,32040
20191221,22551,4.271,19816,0,3933,13:45,Partly Cloudy,21,32,NaN,NaN,NaN,NaN,32041
20191220,26960,5.106,24033,0,4236,13:20,Fine,19,26,NaN,NaN,NaN,NaN,32041
20191219,16108,3.051,11665,0,3339,12:45,Mostly Cloudy,20,42,NaN,NaN,NaN,NaN,32041
20191218,29116,5.514,21819,0,4143,13:55,Fine,18,28,NaN,NaN,NaN,NaN,32040
20191217,30075,5.696,24360,0,4062,13:50,Fine,16,24,NaN,NaN,NaN,NaN,32039
20191216,23062,4.368,13128,0,4567,13:00,Partly Cloudy,18,22,NaN,NaN,NaN,NaN,32037
20191215,18808,3.562,11789,0,4023,12:45,Mostly Cloudy,20,29,NaN,NaN,NaN,NaN,32034
20191214,22861,4.330,13382,0,3960,13:25,Partly Cloudy,18,27,NaN,NaN,NaN,NaN,32031
20191213,14438,2.734,10050,0,4359,13:00,Mostly Cloudy,18,23,NaN,NaN,NaN,NaN,32028
20191212,20714,3.923,17344,0,4662,13:30,Mostly Cloudy,17,23,NaN,NaN,NaN,NaN,32023
20191211,19564,3.705,16178,0,4558,13:40,Mostly Cloudy,17,22,NaN,NaN,NaN,NaN,32018
20191210,16107,3.051,12152,0,3116,12:05,Mostly Cloudy,19,35,NaN,NaN,NaN,NaN,32013
20191209,23721,4.493,11336,0,4025,13:25,Partly Cloudy,20,27,NaN,NaN,NaN,NaN,32007
20191208,20915,3.961,14160,0,4397,13:50,Mostly Cloudy,18,26,NaN,NaN,NaN,NaN,32001
20191207,23507,4.452,8380,0,4196,12:55,Partly Cloudy,17,26,NaN,NaN,NaN,NaN,31994
20191206,13974,2.647,9514,0,2652,14:05,Mostly Cloudy,17,28,NaN,NaN,NaN,NaN,31986
20191205,19524,3.698,15586,0,3524,13:00,Mostly Cloudy,16,33,NaN,NaN,NaN,NaN,31977
20191204,18851,3.570,14236,0,2964,11:45,Mostly Cloudy,18,31,NaN,NaN,NaN,NaN,31967
20191203,24499,4.640,17581,0,3846,13:20,Partly Cloudy,14,28,NaN,NaN,NaN,NaN,31957
20191202,20601,3.902,15067,0,4789,14:10,Mostly Cloudy,16,23,NaN,NaN,NaN,NaN,31946
20191201,24038,4.553,17324,0,4322,13:30,Partly Cloudy,17,24,NaN,NaN,NaN,NaN,31933
20191130,14859,2.814,10216,0,4646,11:50,Mostly Cloudy,19,22,NaN,NaN,NaN,NaN,31920
20191129,26493,5.018,20026,0,4188,13:30,Fine,20,29,NaN,NaN,NaN,NaN,31906
20191128,31139,5.898,24448,0,4310,13:35,Fine,15,27,NaN,NaN,NaN,NaN,31891
20191127,32921,6.235,24112,0,4474,13:35,Fine,14,23,NaN,NaN,NaN,NaN,31875
20191126,19392,3.673,12170,0,4715,12:25,Mostly Cloudy,18,37,NaN,NaN,NaN,NaN,31858
20191125,17688,3.350,8768,0,4373,13:55,Mostly Cloudy,19,32,NaN,NaN,NaN,NaN,31840
20191124,22469,4.255,15662,0,4533,15:05,Partly Cloudy,18,22,NaN,NaN,NaN,NaN,31821
20191123,11089,2.100,5490,0,2760,12:50,Cloudy,17,22,NaN,NaN,NaN,NaN,31801
20191122,17581,3.330,12372,0,3949,12:30,Mostly Cloudy,19,22,NaN,NaN,NaN,NaN,31779
20191121,29657,5.617,24552,0,4210,13:35,Fine,17,29,NaN,NaN,NaN,NaN,31756
20191120,28202,5.341,22241,0,4677,13:50,Fine,17,23,NaN,NaN,NaN,NaN,31732
20191119,29890,5.661,22902,0,4265,13:20,Fine,16,34,NaN,NaN,NaN,NaN,31707
20191118,27671,5.241,17833,0,4118,12:50,Fine,16,26,NaN,NaN,NaN,NaN,31680
20191117,14929,2.827,9543,0,4529,13:10,Mostly Cloudy,17,22,NaN,NaN,NaN,NaN,31652
20191116,19156,3.628,14553,0,4457,15:30,Mostly Cloudy,17,22,NaN,NaN,NaN,NaN,31622
20191115,29052,5.502,12694,0,4373,13:10,Fine,16,33,NaN,NaN,NaN,NaN,31591
20191114,30000,5.682,21179,0,4446,13:25,Fine,15,26,NaN,NaN,NaN,NaN,31558
20191113,32799,6.212,28069,0,4587,13:20,Fine,13,22,NaN,NaN,NaN,NaN,31524
20191112,26550,5.028,19240,0,4341,13:10,Fine,15,37,NaN,NaN,NaN,NaN,31488
20191111,31444,5.955,15985,0,4410,13:20,Fine,15,27,NaN,NaN,NaN,NaN,31451
20191110,27175,5.147,19973,0,4838,12:05,Fine,14,23,NaN,NaN,NaN,NaN,31412
20191109,27160,5.144,22428,0,4739,16:05,Fine,11,19,NaN,NaN,NaN,NaN,31371
20191108,28482,5.394,11757,0,4449,13:20,Fine,18,32,NaN,NaN,NaN,NaN,31329
20191107,32064,6.073,16173,0,4433,13:10,Fine,19,30,NaN,NaN,NaN,NaN,31284
20191106,31668,5.998,26395,0,4418,13:15,Fine,12,30,NaN,NaN,NaN,NaN,31238
20191105,27459,5.201,23281,0,4828,12:25,Fine,14,18,NaN,NaN,NaN,NaN,31191
20191104,25763,4.879,20205,0,4545,11:35,Partly Cloudy,16,24,NaN,NaN,NaN,NaN,31141
20191103,15385,2.914,10938,0,4193,14:40,Mostly Cloudy,17,32,NaN,NaN,NaN,NaN,31089
20191102,25374,4.806,21091,0,4274,13:05,Partly Cloudy,18,27,NaN,NaN,NaN,NaN,31035
20191101,29047,5.501,21901,0,4040,13:05,Fine,18,27,NaN,NaN,NaN,NaN,30980
20191031,29053,5.502,19079,0,4022,13:05,Fine,17,27,NaN,NaN,NaN,NaN,30922
20191030,23039,4.363,18751,0,4370,14:30,Partly Cloudy,17,29,NaN,NaN,NaN,NaN,30863
20191029,29057,5.503,23737,0,4129,13:05,Fine,14,26,NaN,NaN,NaN,NaN,30802
20191028,12654,2.397,7773,0,4011,16:00,Cloudy,13,22,NaN,NaN,NaN,NaN,30739
20191027,30724,5.819,24298,0,4331,13:00,Fine,14,22,NaN,NaN,NaN,NaN,30673
20191026,27562,5.220,4223,0,4440,13:05,Fine,22,32,NaN,NaN,NaN,NaN,30606
20191025,22121,4.190,6979,0,4584,15:00,Partly Cloudy,18,38,NaN,NaN,NaN,NaN,30536
20191024,27186,5.149,20873,0,4219,12:50,Fine,17,25,NaN,NaN,NaN,NaN,30465
20191023,29827,5.649,20738,0,4253,12:55,Fine,16,26,NaN,NaN,NaN,NaN,30391
20191022,30379,5.754,24092,0,4277,12:55,Fine,13,25,NaN,NaN,NaN,NaN,30315
20191021,30040,5.689,22888,0,4249,13:00,Fine,12,23,NaN,NaN,NaN,NaN,30237
20191020,31040,5.879,21974,0,4469,12:55,Fine,12,21,NaN,NaN,NaN,NaN,30156
20191019,20687,3.918,16000,0,4800,13:00,Mostly Cloudy,12,30,NaN,NaN,NaN,NaN,30075
20191018,30660,5.807,24516,0,4323,13:00,Fine,13,25,NaN,NaN,NaN,NaN,29990
20191017,28728,5.441,22811,0,4289,12:55,Fine,16,29,NaN,NaN,NaN,NaN,29904
20191016,17755,3.363,13086,0,4698,13:15,Mostly Cloudy,17,22,NaN,NaN,NaN,NaN,29816
20191015,217,0.041,0,0,876,10:05,Showers,NaN,NaN,NaN,NaN,NaN,NaN,29725
