Date,Energy Generated,Efficiency,Energy Exported,Energy Used,Peak Power,Peak Time,Condition,Min. Temperature,Max. Temperature,Peak Energy Import,Off-Peak Energy Import,Shoulder Energy Import,High-Shoulder Energy Import,Insolation
20220410,20889,3.012,0,0,4968,12:35,Mostly Cloudy,14,25,NaN,NaN,NaN,NaN,27344
20220409,19971,2.880,0,0,3787,10:35,Mostly Cloudy,14,23,NaN,NaN,NaN,NaN,27633
20220408,16321,2.353,0,0,4286,11:50,Cloudy,17,23,NaN,NaN,NaN,NaN,27923
20220407,4809,0.693,0,0,1443,13:05,Showers,16,19,NaN,NaN,NaN,NaN,28214
20220406,2349,0.339,0,0,475,09:35,Showers,17,18,NaN,NaN,NaN,NaN,28506
20220405,29376,4.236,0,0,4623,11:50,Partly Cloudy,11,25,NaN,NaN,NaN,NaN,28799
20220404,29634,4.273,0,0,4784,11:35,Partly Cloudy,9,27,NaN,NaN,NaN,NaN,29093
20220403,25470,3.673,0,0,5042,11:20,Mostly Cloudy,12,26,NaN,NaN,NaN,NaN,29157
20220402,19071,2.750,0,0,3624,12:05,Mostly Cloudy,15,22,NaN,NaN,NaN,NaN,29683
20220401,12312,1.775,0,0,2544,12:20,Cloudy,13,19,NaN,NaN,NaN,NaN,29978
20220331,9138,1.318,0,0,2781,14:35,Cloudy,17,20,NaN,NaN,NaN,NaN,30274
20220330,19329,2.787,0,0,4012,14:20,Mostly Cloudy,15,24,NaN,NaN,NaN,NaN,30571
20220329,9327,1.345,0,0,3242,13:05,Cloudy,19,23,NaN,NaN,NaN,NaN,30867
20220328,16572,2.390,0,0,4705,10:50,Cloudy,16,25,NaN,NaN,NaN,NaN,31164
20220327,12819,1.848,0,0,3547,10:20,Cloudy,14,22,NaN,NaN,NaN,NaN,31460
20220326,13350,1.925,0,0,3011,13:05,Cloudy,17,22,NaN,NaN,NaN,NaN,31756
20220325,19634,2.831,0,0,5967,12:50,Mostly Cloudy,16,23,NaN,NaN,NaN,NaN,32052
20220324,6009,0.866,0,0,1976,15:35,Showers,18,19,NaN,NaN,NaN,NaN,32348
20220323,16152,2.329,0,0,3294,11:35,Cloudy,17,24,NaN,NaN,NaN,NaN,32643
20220322,33570,4.841,0,0,4949,12:50,Partly Cloudy,13,28,NaN,NaN,NaN,NaN,32938
20220321,24678,3.558,0,0,5390,13:05,Mostly Cloudy,17,24,NaN,NaN,NaN,NaN,33232
20220320,33648,4.852,0,0,5165,12:35,Partly Cloudy,15,25,NaN,NaN,NaN,NaN,33525
20220319,13464,1.941,0,0,2512,16:35,Cloudy,19,21,NaN,NaN,NaN,NaN,33818
20220318,27444,3.957,0,0,5448,13:05,Mostly Cloudy,18,28,NaN,NaN,NaN,NaN,34109
20220317,27480,3.963,0,0,4830,11:20,Mostly Cloudy,15,27,NaN,NaN,NaN,NaN,34400
20220316,20589,2.969,0,0,5222,13:20,Mostly Cloudy,17,24,NaN,NaN,NaN,NaN,34689
20220315,28215,4.068,0,0,5006,10:50,Partly Cloudy,12,24,NaN,NaN,NaN,NaN,34977
20220314,19965,2.879,0,0,3690,10:35,Mostly Cloudy,14,24,NaN,NaN,NaN,NaN,35263
20220313,18816,2.713,0,0,3366,11:20,Mostly Cloudy,14,23,NaN,NaN,NaN,NaN,35549
20220312,31812,4.587,0,0,6552,12:50,Partly Cloudy,14,25,NaN,NaN,NaN,NaN,35832
20220311,35064,5.056,0,0,5885,12:50,Fine,14,23,NaN,NaN,NaN,NaN,36114
20220310,39414,5.683,0,0,5619,12:20,Fine,15,22,NaN,NaN,NaN,NaN,36394
20220309,21204,3.058,0,0,4621,11:50,Mostly Cloudy,18,24,NaN,NaN,NaN,NaN,36673
20220308,3003,0.433,0,0,579,11:50,Showers,20,22,NaN,NaN,NaN,NaN,36950
20220307,11514,1.660,0,0,2892,14:50,Cloudy,22,26,NaN,NaN,NaN,NaN,37224
20220306,11844,1.708,0,0,3143,11:35,Cloudy,19,25,NaN,NaN,NaN,NaN,37497
20220305,24393,3.517,0,0,4080,13:35,Mostly Cloudy,20,28,NaN,NaN,NaN,NaN,37767
20220304,19599,2.826,0,0,5203,12:20,Mostly Cloudy,21,25,NaN,NaN,NaN,NaN,38036
20220303,18159,2.618,0,0,3088,13:05,Mostly Cloudy,19,24,NaN,NaN,NaN,NaN,38301
20220302,6411,0.924,0,0,1710,13:05,Showers,19,22,NaN,NaN,NaN,NaN,38565
20220301,18723,2.700,0,0,4126,12:50,Mostly Cloudy,18,23,NaN,NaN,NaN,NaN,38826
20220228,17187,2.478,0,0,3183,14:05,Cloudy,19,25,NaN,NaN,NaN,NaN,39085
20220227,21999,3.172,0,0,4513,13:05,Mostly Cloudy,18,25,NaN,NaN,NaN,NaN,39341
20220226,8922,1.287,0,0,1868,15:20,Cloudy,19,22,NaN,NaN,NaN,NaN,39594
20220225,10044,1.448,0,0,2592,15:35,Cloudy,20,23,NaN,NaN,NaN,NaN,39845
20220224,19485,2.810,0,0,5165,13:50,Mostly Cloudy,20,27,NaN,NaN,NaN,NaN,40092
20220223,20595,2.970,0,0,5290,13:35,Mostly Cloudy,19,26,NaN,NaN,NaN,NaN,40337
20220222,3900,0.562,0,0,912,16:05,Showers,19,22,NaN,NaN,NaN,NaN,40579
20220221,31704,4.572,0,0,5931,11:50,Partly Cloudy,20,31,NaN,NaN,NaN,NaN,40818
20220220,41070,5.922,0,0,5617,12:20,Fine,17,28,NaN,NaN,NaN,NaN,41054
20220219,11379,1.641,0,0,3609,13:20,Cloudy,19,23,NaN,NaN,NaN,NaN,41287
20220218,36468,5.259,0,0,5480,13:35,Fine,18,30,NaN,NaN,NaN,NaN,41517
20220217,37419,5.396,0,0,5621,11:35,Fine,16,32,NaN,NaN,NaN,NaN,41743
20220216,40803,5.884,0,0,5879,12:50,Fine,16,27,NaN,NaN,NaN,NaN,41966
20220215,39588,5.708,0,0,5881,13:05,Fine,16,27,NaN,NaN,NaN,NaN,42186
20220214,41247,5.948,0,0,5913,12:50,Fine,13,27,NaN,NaN,NaN,NaN,42403
20220213,34317,4.948,0,0,6171,12:05,Partly Cloudy,17,25,NaN,NaN,NaN,NaN,42616
20220212,16938,2.442,0,0,4575,11:20,Cloudy,20,23,NaN,NaN,NaN,NaN,42825
20220211,16572,2.390,0,0,5515,14:20,Cloudy,19,24,NaN,NaN,NaN,NaN,43031
20220210,38619,5.569,0,0,5811,13:50,Fine,15,33,NaN,NaN,NaN,NaN,43234
20220209,42156,6.079,0,0,6129,13:50,Fine,13,31,NaN,NaN,NaN,NaN,43433
20220208,25680,3.703,0,0,5985,13:50,Mostly Cloudy,15,25,NaN,NaN,NaN,NaN,43628
20220207,25986,3.747,0,0,4952,13:35,Mostly Cloudy,16,23,NaN,NaN,NaN,NaN,43820
20220206,32193,4.642,0,0,5176,14:35,Partly Cloudy,18,24,NaN,NaN,NaN,NaN,44008
20220205,27939,4.029,0,0,5463,13:05,Partly Cloudy,16,24,NaN,NaN,NaN,NaN,44192
20220204,25137,3.625,0,0,5490,10:35,Mostly Cloudy,15,23,NaN,NaN,NaN,NaN,44373
20220203,33105,4.774,0,0,5614,12:20,Partly Cloudy,18,23,NaN,NaN,NaN,NaN,44550
20220202,7125,1.027,0,0,1520,12:50,Cloudy,20,21,NaN,NaN,NaN,NaN,44723
20220201,34488,4.973,0,0,5595,12:50,Partly Cloudy,19,35,NaN,NaN,NaN,NaN,44892
20220131,32610,4.702,0,0,5919,13:05,Partly Cloudy,19,30,NaN,NaN,NaN,NaN,45057
20220130,41181,5.938,0,0,6346,12:05,Fine,20,28,NaN,NaN,NaN,NaN,45219
20220129,41325,5.959,0,0,6128,12:35,Fine,21,28,NaN,NaN,NaN,NaN,45376
20220128,45210,6.519,0,0,5951,12:50,Fine,22,28,NaN,NaN,NaN,NaN,45530
20220127,42891,6.185,0,0,6523,12:20,Fine,17,27,NaN,NaN,NaN,NaN,45680
20220126,39603,5.711,0,0,6469,11:50,Fine,18,26,NaN,NaN,NaN,NaN,45826
20220125,33705,4.860,0,0,5887,12:35,Partly Cloudy,20,26,NaN,NaN,NaN,NaN,45968
20220124,27297,3.936,0,0,5359,14:50,Mostly Cloudy,18,25,NaN,NaN,NaN,NaN,46105
20220123,33288,4.800,0,0,5326,15:05,Partly Cloudy,18,24,NaN,NaN,NaN,NaN,46239
20220122,28713,4.140,0,0,5594,14:20,Partly Cloudy,14,24,NaN,NaN,NaN,NaN,46369
20220121,27429,3.955,0,0,6651,11:50,Mostly Cloudy,18,24,NaN,NaN,NaN,NaN,46495
20220120,30663,4.421,0,0,5219,14:35,Partly Cloudy,19,23,NaN,NaN,NaN,NaN,46617
20220119,14049,2.026,0,0,4819,12:50,Cloudy,18,23,NaN,NaN,NaN,NaN,46735
20220118,14505,2.092,0,0,3222,11:50,Cloudy,22,23,NaN,NaN,NaN,NaN,46849
20220117,37662,5.431,0,0,6126,12:05,Fine,19,30,NaN,NaN,NaN,NaN,46959
20220116,41448,5.977,0,0,6200,12:20,Fine,20,27,NaN,NaN,NaN,NaN,47065
20220115,24483,3.530,0,0,5587,14:35,Mostly Cloudy,20,30,NaN,NaN,NaN,NaN,47167
20220114,38862,5.604,0,0,6065,13:05,Fine,18,28,NaN,NaN,NaN,NaN,47265
20220113,19998,2.884,0,0,4304,09:20,Mostly Cloudy,19,24,NaN,NaN,NaN,NaN,47358
20220112,33672,4.855,0,0,6599,13:20,Partly Cloudy,21,26,NaN,NaN,NaN,NaN,47448
20220111,27975,4.034,0,0,5783,11:35,Partly Cloudy,22,28,NaN,NaN,NaN,NaN,47534
20220110,31683,4.569,0,0,7140,13:20,Partly Cloudy,20,28,NaN,NaN,NaN,NaN,47615
20220109,21228,3.061,0,0,4223,11:20,Mostly Cloudy,21,24,NaN,NaN,NaN,NaN,47693
20220108,39573,5.706,0,0,6363,13:35,Fine,19,32,NaN,NaN,NaN,NaN,47767
20220107,18573,2.678,0,0,3181,14:20,Mostly Cloudy,22,26,NaN,NaN,NaN,NaN,47836
20220106,33327,4.806,0,0,5444,12:20,Partly Cloudy,21,27,NaN,NaN,NaN,NaN,47902
20220105,20112,2.900,0,0,4763,12:50,Mostly Cloudy,19,25,NaN,NaN,NaN,NaN,47963
20220104,27627,3.984,0,0,5312,15:35,Mostly Cloudy,18,27,NaN,NaN,NaN,NaN,48020
20220103,39561,5.705,0,0,6261,11:20,Fine,18,27,NaN,NaN,NaN,NaN,48074
20220102,49551,7.145,0,0,6157,12:35,Fine,18,28,NaN,NaN,NaN,NaN,48123
20220101,42738,6.163,0,0,6702,13:35,Fine,16,27,NaN,NaN,NaN,NaN,48168
20211231,51285,7.395,0,0,6341,12:50,Fine,14,27,NaN,NaN,NaN,NaN,48210
20211230,50028,7.214,0,0,6380,10:50,Fine,12,26,NaN,NaN,NaN,NaN,48247
20211229,28653,4.132,0,0,5190,15:20,Partly Cloudy,13,23,NaN,NaN,NaN,NaN,48280
20211228,26304,3.793,0,0,5422,13:35,Mostly Cloudy,15,21,NaN,NaN,NaN,NaN,48309
20211227,27741,4.000,0,0,5684,11:35,Partly Cloudy,18,22,NaN,NaN,NaN,NaN,48334
20211226,29412,4.241,0,0,6780,11:50,Partly Cloudy,18,26,NaN,NaN,NaN,NaN,48355
20211225,47037,6.783,0,0,6100,12:35,Fine,18,29,NaN,NaN,NaN,NaN,48373
20211224,38667,5.576,0,0,6257,12:50,Fine,19,26,NaN,NaN,NaN,NaN,48386
20211223,17322,2.498,0,0,4430,13:05,Cloudy,20,27,NaN,NaN,NaN,NaN,48395
20211222,27336,3.942,0,0,5682,13:20,Mostly Cloudy,21,25,NaN,NaN,NaN,NaN,48400
20211221,49575,7.149,0,0,6121,12:50,Fine,19,28,NaN,NaN,NaN,NaN,48401
20211220,39249,5.660,0,0,5975,13:20,Fine,17,28,NaN,NaN,NaN,NaN,48398
20211219,29826,4.301,0,0,5552,12:20,Partly Cloudy,21,34,NaN,NaN,NaN,NaN,48391
20211218,40494,5.839,0,0,6224,11:50,Fine,16,33,NaN,NaN,NaN,NaN,48380
20211217,32790,4.728,0,0,5854,14:05,Partly Cloudy,17,25,NaN,NaN,NaN,NaN,48365
20211216,23436,3.379,0,0,4934,10:20,Mostly Cloudy,19,24,NaN,NaN,NaN,NaN,48346
20211215,48072,6.932,0,0,6081,12:35,Fine,13,29,NaN,NaN,NaN,NaN,48323
20211214,45732,6.594,0,0,6381,12:35,Fine,12,24,NaN,NaN,NaN,NaN,48296
20211213,50148,7.231,0,0,6309,12:35,Fine,16,22,NaN,NaN,NaN,NaN,48264
20211212,41910,6.043,0,0,6998,11:20,Fine,14,21,NaN,NaN,NaN,NaN,48229
20211211,33885,4.886,0,0,6448,13:05,Partly Cloudy,15,21,NaN,NaN,NaN,NaN,48190
20211210,23175,3.342,0,0,6169,10:35,Mostly Cloudy,13,22,NaN,NaN,NaN,NaN,48147
20211209,34392,4.959,0,0,6286,11:35,Partly Cloudy,16,23,NaN,NaN,NaN,NaN,48100
20211208,12231,1.764,0,0,2804,11:20,Cloudy,17,19,NaN,NaN,NaN,NaN,48049
20211207,32205,4.644,0,0,6015,13:50,Partly Cloudy,16,28,NaN,NaN,NaN,NaN,47994
20211206,19494,2.811,0,0,3701,11:05,Mostly Cloudy,14,22,NaN,NaN,NaN,NaN,47935
20211205,11454,1.652,0,0,2665,11:20,Cloudy,16,19,NaN,NaN,NaN,NaN,47872
20211204,22104,3.187,0,0,4289,14:20,Mostly Cloudy,17,21,NaN,NaN,NaN,NaN,47805
20211203,32532,4.691,0,0,5869,11:05,Partly Cloudy,16,29,NaN,NaN,NaN,NaN,47734
20211202,43989,6.343,0,0,6168,12:05,Fine,15,26,NaN,NaN,NaN,NaN,47657
20211201,42687,6.155,0,0,6079,13:35,Fine,18,26,NaN,NaN,NaN,NaN,47578
20211130,15936,2.298,0,0,3078,12:50,Cloudy,17,21,NaN,NaN,NaN,NaN,47495
20211129,29928,4.316,0,0,5166,10:35,Partly Cloudy,14,21,NaN,NaN,NaN,NaN,47408
20211128,31563,4.551,0,0,6476,11:20,Partly Cloudy,15,20,NaN,NaN,NaN,NaN,47317
20211127,19905,2.870,0,0,3876,14:05,Mostly Cloudy,15,18,NaN,NaN,NaN,NaN,47222
20211126,10476,1.511,0,0,2689,14:05,Cloudy,16,18,NaN,NaN,NaN,NaN,47123
20211125,16197,2.336,0,0,3662,12:20,Cloudy,20,25,NaN,NaN,NaN,NaN,47020
20211124,26847,3.871,0,0,5568,13:20,Mostly Cloudy,17,26,NaN,NaN,NaN,NaN,46913
20211123,19941,2.875,0,0,3112,09:35,Mostly Cloudy,16,21,NaN,NaN,NaN,NaN,46803
20211122,26946,3.886,0,0,5986,14:05,Mostly Cloudy,15,20,NaN,NaN,NaN,NaN,46685
20211121,7044,1.016,0,0,1243,11:20,Cloudy,15,15,NaN,NaN,NaN,NaN,46567
20211120,13095,1.888,0,0,2525,12:35,Cloudy,17,20,NaN,NaN,NaN,NaN,46444
20211119,22065,3.182,0,0,5870,12:50,Mostly Cloudy,16,29,NaN,NaN,NaN,NaN,46318
20211118,47271,6.816,0,0,6285,11:50,Fine,12,25,NaN,NaN,NaN,NaN,46188
20211117,33186,4.785,0,0,6094,14:20,Partly Cloudy,10,20,NaN,NaN,NaN,NaN,46054
20211116,47841,6.898,0,0,6643,10:50,Fine,10,19,NaN,NaN,NaN,NaN,45916
20211115,41751,6.020,0,0,6641,12:50,Fine,8,22,NaN,NaN,NaN,NaN,45770
20211114,32742,4.721,0,0,6914,12:20,Partly Cloudy,8,22,NaN,NaN,NaN,NaN,45625
20211113,32436,4.677,0,0,4917,11:05,Partly Cloudy,13,20,NaN,NaN,NaN,NaN,45475
20211112,24501,3.533,0,0,5852,13:35,Mostly Cloudy,12,20,NaN,NaN,NaN,NaN,45322
20211111,11793,1.701,0,0,3064,11:50,Cloudy,17,18,NaN,NaN,NaN,NaN,45165
20211110,7698,1.110,0,0,1567,15:50,Cloudy,18,21,NaN,NaN,NaN,NaN,45004
20211109,33441,4.822,0,0,5895,11:50,Partly Cloudy,16,24,NaN,NaN,NaN,NaN,44840
20211108,29715,4.285,0,0,5650,13:20,Partly Cloudy,17,22,NaN,NaN,NaN,NaN,44668
20211107,14097,2.033,0,0,3200,11:05,Cloudy,15,23,NaN,NaN,NaN,NaN,44496
20211106,45327,6.536,0,0,5895,12:05,Fine,13,24,NaN,NaN,NaN,NaN,44320
20211105,22710,3.275,0,0,4733,12:35,Mostly Cloudy,16,23,NaN,NaN,NaN,NaN,44141
20211104,12027,1.734,0,0,2085,14:35,Cloudy,17,20,NaN,NaN,NaN,NaN,43958
20211103,38658,5.574,0,0,6108,13:05,Fine,14,23,NaN,NaN,NaN,NaN,43771
20211102,45360,6.541,0,0,6046,13:05,Fine,12,24,NaN,NaN,NaN,NaN,43578
20211101,30762,4.436,0,0,5275,12:05,Partly Cloudy,9,23,NaN,NaN,NaN,NaN,43384
20211031,30873,4.452,0,0,6023,13:35,Partly Cloudy,9,21,NaN,NaN,NaN,NaN,43187
20211030,31218,4.502,0,0,6187,13:50,Partly Cloudy,15,18,NaN,NaN,NaN,NaN,42987
20211029,31836,4.591,0,0,5847,11:35,Partly Cloudy,15,32,NaN,NaN,NaN,NaN,42783
20211028,36036,5.196,0,0,5578,12:35,Fine,14,31,NaN,NaN,NaN,NaN,42572
20211027,40176,5.793,0,0,5921,12:50,Fine,14,24,NaN,NaN,NaN,NaN,42362
20211026,31107,4.486,0,0,5426,13:35,Partly Cloudy,9,20,NaN,NaN,NaN,NaN,42148
20211025,38991,5.622,0,0,5891,12:50,Fine,11,21,NaN,NaN,NaN,NaN,41931
20211024,35073,5.057,0,0,6262,13:05,Fine,16,20,NaN,NaN,NaN,NaN,41710
20211023,40374,5.822,0,0,5643,14:05,Fine,12,28,NaN,NaN,NaN,NaN,41487
20211022,30951,4.463,0,0,5668,13:20,Partly Cloudy,13,23,NaN,NaN,NaN,NaN,41257
20211021,35094,5.060,0,0,5957,12:05,Fine,11,22,NaN,NaN,NaN,NaN,41027
20211020,33849,4.881,0,0,5862,13:20,Partly Cloudy,8,21,NaN,NaN,NaN,NaN,40795
20211019,30504,4.399,0,0,5787,11:50,Partly Cloudy,11,23,NaN,NaN,NaN,NaN,40559
20211018,41841,6.033,0,0,5681,12:35,Fine,9,26,NaN,NaN,NaN,NaN,40320
20211017,41721,6.016,0,0,5825,12:20,Fine,6,21,NaN,NaN,NaN,NaN,40076
20211016,29277,4.222,0,0,5434,12:50,Partly Cloudy,12,22,NaN,NaN,NaN,NaN,39832
20211015,30720,4.430,0,0,5706,11:50,Partly Cloudy,13,22,NaN,NaN,NaN,NaN,39586
20211014,28548,4.117,0,0,5568,12:50,Partly Cloudy,15,24,NaN,NaN,NaN,NaN,39336
20211013,16665,2.403,0,0,3877,12:20,Cloudy,13,18,NaN,NaN,NaN,NaN,39084
20211012,17436,2.514,0,0,3923,12:20,Mostly Cloudy,12,17,NaN,NaN,NaN,NaN,38827
20211011,10473,1.510,0,0,2725,13:35,Cloudy,10,13,NaN,NaN,NaN,NaN,38570
20211010,20697,2.984,0,0,5815,12:05,Mostly Cloudy,12,26,NaN,NaN,NaN,NaN,38311
20211009,37200,5.364,0,0,5290,12:50,Fine,10,27,NaN,NaN,NaN,NaN,38049
20211008,33396,4.816,0,0,5709,12:05,Partly Cloudy,14,20,NaN,NaN,NaN,NaN,37783
20211007,32103,4.629,0,0,5342,11:05,Partly Cloudy,8,29,NaN,NaN,NaN,NaN,37517
20211006,39234,5.657,0,0,5433,12:20,Fine,9,24,NaN,NaN,NaN,NaN,37249
20211005,37011,5.337,0,0,5640,12:20,Fine,9,21,NaN,NaN,NaN,NaN,36979
20211004,35010,5.048,0,0,5642,13:35,Fine,13,26,NaN,NaN,NaN,NaN,36707
20211003,29511,4.255,0,0,4962,10:50,Partly Cloudy,10,24,NaN,NaN,NaN,NaN,36433
20211002,25951,3.742,0,0,5448,10:35,Mostly Cloudy,9,23,NaN,NaN,NaN,NaN,36156
20211001,26658,3.844,0,0,5238,11:35,Mostly Cloudy,13,25,NaN,NaN,NaN,NaN,35879
20210930,25725,3.709,0,0,4758,09:50,Mostly Cloudy,12,23,NaN,NaN,NaN,NaN,35600
20210929,12795,1.845,0,0,3548,08:20,Cloudy,11,21,NaN,NaN,NaN,NaN,35319
20210928,29949,4.319,0,0,5228,12:35,Partly Cloudy,6,22,NaN,NaN,NaN,NaN,35036
20210927,24912,3.592,0,0,5691,12:35,Mostly Cloudy,7,18,NaN,NaN,NaN,NaN,34753
20210926,25800,3.720,0,0,5006,11:35,Mostly Cloudy,10,15,NaN,NaN,NaN,NaN,34469
20210925,31482,4.540,0,0,5270,11:20,Partly Cloudy,7,20,NaN,NaN,NaN,NaN,34183
20210924,30429,4.388,0,0,5413,11:35,Partly Cloudy,7,26,NaN,NaN,NaN,NaN,33896
20210923,34518,4.977,0,0,5015,11:35,Partly Cloudy,7,27,NaN,NaN,NaN,NaN,33608
20210922,35289,5.089,0,0,5189,11:35,Fine,7,18,NaN,NaN,NaN,NaN,33320
20210921,31332,4.518,0,0,5295,11:50,Partly Cloudy,8,16,NaN,NaN,NaN,NaN,33031
20210920,34068,4.912,0,0,5005,11:05,Partly Cloudy,7,25,NaN,NaN,NaN,NaN,32741
20210919,34080,4.914,0,0,5036,11:05,Partly Cloudy,5,23,NaN,NaN,NaN,NaN,32450
20210918,11667,1.682,0,0,2300,12:05,Cloudy,12,23,NaN,NaN,NaN,NaN,32159
20210917,33663,4.854,0,0,4976,11:35,Partly Cloudy,5,21,NaN,NaN,NaN,NaN,31868
20210916,25827,3.724,0,0,5411,11:20,Mostly Cloudy,7,16,NaN,NaN,NaN,NaN,31576
20210915,31059,4.479,0,0,5044,12:05,Partly Cloudy,7,17,NaN,NaN,NaN,NaN,31285
20210914,22338,3.221,0,0,4505,12:20,Mostly Cloudy,9,15,NaN,NaN,NaN,NaN,30993
20210913,19161,2.763,0,0,5215,12:05,Mostly Cloudy,11,17,NaN,NaN,NaN,NaN,30701
20210912,31506,4.543,0,0,4724,11:05,Partly Cloudy,9,29,NaN,NaN,NaN,NaN,30409
20210911,31674,4.567,0,0,4782,11:35,Partly Cloudy,7,28,NaN,NaN,NaN,NaN,30118
20210910,23904,3.447,0,0,4848,11:20,Mostly Cloudy,9,24,NaN,NaN,NaN,NaN,29827
20210909,29409,4.241,0,0,5340,12:05,Partly Cloudy,6,27,NaN,NaN,NaN,NaN,29536
20210908,30700,4.427,0,0,4653,11:35,Partly Cloudy,5,22,NaN,NaN,NaN,NaN,29246
20210907,31368,4.523,0,0,4784,11:20,Partly Cloudy,4,23,NaN,NaN,NaN,NaN,28956
20210906,27990,4.036,0,0,4595,12:35,Partly Cloudy,8,18,NaN,NaN,NaN,NaN,28668
20210905,22488,3.243,0,0,4795,10:50,Mostly Cloudy,13,18,NaN,NaN,NaN,NaN,28380
20210904,12657,1.825,0,0,3656,11:35,Cloudy,12,22,NaN,NaN,NaN,NaN,28093
20210903,27897,4.023,0,0,4339,11:35,Partly Cloudy,9,24,NaN,NaN,NaN,NaN,27807
20210902,18477,2.664,0,0,3767,13:35,Mostly Cloudy,9,22,NaN,NaN,NaN,NaN,27522
20210901,27774,4.005,0,0,4334,11:20,Partly Cloudy,4,24,NaN,NaN,NaN,NaN,27238
20210831,28014,4.040,0,0,4336,11:20,Partly Cloudy,4,22,NaN,NaN,NaN,NaN,26956
20210830,26454,3.815,0,0,4488,11:20,Mostly Cloudy,3,19,NaN,NaN,NaN,NaN,26675
20210829,16290,2.349,0,0,3432,11:05,Cloudy,4,17,NaN,NaN,NaN,NaN,26396
20210828,14241,2.053,0,0,3548,11:05,Cloudy,6,17,NaN,NaN,NaN,NaN,26118
20210827,21306,3.072,0,0,4528,13:05,Mostly Cloudy,3,20,NaN,NaN,NaN,NaN,25842
20210826,22740,3.279,0,0,4219,10:35,Mostly Cloudy,4,17,NaN,NaN,NaN,NaN,25568
20210825,16437,2.370,0,0,3353,11:35,Cloudy,8,15,NaN,NaN,NaN,NaN,25296
20210824,1605,0.231,0,0,1003,11:05,Showers,9,10,NaN,NaN,NaN,NaN,25026
20210823,12204,1.760,0,0,3037,10:05,Cloudy,9,24,NaN,NaN,NaN,NaN,24758
20210822,22737,3.279,0,0,3965,11:35,Mostly Cloudy,6,26,NaN,NaN,NaN,NaN,24492
20210821,15858,2.287,0,0,4105,12:05,Cloudy,9,23,NaN,NaN,NaN,NaN,24229
20210820,24732,3.566,0,0,3999,11:50,Mostly Cloudy,7,23,NaN,NaN,NaN,NaN,23968
20210819,23130,3.335,0,0,3989,11:35,Mostly Cloudy,4,21,NaN,NaN,NaN,NaN,23709
20210818,23238,3.351,0,0,4832,12:20,Mostly Cloudy,6,19,NaN,NaN,NaN,NaN,23453
20210817,24900,3.590,0,0,4071,11:20,Mostly Cloudy,5,18,NaN,NaN,NaN,NaN,23200
20210816,24264,3.499,0,0,3977,11:35,Mostly Cloudy,2,22,NaN,NaN,NaN,NaN,22949
20210815,24456,3.526,0,0,4083,11:35,Mostly Cloudy,4,20,NaN,NaN,NaN,NaN,22701
20210814,23358,3.368,0,0,3880,12:50,Mostly Cloudy,3,20,NaN,NaN,NaN,NaN,22457
20210813,23799,3.432,0,0,3948,11:50,Mostly Cloudy,3,19,NaN,NaN,NaN,NaN,22215
20210812,22970,3.312,0,0,4005,11:35,Mostly Cloudy,19,19,NaN,NaN,NaN,NaN,21976
20210811,22392,3.229,0,0,3819,11:35,Mostly Cloudy,23,23,NaN,NaN,NaN,NaN,21741
20210810,20511,2.958,0,0,3772,11:35,Mostly Cloudy,5,21,NaN,NaN,NaN,NaN,21508
20210809,18282,2.636,0,0,4236,12:20,Mostly Cloudy,6,18,NaN,NaN,NaN,NaN,21280
20210808,8745,1.261,0,0,1958,12:20,Cloudy,9,16,NaN,NaN,NaN,NaN,21054
20210807,22329,3.220,0,0,3811,11:35,Mostly Cloudy,4,19,NaN,NaN,NaN,NaN,20832
20210806,21888,3.156,0,0,3747,11:35,Mostly Cloudy,4,20,NaN,NaN,NaN,NaN,20614
20210805,21006,3.029,0,0,3924,12:05,Mostly Cloudy,4,19,NaN,NaN,NaN,NaN,20399
20210804,21432,3.090,0,0,3975,11:35,Mostly Cloudy,4,15,NaN,NaN,NaN,NaN,20188
20210803,20559,2.965,0,0,3695,11:35,Mostly Cloudy,9,19,NaN,NaN,NaN,NaN,19981
20210802,18021,2.599,0,0,3495,11:20,Mostly Cloudy,4,18,NaN,NaN,NaN,NaN,19777
20210801,12397,1.788,0,0,3617,11:20,Cloudy,11,25,NaN,NaN,NaN,NaN,19578
20210731,14508,2.092,0,0,3098,13:05,Cloudy,3,22,NaN,NaN,NaN,NaN,19382
20210730,20703,2.985,0,0,3576,11:35,Mostly Cloudy,1,18,NaN,NaN,NaN,NaN,19191
20210729,20310,2.929,0,0,3550,11:35,Mostly Cloudy,10,17,NaN,NaN,NaN,NaN,19004
20210728,16563,2.388,0,0,3357,10:20,Cloudy,7,25,NaN,NaN,NaN,NaN,18820
20210727,19194,2.768,0,0,3453,11:05,Mostly Cloudy,5,20,NaN,NaN,NaN,NaN,18641
20210726,14283,2.060,0,0,3964,12:05,Cloudy,4,19,NaN,NaN,NaN,NaN,18467
20210725,19137,2.759,0,0,3803,12:20,Mostly Cloudy,10,15,NaN,NaN,NaN,NaN,18297
20210724,16341,2.356,0,0,3570,11:50,Cloudy,8,18,NaN,NaN,NaN,NaN,18131
20210723,9021,1.301,0,0,3055,11:35,Cloudy,7,16,NaN,NaN,NaN,NaN,17969
20210722,18828,2.715,0,0,3340,11:35,Mostly Cloudy,2,17,NaN,NaN,NaN,NaN,17812
20210721,12063,1.739,0,0,2826,12:20,Cloudy,8,14,NaN,NaN,NaN,NaN,17660
20210720,13143,1.895,0,0,3346,11:05,Cloudy,3,15,NaN,NaN,NaN,NaN,17512
20210719,15609,2.251,0,0,3608,09:50,Cloudy,2,15,NaN,NaN,NaN,NaN,17369
20210718,17901,2.581,0,0,3242,11:35,Mostly Cloudy,8,18,NaN,NaN,NaN,NaN,17230
20210717,16341,2.356,0,0,3330,11:35,Cloudy,12,15,NaN,NaN,NaN,NaN,17097
20210716,15462,2.230,0,0,3215,11:35,Cloudy,7,18,NaN,NaN,NaN,NaN,16968
20210715,16146,2.328,0,0,3128,12:05,Cloudy,9,22,NaN,NaN,NaN,NaN,16843
20210714,2985,0.430,0,0,929,10:20,Showers,6,14,NaN,NaN,NaN,NaN,16724
20210713,15729,2.268,0,0,3078,11:35,Cloudy,3,19,NaN,NaN,NaN,NaN,16609
20210712,14952,2.156,0,0,3070,12:05,Cloudy,5,17,NaN,NaN,NaN,NaN,16500
20210711,13080,1.886,0,0,3488,11:35,Cloudy,7,17,NaN,NaN,NaN,NaN,16395
20210710,5697,0.821,0,0,1570,10:50,Showers,10,14,NaN,NaN,NaN,NaN,16295
20210709,3393,0.489,0,0,930,10:05,Showers,5,12,NaN,NaN,NaN,NaN,16200
20210708,14304,2.063,0,0,2599,11:20,Cloudy,2,17,NaN,NaN,NaN,NaN,16111
20210707,14544,2.097,0,0,3453,10:35,Cloudy,2,17,NaN,NaN,NaN,NaN,16026
20210706,16026,2.311,0,0,3066,11:20,Cloudy,4,16,NaN,NaN,NaN,NaN,15946
20210705,16014,2.309,0,0,3058,11:20,Cloudy,2,16,NaN,NaN,NaN,NaN,15872
20210704,16620,2.397,0,0,3109,11:20,Cloudy,3,15,NaN,NaN,NaN,NaN,15802
20210703,15447,2.227,0,0,2985,11:20,Cloudy,4,19,NaN,NaN,NaN,NaN,15738
20210702,13329,1.922,0,0,2983,10:50,Cloudy,9,19,NaN,NaN,NaN,NaN,15679
20210701,9966,1.437,0,0,2844,12:05,Cloudy,9,17,NaN,NaN,NaN,NaN,15624
20210630,9693,1.398,0,0,2898,12:20,Cloudy,9,18,NaN,NaN,NaN,NaN,15576
20210629,7990,1.152,0,0,2375,11:35,Cloudy,5,16,NaN,NaN,NaN,NaN,15532
20210628,8025,1.157,0,0,2386,09:50,Cloudy,4,16,NaN,NaN,NaN,NaN,15493
20210627,16125,2.325,0,0,3056,11:35,Cloudy,2,19,NaN,NaN,NaN,NaN,15460
20210626,15480,2.232,0,0,3231,11:20,Cloudy,4,18,NaN,NaN,NaN,NaN,15432
20210625,15798,2.278,0,0,3023,11:35,Cloudy,8,19,NaN,NaN,NaN,NaN,15409
20210624,8205,1.183,0,0,2626,13:50,Cloudy,9,21,NaN,NaN,NaN,NaN,15391
20210623,12099,1.745,0,0,2939,11:50,Cloudy,7,18,NaN,NaN,NaN,NaN,15379
20210622,11073,1.597,0,0,3352,12:05,Cloudy,7,17,NaN,NaN,NaN,NaN,15372
20210621,10143,1.463,0,0,3353,11:05,Cloudy,8,16,NaN,NaN,NaN,NaN,15370
20210620,6030,0.870,0,0,2303,13:05,Showers,11,15,NaN,NaN,NaN,NaN,15373
20210619,4293,0.619,0,0,1215,11:20,Showers,10,15,NaN,NaN,NaN,NaN,15382
20210618,15276,2.203,0,0,3137,11:35,Cloudy,3,18,NaN,NaN,NaN,NaN,15396
20210617,15891,2.291,0,0,3047,11:35,Cloudy,8,17,NaN,NaN,NaN,NaN,15415
20210616,15777,2.275,0,0,2972,11:35,Cloudy,4,19,NaN,NaN,NaN,NaN,15440
20210615,9315,1.343,0,0,2991,12:20,Cloudy,8,17,NaN,NaN,NaN,NaN,15469
20210614,11589,1.671,0,0,2947,11:50,Cloudy,6,17,NaN,NaN,NaN,NaN,15504
20210613,16038,2.313,0,0,3031,11:35,Cloudy,3,18,NaN,NaN,NaN,NaN,15544
20210612,15882,2.290,0,0,3283,11:20,Cloudy,4,17,NaN,NaN,NaN,NaN,15590
20210611,13557,1.955,0,0,3022,11:35,Cloudy,3,15,NaN,NaN,NaN,NaN,15640
20210610,4674,0.674,0,0,1020,13:35,Showers,2,10,NaN,NaN,NaN,NaN,15696
20210609,14941,2.154,0,0,3118,11:20,Cloudy,8,15,NaN,NaN,NaN,NaN,15757
20210608,7821,1.128,0,0,2463,13:35,Cloudy,NaN,NaN,NaN,NaN,NaN,NaN,15824
20210607,15531,2.240,0,0,3151,11:05,Cloudy,NaN,NaN,NaN,NaN,NaN,NaN,15895
20210606,16227,2.340,0,0,3020,11:20,Cloudy,NaN,NaN,NaN,NaN,NaN,NaN,15972
20210605,16791,2.421,0,0,3096,11:20,Cloudy,NaN,NaN,NaN,NaN,NaN,NaN,16054
20210604,13734,1.980,0,0,3029,11:20,Cloudy,NaN,NaN,NaN,NaN,NaN,NaN,16140
20210603,2913,0.420,0,0,754,08:35,Showers,NaN,NaN,NaN,NaN,NaN,NaN,16232
20210602,16290,2.349,0,0,3033,11:20,Cloudy,NaN,NaN,NaN,NaN,NaN,NaN,16330
20210601,15657,2.258,0,0,4047,10:50,Cloudy,NaN,NaN,NaN,NaN,NaN,NaN,16432
20210531,16773,2.419,0,0,3063,11:20,Cloudy,NaN,NaN,NaN,NaN,NaN,NaN,16539
20210530,10188,1.469,0,0,2615,11:05,Cloudy,NaN,NaN,NaN,NaN,NaN,NaN,16651
20210529,11157,1.609,0,0,3185,10:50,Cloudy,NaN,NaN,NaN,NaN,NaN,NaN,16768
20210528,17886,2.579,0,0,3332,11:20,Mostly Cloudy,NaN,NaN,NaN,NaN,NaN,NaN,16891
20210527,18033,2.600,0,0,3245,11:20,Mostly Cloudy,NaN,NaN,NaN,NaN,NaN,NaN,17018
20210526,17589,2.536,0,0,3226,11:20,Mostly Cloudy,11,21,NaN,NaN,NaN,NaN,17150
20210525,17611,2.539,0,0,3180,11:20,Mostly Cloudy,7,21,NaN,NaN,NaN,NaN,17287
20210524,8835,1.274,0,0,2546,12:50,Cloudy,9,19,NaN,NaN,NaN,NaN,17428
20210523,12363,1.783,0,0,2879,10:50,Cloudy,7,20,NaN,NaN,NaN,NaN,17575
20210522,17316,2.497,0,0,3193,12:05,Cloudy,5,20,NaN,NaN,NaN,NaN,17726
20210521,5742,0.828,0,0,2421,10:20,Showers,5,17,NaN,NaN,NaN,NaN,17882
20210520,16485,2.377,0,0,3890,12:20,Cloudy,4,21,NaN,NaN,NaN,NaN,18043
20210519,19260,2.777,0,0,3384,11:20,Mostly Cloudy,4,20,NaN,NaN,NaN,NaN,18208
20210518,19146,2.761,0,0,3358,11:20,Mostly Cloudy,4,19,NaN,NaN,NaN,NaN,18378
20210517,18498,2.667,0,0,3654,11:35,Mostly Cloudy,8,18,NaN,NaN,NaN,NaN,18552
20210516,20430,2.946,0,0,3551,11:20,Mostly Cloudy,5,18,NaN,NaN,NaN,NaN,18731
20210515,14844,2.140,0,0,3224,09:20,Cloudy,5,18,NaN,NaN,NaN,NaN,18914
20210514,20964,3.023,0,0,3670,11:20,Mostly Cloudy,9,19,NaN,NaN,NaN,NaN,19102
20210513,19560,2.820,0,0,3470,11:20,Mostly Cloudy,11,23,NaN,NaN,NaN,NaN,19294
20210512,18690,2.695,0,0,3686,11:50,Mostly Cloudy,10,20,NaN,NaN,NaN,NaN,19490
20210511,15504,2.236,0,0,3556,11:05,Cloudy,11,22,NaN,NaN,NaN,NaN,19690
20210510,18831,2.715,0,0,3558,11:20,Mostly Cloudy,10,24,NaN,NaN,NaN,NaN,19895
20210509,7875,1.136,0,0,1551,11:35,Cloudy,13,20,NaN,NaN,NaN,NaN,20103
20210508,18207,2.625,0,0,3526,10:20,Mostly Cloudy,12,25,NaN,NaN,NaN,NaN,20316
20210507,13707,1.976,0,0,3494,10:35,Cloudy,17,22,NaN,NaN,NaN,NaN,20532
20210506,9744,1.405,0,0,2557,13:20,Cloudy,16,21,NaN,NaN,NaN,NaN,20752
20210505,7725,1.114,0,0,2421,12:20,Cloudy,14,20,NaN,NaN,NaN,NaN,20976
20210504,2994,0.432,0,0,796,09:50,Showers,11,16,NaN,NaN,NaN,NaN,21204
20210503,20460,2.950,0,0,3610,11:35,Mostly Cloudy,10,25,NaN,NaN,NaN,NaN,21435
20210502,18747,2.703,0,0,3296,13:05,Mostly Cloudy,10,23,NaN,NaN,NaN,NaN,21670
20210501,15420,2.224,0,0,4588,11:05,Cloudy,10,23,NaN,NaN,NaN,NaN,21908
20210430,14346,2.069,0,0,3727,11:05,Cloudy,8,22,NaN,NaN,NaN,NaN,22150
20210311,6,0.001,0,0,29,06:50,Showers,NaN,NaN,NaN,NaN,NaN,NaN,36419
20210310,20949,3.021,0,0,4930,12:50,Mostly Cloudy,18,25,NaN,NaN,NaN,NaN,36702
20210309,28902,4.168,0,0,5193,11:50,Partly Cloudy,16,27,NaN,NaN,NaN,NaN,36984
20210308,22722,3.276,0,0,4855,13:20,Mostly Cloudy,16,31,NaN,NaN,NaN,NaN,37264
20210307,32970,4.754,0,0,5597,11:20,Partly Cloudy,14,25,NaN,NaN,NaN,NaN,37542
20210306,34659,4.998,0,0,5522,13:05,Partly Cloudy,17,23,NaN,NaN,NaN,NaN,37818
20210305,31677,4.568,0,0,5695,12:50,Partly Cloudy,13,24,NaN,NaN,NaN,NaN,38092
20210304,33318,4.804,0,0,5692,12:20,Partly Cloudy,14,28,NaN,NaN,NaN,NaN,38363
20210303,33636,4.850,0,0,5672,12:20,Partly Cloudy,17,22,NaN,NaN,NaN,NaN,38632
20210302,27261,3.931,0,0,5395,11:20,Mostly Cloudy,17,23,NaN,NaN,NaN,NaN,38899
20210301,36894,5.320,0,0,5431,12:35,Fine,17,30,NaN,NaN,NaN,NaN,39164
20210228,38445,5.544,0,0,5528,12:35,Fine,17,26,NaN,NaN,NaN,NaN,39425
20210227,8361,1.206,0,0,1666,13:35,Cloudy,19,23,NaN,NaN,NaN,NaN,39685
20210226,37800,5.451,0,0,5601,12:20,Fine,15,25,NaN,NaN,NaN,NaN,39941
20210225,12591,1.816,0,0,4613,12:50,Cloudy,15,23,NaN,NaN,NaN,NaN,40195
20210224,15342,2.212,0,0,3437,16:20,Cloudy,16,22,NaN,NaN,NaN,NaN,40446
20210223,11451,1.651,0,0,2784,14:05,Cloudy,19,21,NaN,NaN,NaN,NaN,40694
20210222,36315,5.236,0,0,5668,12:50,Fine,18,27,NaN,NaN,NaN,NaN,40939
20210221,30789,4.440,0,0,5955,13:05,Partly Cloudy,19,27,NaN,NaN,NaN,NaN,41182
20210220,34155,4.925,0,0,5773,13:20,Partly Cloudy,18,28,NaN,NaN,NaN,NaN,41421
20210219,27267,3.932,0,0,4675,13:50,Mostly Cloudy,17,27,NaN,NaN,NaN,NaN,41657
20210218,25995,3.748,0,0,3845,10:50,Mostly Cloudy,15,24,NaN,NaN,NaN,NaN,41889
20210217,28455,4.103,0,0,5191,13:35,Partly Cloudy,16,24,NaN,NaN,NaN,NaN,42119
20210216,25650,3.699,0,0,5926,13:35,Mostly Cloudy,18,25,NaN,NaN,NaN,NaN,42345
20210215,24996,3.604,0,0,5516,13:20,Mostly Cloudy,18,23,NaN,NaN,NaN,NaN,42568
20210214,32031,4.619,0,0,6233,12:50,Partly Cloudy,16,23,NaN,NaN,NaN,NaN,42788
20210213,7521,1.084,0,0,1759,14:05,Cloudy,20,22,NaN,NaN,NaN,NaN,43004
20210212,29562,4.263,0,0,5274,14:35,Partly Cloudy,17,33,NaN,NaN,NaN,NaN,43216
20210211,44592,6.430,0,0,5851,12:50,Fine,15,27,NaN,NaN,NaN,NaN,43425
20210210,33759,4.868,0,0,6658,11:35,Partly Cloudy,15,24,NaN,NaN,NaN,NaN,43631
20210209,32934,4.749,0,0,5491,15:20,Partly Cloudy,17,24,NaN,NaN,NaN,NaN,43833
20210208,27894,4.022,0,0,4476,11:50,Partly Cloudy,19,23,NaN,NaN,NaN,NaN,44031
20210207,35679,5.145,0,0,5958,14:50,Fine,17,26,NaN,NaN,NaN,NaN,44226
20210206,11544,1.665,0,0,1904,12:05,Cloudy,21,25,NaN,NaN,NaN,NaN,44417
20210205,32145,4.635,0,0,5290,13:50,Partly Cloudy,18,28,NaN,NaN,NaN,NaN,44604
20210204,40794,5.882,0,0,5997,12:35,Fine,15,28,NaN,NaN,NaN,NaN,44787
20210203,39006,5.625,0,0,6134,12:35,Fine,16,24,NaN,NaN,NaN,NaN,44967
20210202,30345,4.376,0,0,5632,10:50,Partly Cloudy,17,23,NaN,NaN,NaN,NaN,45142
20210201,30777,4.438,0,0,5628,14:20,Partly Cloudy,20,27,NaN,NaN,NaN,NaN,45314
20210131,10434,1.505,0,0,2401,12:20,Cloudy,21,23,NaN,NaN,NaN,NaN,45482
20210130,25557,3.685,0,0,5296,15:05,Mostly Cloudy,20,29,NaN,NaN,NaN,NaN,45646
20210129,12693,1.830,0,0,2298,12:20,Cloudy,18,21,NaN,NaN,NaN,NaN,45806
20210128,12906,1.861,0,0,2499,13:35,Cloudy,18,22,NaN,NaN,NaN,NaN,45963
20210127,11175,1.611,0,0,4076,11:50,Cloudy,21,23,NaN,NaN,NaN,NaN,46115
20210126,41016,5.914,0,0,6041,14:35,Fine,19,39,NaN,NaN,NaN,NaN,46263
20210125,46941,6.769,0,0,6177,12:20,Fine,21,32,NaN,NaN,NaN,NaN,46407
20210124,45720,6.593,0,0,5887,12:50,Fine,20,35,NaN,NaN,NaN,NaN,46548
20210123,43695,6.301,0,0,5807,12:35,Fine,20,32,NaN,NaN,NaN,NaN,46684
20210122,46356,6.684,0,0,5934,12:35,Fine,15,34,NaN,NaN,NaN,NaN,46816
20210121,46044,6.639,0,0,6158,11:20,Fine,11,27,NaN,NaN,NaN,NaN,46945
20210120,19368,2.793,0,0,3330,13:50,Mostly Cloudy,16,22,NaN,NaN,NaN,NaN,47069
20210119,26625,3.839,0,0,5587,12:05,Mostly Cloudy,18,23,NaN,NaN,NaN,NaN,47189
20210118,47241,6.812,0,0,6133,13:05,Fine,15,29,NaN,NaN,NaN,NaN,47305
20210117,45687,6.588,0,0,6398,12:50,Fine,12,25,NaN,NaN,NaN,NaN,47417
20210116,50880,7.337,0,0,6348,12:20,Fine,17,26,NaN,NaN,NaN,NaN,47525
20210115,39606,5.711,0,0,6271,12:35,Fine,20,28,NaN,NaN,NaN,NaN,47629
20210114,43230,6.234,0,0,6010,12:35,Fine,20,33,NaN,NaN,NaN,NaN,47729
20210113,45567,6.571,0,0,6468,12:35,Fine,18,29,NaN,NaN,NaN,NaN,47824
20210112,43677,6.298,0,0,5658,10:50,Fine,16,30,NaN,NaN,NaN,NaN,47916
20210111,48045,6.928,0,0,6316,12:35,Fine,15,27,NaN,NaN,NaN,NaN,48003
20210110,49884,7.193,0,0,6461,11:35,Fine,14,27,NaN,NaN,NaN,NaN,48087
20210109,44277,6.385,0,0,6870,11:50,Fine,13,24,NaN,NaN,NaN,NaN,48166
20210108,27792,4.007,0,0,4159,09:35,Partly Cloudy,17,22,NaN,NaN,NaN,NaN,48242
20210107,27009,3.895,0,0,5826,14:20,Mostly Cloudy,18,22,NaN,NaN,NaN,NaN,48313
20210106,26076,3.760,0,0,4794,13:05,Mostly Cloudy,19,24,NaN,NaN,NaN,NaN,48380
20210105,33333,4.806,0,0,5745,14:35,Partly Cloudy,17,28,NaN,NaN,NaN,NaN,48443
20210104,21621,3.118,0,0,4987,11:05,Mostly Cloudy,18,28,NaN,NaN,NaN,NaN,48502
20210103,22176,3.198,0,0,5679,14:35,Mostly Cloudy,19,26,NaN,NaN,NaN,NaN,48557
20210102,17193,2.479,0,0,4809,12:35,Cloudy,16,22,NaN,NaN,NaN,NaN,48608
20210101,15675,2.260,0,0,2702,13:20,Cloudy,17,21,NaN,NaN,NaN,NaN,48654
20201231,18108,2.611,0,0,3739,10:35,Mostly Cloudy,15,23,NaN,NaN,NaN,NaN,48697
20201230,26727,3.854,0,0,6998,12:35,Mostly Cloudy,17,23,NaN,NaN,NaN,NaN,48736
20201229,10482,1.511,0,0,2422,14:35,Cloudy,16,19,NaN,NaN,NaN,NaN,48770
20201228,22992,3.315,0,0,5420,10:05,Mostly Cloudy,19,27,NaN,NaN,NaN,NaN,48800
20201227,50196,7.238,0,0,6033,12:35,Fine,15,30,NaN,NaN,NaN,NaN,48827
20201226,21381,3.083,0,0,3997,10:20,Mostly Cloudy,17,25,NaN,NaN,NaN,NaN,48849
20201225,21600,3.115,0,0,4905,11:20,Mostly Cloudy,17,21,NaN,NaN,NaN,NaN,48867
20201224,44289,6.386,0,0,6078,11:35,Fine,15,26,NaN,NaN,NaN,NaN,48882
20201223,49668,7.162,0,0,6306,12:20,Fine,15,24,NaN,NaN,NaN,NaN,48892
20201222,27630,3.984,0,0,4637,11:35,Mostly Cloudy,17,27,NaN,NaN,NaN,NaN,48898
20201221,12378,1.785,0,0,2641,11:35,Cloudy,17,23,NaN,NaN,NaN,NaN,48900
20201220,21702,3.129,0,0,4147,12:50,Mostly Cloudy,17,23,NaN,NaN,NaN,NaN,48898
20201219,8130,1.172,0,0,1427,15:20,Cloudy,19,19,NaN,NaN,NaN,NaN,48892
20201218,21666,3.124,0,0,4527,09:05,Mostly Cloudy,20,32,NaN,NaN,NaN,NaN,48881
20201217,31704,4.572,0,0,5839,10:35,Partly Cloudy,21,31,NaN,NaN,NaN,NaN,48867
20201216,24765,3.571,0,0,6085,11:50,Mostly Cloudy,21,27,NaN,NaN,NaN,NaN,48849
20201215,23049,3.324,0,0,4690,12:05,Mostly Cloudy,18,26,NaN,NaN,NaN,NaN,48827
20201214,21495,3.099,0,0,4189,10:20,Mostly Cloudy,17,24,NaN,NaN,NaN,NaN,48800
20201213,34275,4.942,0,0,4966,13:50,Partly Cloudy,13,24,NaN,NaN,NaN,NaN,48770
20201212,39609,5.711,0,0,6694,12:35,Fine,16,24,NaN,NaN,NaN,NaN,48735
20201211,28902,4.168,0,0,5901,10:20,Partly Cloudy,16,21,NaN,NaN,NaN,NaN,48697
20201210,37005,5.336,0,0,6208,11:35,Fine,14,27,NaN,NaN,NaN,NaN,48654
20201209,48627,7.012,0,0,6497,12:05,Fine,12,25,NaN,NaN,NaN,NaN,48608
20201208,47640,6.870,0,0,6580,12:35,Fine,15,22,NaN,NaN,NaN,NaN,48557
20201207,50781,7.322,0,0,6277,12:35,Fine,13,29,NaN,NaN,NaN,NaN,48502
20201206,50883,7.337,0,0,6327,12:05,Fine,20,29,NaN,NaN,NaN,NaN,48443
20201205,11841,1.707,0,0,2818,13:05,Cloudy,19,24,NaN,NaN,NaN,NaN,48381
20201204,49002,7.066,0,0,6112,12:05,Fine,16,33,NaN,NaN,NaN,NaN,48314
20201203,9906,1.428,0,0,1840,10:20,Cloudy,16,21,NaN,NaN,NaN,NaN,48243
20201202,21297,3.071,0,0,4711,12:05,Mostly Cloudy,19,22,NaN,NaN,NaN,NaN,48168
20201201,36966,5.330,0,0,6005,12:05,Fine,17,28,NaN,NaN,NaN,NaN,48088
20201130,26031,3.754,0,0,4214,10:50,Mostly Cloudy,18,23,NaN,NaN,NaN,NaN,48005
20201129,33885,4.886,0,0,6092,12:05,Partly Cloudy,25,40,NaN,NaN,NaN,NaN,47918
20210116,50880,7.337,0,0,6348,12:20,Fine,17,26,NaN,NaN,NaN,NaN,47525
20210115,39606,5.711,0,0,6271,12:35,Fine,20,28,NaN,NaN,NaN,NaN,47629
20210114,43230,6.234,0,0,6010,12:35,Fine,20,33,NaN,NaN,NaN,NaN,47729
20210113,45567,6.571,0,0,6468,12:35,Fine,18,29,NaN,NaN,NaN,NaN,47824
20210112,43677,6.298,0,0,5658,10:50,Fine,16,30,NaN,NaN,NaN,NaN,47916
20210111,48045,6.928,0,0,6316,12:35,Fine,15,27,NaN,NaN,NaN,NaN,48003
20210110,49884,7.193,0,0,6461,11:35,Fine,14,27,NaN,NaN,NaN,NaN,48087
20210109,44277,6.385,0,0,6870,11:50,Fine,13,24,NaN,NaN,NaN,NaN,48166
20210108,27792,4.007,0,0,4159,09:35,Partly Cloudy,17,22,NaN,NaN,NaN,NaN,48242
20210107,27009,3.895,0,0,5826,14:20,Mostly Cloudy,18,22,NaN,NaN,NaN,NaN,48313
20210106,26076,3.760,0,0,4794,13:05,Mostly Cloudy,19,24,NaN,NaN,NaN,NaN,48380
20210105,33333,4.806,0,0,5745,14:35,Partly Cloudy,17,28,NaN,NaN,NaN,NaN,48443
20210104,21621,3.118,0,0,4987,11:05,Mostly Cloudy,18,28,NaN,NaN,NaN,NaN,48502
20210103,22176,3.198,0,0,5679,14:35,Mostly Cloudy,19,26,NaN,NaN,NaN,NaN,48557
20210102,17193,2.479,0,0,4809,12:35,Cloudy,16,22,NaN,NaN,NaN,NaN,48608
20210101,15675,2.260,0,0,2702,13:20,Cloudy,17,21,NaN,NaN,NaN,NaN,48654
20201231,18108,2.611,0,0,3739,10:35,Mostly Cloudy,15,23,NaN,NaN,NaN,NaN,48697
20201230,26727,3.854,0,0,6998,12:35,Mostly Cloudy,17,23,NaN,NaN,NaN,NaN,48736
20201229,10482,1.511,0,0,2422,14:35,Cloudy,16,19,NaN,NaN,NaN,NaN,48770
20201228,22992,3.315,0,0,5420,10:05,Mostly Cloudy,19,27,NaN,NaN,NaN,NaN,48800
20201227,50196,7.238,0,0,6033,12:35,Fine,15,30,NaN,NaN,NaN,NaN,48827
20201226,21381,3.083,0,0,3997,10:20,Mostly Cloudy,17,25,NaN,NaN,NaN,NaN,48849
20201225,21600,3.115,0,0,4905,11:20,Mostly Cloudy,17,21,NaN,NaN,NaN,NaN,48867
20201224,44289,6.386,0,0,6078,11:35,Fine,15,26,NaN,NaN,NaN,NaN,48882
20201223,49668,7.162,0,0,6306,12:20,Fine,15,24,NaN,NaN,NaN,NaN,48892
20201222,27630,3.984,0,0,4637,11:35,Mostly Cloudy,17,27,NaN,NaN,NaN,NaN,48898
20201221,12378,1.785,0,0,2641,11:35,Cloudy,17,23,NaN,NaN,NaN,NaN,48900
20201220,21702,3.129,0,0,4147,12:50,Mostly Cloudy,17,23,NaN,NaN,NaN,NaN,48898
20201219,8130,1.172,0,0,1427,15:20,Cloudy,19,19,NaN,NaN,NaN,NaN,48892
20201218,21666,3.124,0,0,4527,09:05,Mostly Cloudy,20,32,NaN,NaN,NaN,NaN,48881
20201217,31704,4.572,0,0,5839,10:35,Partly Cloudy,21,31,NaN,NaN,NaN,NaN,48867
20201216,24765,3.571,0,0,6085,11:50,Mostly Cloudy,21,27,NaN,NaN,NaN,NaN,48849
20201215,23049,3.324,0,0,4690,12:05,Mostly Cloudy,18,26,NaN,NaN,NaN,NaN,48827
20201214,21495,3.099,0,0,4189,10:20,Mostly Cloudy,17,24,NaN,NaN,NaN,NaN,48800
20201213,34275,4.942,0,0,4966,13:50,Partly Cloudy,13,24,NaN,NaN,NaN,NaN,48770
20201212,39609,5.711,0,0,6694,12:35,Fine,16,24,NaN,NaN,NaN,NaN,48735
20201211,28902,4.168,0,0,5901,10:20,Partly Cloudy,16,21,NaN,NaN,NaN,NaN,48697
20201210,37005,5.336,0,0,6208,11:35,Fine,14,27,NaN,NaN,NaN,NaN,48654
20201209,48627,7.012,0,0,6497,12:05,Fine,12,25,NaN,NaN,NaN,NaN,48608
20201208,47640,6.870,0,0,6580,12:35,Fine,15,22,NaN,NaN,NaN,NaN,48557
20201207,50781,7.322,0,0,6277,12:35,Fine,13,29,NaN,NaN,NaN,NaN,48502
20201206,50883,7.337,0,0,6327,12:05,Fine,20,29,NaN,NaN,NaN,NaN,48443
20201205,11841,1.707,0,0,2818,13:05,Cloudy,19,24,NaN,NaN,NaN,NaN,48381
20201204,49002,7.066,0,0,6112,12:05,Fine,16,33,NaN,NaN,NaN,NaN,48314
20201203,9906,1.428,0,0,1840,10:20,Cloudy,16,21,NaN,NaN,NaN,NaN,48243
20201202,21297,3.071,0,0,4711,12:05,Mostly Cloudy,19,22,NaN,NaN,NaN,NaN,48168
20201201,36966,5.330,0,0,6005,12:05,Fine,17,28,NaN,NaN,NaN,NaN,48088
20201130,26031,3.754,0,0,4214,10:50,Mostly Cloudy,18,23,NaN,NaN,NaN,NaN,48005
20201129,33885,4.886,0,0,6092,12:05,Partly Cloudy,25,40,NaN,NaN,NaN,NaN,47918
20201128,45216,6.520,0,0,5954,12:20,Fine,18,40,NaN,NaN,NaN,NaN,47827
20201127,39069,5.634,0,0,6003,11:35,Fine,18,27,NaN,NaN,NaN,NaN,47732
20201126,47334,6.825,0,0,5883,12:50,Fine,14,33,NaN,NaN,NaN,NaN,47633
20201125,29496,4.253,0,0,5989,13:50,Partly Cloudy,16,24,NaN,NaN,NaN,NaN,47530
20201124,38076,5.490,0,0,6125,13:35,Fine,17,22,NaN,NaN,NaN,NaN,47423
20201123,12765,1.841,0,0,3802,10:35,Cloudy,19,25,NaN,NaN,NaN,NaN,47312
20201122,28845,4.159,0,0,6208,11:20,Partly Cloudy,16,27,NaN,NaN,NaN,NaN,47197
20201121,34410,4.962,0,0,6793,11:50,Partly Cloudy,18,23,NaN,NaN,NaN,NaN,47076
20201120,42702,6.157,0,0,5896,12:05,Fine,16,32,NaN,NaN,NaN,NaN,46953
20201119,43014,6.202,0,0,6287,12:50,Fine,12,25,NaN,NaN,NaN,NaN,46826
20201118,40764,5.878,0,0,5812,13:50,Fine,16,23,NaN,NaN,NaN,NaN,46696
20201117,28125,4.056,0,0,5953,14:05,Partly Cloudy,18,22,NaN,NaN,NaN,NaN,46561
20201116,37923,5.468,0,0,6035,12:35,Fine,15,38,NaN,NaN,NaN,NaN,46423
20201115,47076,6.788,0,0,5989,12:05,Fine,13,29,NaN,NaN,NaN,NaN,46280
20201114,41997,6.056,0,0,6013,11:50,Fine,14,26,NaN,NaN,NaN,NaN,46130
20201113,29613,4.270,0,0,5540,13:50,Partly Cloudy,19,29,NaN,NaN,NaN,NaN,45981
20201112,32457,4.680,0,0,5870,11:05,Partly Cloudy,15,31,NaN,NaN,NaN,NaN,45827
20201111,45951,6.626,0,0,6084,12:35,Fine,11,24,NaN,NaN,NaN,NaN,45669
20201110,40386,5.824,0,0,6476,11:35,Fine,9,22,NaN,NaN,NaN,NaN,45507
20201109,25107,3.620,0,0,5898,13:05,Mostly Cloudy,11,21,NaN,NaN,NaN,NaN,45342
20201108,34125,4.921,0,0,6784,12:05,Partly Cloudy,14,20,NaN,NaN,NaN,NaN,45173
20201107,33051,4.766,0,0,6049,10:35,Partly Cloudy,10,20,NaN,NaN,NaN,NaN,44996
20201106,39411,5.683,0,0,6505,11:50,Fine,12,19,NaN,NaN,NaN,NaN,44820
20201105,7071,1.020,0,0,1984,13:05,Cloudy,15,19,NaN,NaN,NaN,NaN,44640
20201104,43263,6.238,0,0,5995,12:05,Fine,10,25,NaN,NaN,NaN,NaN,44456
20201103,42690,6.156,0,0,6231,12:35,Fine,11,21,NaN,NaN,NaN,NaN,44268
20201102,32421,4.675,0,0,5194,14:50,Partly Cloudy,12,21,NaN,NaN,NaN,NaN,44077
20201101,13716,1.978,0,0,4093,13:20,Cloudy,13,19,NaN,NaN,NaN,NaN,43878
20201031,19608,2.827,0,0,5663,14:05,Mostly Cloudy,16,23,NaN,NaN,NaN,NaN,43680
20201030,28611,4.126,0,0,5336,10:35,Partly Cloudy,9,22,NaN,NaN,NaN,NaN,43479
20201029,27897,4.023,0,0,6170,13:05,Partly Cloudy,14,20,NaN,NaN,NaN,NaN,43273
20201028,22125,3.190,0,0,4056,14:50,Mostly Cloudy,12,20,NaN,NaN,NaN,NaN,43065
20201027,27366,3.946,0,0,5619,13:20,Mostly Cloudy,13,19,NaN,NaN,NaN,NaN,42849
20201026,13959,2.013,0,0,3211,15:20,Cloudy,12,16,NaN,NaN,NaN,NaN,42634
20201025,6969,1.005,0,0,1692,13:20,Cloudy,13,14,NaN,NaN,NaN,NaN,42416
20201024,14565,2.100,0,0,3640,12:05,Cloudy,18,25,NaN,NaN,NaN,NaN,42194
20201023,37545,5.414,0,0,5605,12:35,Fine,15,27,NaN,NaN,NaN,NaN,41968
20201022,30681,4.424,0,0,5680,12:05,Partly Cloudy,12,23,NaN,NaN,NaN,NaN,41740
20201021,39729,5.729,0,0,5558,12:20,Fine,11,23,NaN,NaN,NaN,NaN,41506
20201020,23079,3.328,0,0,5708,13:35,Mostly Cloudy,16,22,NaN,NaN,NaN,NaN,41272
20201019,23358,3.368,0,0,4841,11:35,Mostly Cloudy,15,20,NaN,NaN,NaN,NaN,41034
20201018,19893,2.868,0,0,4020,14:05,Mostly Cloudy,16,25,NaN,NaN,NaN,NaN,40794
20201017,27831,4.013,0,0,5569,11:20,Partly Cloudy,15,26,NaN,NaN,NaN,NaN,40550
20201016,16608,2.395,0,0,4365,13:20,Cloudy,14,20,NaN,NaN,NaN,NaN,40302
20201015,37923,5.468,0,0,5425,12:35,Fine,12,27,NaN,NaN,NaN,NaN,40053
20201014,28386,4.093,0,0,5852,11:35,Partly Cloudy,15,21,NaN,NaN,NaN,NaN,39802
20201013,38412,5.539,0,0,5274,12:35,Fine,11,29,NaN,NaN,NaN,NaN,39548
20201012,32817,4.732,0,0,5587,12:50,Partly Cloudy,15,24,NaN,NaN,NaN,NaN,39291
20201011,32832,4.734,0,0,5758,13:50,Partly Cloudy,9,28,NaN,NaN,NaN,NaN,39030
20201010,38787,5.593,0,0,5447,12:05,Fine,11,26,NaN,NaN,NaN,NaN,38769
20201009,35016,5.049,0,0,5668,12:05,Fine,8,23,NaN,NaN,NaN,NaN,38505
20201008,22209,3.202,0,0,5290,12:20,Mostly Cloudy,13,28,NaN,NaN,NaN,NaN,38238
20201007,10635,1.534,0,0,2627,12:35,Cloudy,16,21,NaN,NaN,NaN,NaN,37968
20201006,15054,2.171,0,0,3425,14:05,Cloudy,15,19,NaN,NaN,NaN,NaN,37698
20201005,36972,5.331,0,0,5315,12:20,Fine,11,32,NaN,NaN,NaN,NaN,37425
20201004,37320,5.381,0,0,5301,12:05,Fine,12,30,NaN,NaN,NaN,NaN,37151
20201003,36834,5.311,0,0,5220,11:20,Fine,9,28,NaN,NaN,NaN,NaN,36874
20201002,37161,5.358,0,0,5260,11:35,Fine,7,27,NaN,NaN,NaN,NaN,36595
20201001,33321,4.805,0,0,5530,11:35,Partly Cloudy,12,25,NaN,NaN,NaN,NaN,36315
20200930,19215,2.771,0,0,3496,09:20,Mostly Cloudy,8,21,NaN,NaN,NaN,NaN,36034
20200929,28782,4.150,0,0,6138,11:20,Partly Cloudy,8,19,NaN,NaN,NaN,NaN,35751
20200928,35085,5.059,0,0,5561,11:50,Fine,5,20,NaN,NaN,NaN,NaN,35466
20200927,24342,3.510,0,0,4776,09:50,Mostly Cloudy,8,17,NaN,NaN,NaN,NaN,35180
20200926,36651,5.285,0,0,5482,11:20,Fine,9,17,NaN,NaN,NaN,NaN,34893
20200925,26880,3.876,0,0,5012,10:20,Mostly Cloudy,7,23,NaN,NaN,NaN,NaN,34604
20200924,35358,5.098,0,0,5289,10:50,Fine,9,21,NaN,NaN,NaN,NaN,34315
20200923,32169,4.639,0,0,5241,11:20,Partly Cloudy,8,23,NaN,NaN,NaN,NaN,34024
20200922,34713,5.005,0,0,5169,11:05,Fine,19,26,NaN,NaN,NaN,NaN,33733
20200921,25827,3.724,0,0,4783,10:35,Mostly Cloudy,11,28,NaN,NaN,NaN,NaN,33441
20200920,12675,1.828,0,0,3929,13:20,Cloudy,16,21,NaN,NaN,NaN,NaN,33148
20200919,16788,2.421,0,0,3717,12:20,Cloudy,15,22,NaN,NaN,NaN,NaN,32855
20200918,7017,1.012,0,0,1593,13:35,Cloudy,13,17,NaN,NaN,NaN,NaN,32561
20200917,29166,4.206,0,0,4722,12:05,Partly Cloudy,10,30,NaN,NaN,NaN,NaN,32267
20200916,29856,4.305,0,0,4803,12:50,Partly Cloudy,9,27,NaN,NaN,NaN,NaN,31972
20200915,20064,2.893,0,0,4067,13:20,Mostly Cloudy,12,22,NaN,NaN,NaN,NaN,31677
20200914,30291,4.368,0,0,4992,12:05,Partly Cloudy,7,20,NaN,NaN,NaN,NaN,31383
20200913,21096,3.042,0,0,4373,10:35,Mostly Cloudy,8,25,NaN,NaN,NaN,NaN,31088
20200912,31983,4.612,0,0,4838,11:20,Partly Cloudy,6,23,NaN,NaN,NaN,NaN,30793
20200911,27168,3.918,0,0,5567,11:05,Mostly Cloudy,10,19,NaN,NaN,NaN,NaN,30498
20200910,25146,3.626,0,0,5039,11:50,Mostly Cloudy,12,17,NaN,NaN,NaN,NaN,30204
20200909,5192,0.749,0,0,1244,10:50,Showers,12,16,NaN,NaN,NaN,NaN,29910
20200908,29328,4.229,0,0,4700,11:20,Partly Cloudy,6,23,NaN,NaN,NaN,NaN,29617
20200907,30375,4.380,0,0,4664,11:50,Partly Cloudy,6,22,NaN,NaN,NaN,NaN,29325
20200906,26136,3.769,0,0,4816,11:05,Mostly Cloudy,7,20,NaN,NaN,NaN,NaN,29033
20200905,29334,4.230,0,0,4592,11:05,Partly Cloudy,9,21,NaN,NaN,NaN,NaN,28741
20200904,3807,0.549,0,0,1164,13:05,Showers,12,18,NaN,NaN,NaN,NaN,28451
20200903,25140,3.625,0,0,4406,10:50,Mostly Cloudy,9,30,NaN,NaN,NaN,NaN,28162
20200902,23928,3.450,0,0,4206,11:35,Mostly Cloudy,5,24,NaN,NaN,NaN,NaN,27874
20200901,19272,2.779,0,0,3989,13:20,Mostly Cloudy,8,17,NaN,NaN,NaN,NaN,27587
20200831,24141,3.481,0,0,4399,11:20,Mostly Cloudy,9,22,NaN,NaN,NaN,NaN,27302
20200830,27666,3.989,0,0,4323,11:35,Mostly Cloudy,3,25,NaN,NaN,NaN,NaN,27018
20200829,27744,4.001,0,0,4422,11:35,Partly Cloudy,3,22,NaN,NaN,NaN,NaN,26735
20200828,28146,4.059,0,0,4454,11:35,Partly Cloudy,8,18,NaN,NaN,NaN,NaN,26454
20200827,27402,3.951,0,0,4399,11:20,Mostly Cloudy,2,21,NaN,NaN,NaN,NaN,26175
20200826,27093,3.907,0,0,4309,11:50,Mostly Cloudy,2,19,NaN,NaN,NaN,NaN,25898
20200825,23517,3.391,0,0,4552,12:05,Mostly Cloudy,1,15,NaN,NaN,NaN,NaN,25622
20200824,26943,3.885,0,0,4365,11:35,Mostly Cloudy,7,17,NaN,NaN,NaN,NaN,25349
20200823,26373,3.803,0,0,4368,11:20,Mostly Cloudy,4,16,NaN,NaN,NaN,NaN,25078
20200822,21678,3.126,0,0,5069,11:05,Mostly Cloudy,8,15,NaN,NaN,NaN,NaN,24809
20200821,20628,2.974,0,0,4153,12:20,Mostly Cloudy,4,18,NaN,NaN,NaN,NaN,24542
20200820,25167,3.629,0,0,4403,12:05,Mostly Cloudy,7,17,NaN,NaN,NaN,NaN,24277
20200819,20628,2.974,0,0,4001,10:50,Mostly Cloudy,6,21,NaN,NaN,NaN,NaN,24016
20200818,22611,3.260,0,0,4118,11:35,Mostly Cloudy,8,20,NaN,NaN,NaN,NaN,23756
20200817,24636,3.552,0,0,4088,11:35,Mostly Cloudy,9,19,NaN,NaN,NaN,NaN,23500
20200816,22182,3.199,0,0,4208,11:50,Mostly Cloudy,9,19,NaN,NaN,NaN,NaN,23246
20200815,21093,3.042,0,0,4474,11:50,Mostly Cloudy,11,19,NaN,NaN,NaN,NaN,22995
20200814,10215,1.473,0,0,2185,12:35,Cloudy,7,18,NaN,NaN,NaN,NaN,22747
20200813,23043,3.323,0,0,3904,11:35,Mostly Cloudy,6,22,NaN,NaN,NaN,NaN,22502
20200812,13419,1.935,0,0,3436,11:50,Cloudy,7,18,NaN,NaN,NaN,NaN,22260
20200811,17808,2.568,0,0,4264,13:05,Mostly Cloudy,10,18,NaN,NaN,NaN,NaN,22021
20200810,12474,1.799,0,0,2760,10:50,Cloudy,9,16,NaN,NaN,NaN,NaN,21786
20200809,8562,1.235,0,0,2686,10:20,Cloudy,5,13,NaN,NaN,NaN,NaN,21554
20200808,10272,1.481,0,0,2883,09:50,Cloudy,9,16,NaN,NaN,NaN,NaN,21325
20200807,2358,0.340,0,0,569,10:05,Showers,6,13,NaN,NaN,NaN,NaN,21100
20200806,22548,3.251,0,0,3871,11:35,Mostly Cloudy,4,15,NaN,NaN,NaN,NaN,20878
20200805,22296,3.215,0,0,3828,11:20,Mostly Cloudy,4,17,NaN,NaN,NaN,NaN,20661
20200804,18702,2.697,0,0,3667,11:50,Mostly Cloudy,3,21,NaN,NaN,NaN,NaN,20446
20200803,19491,2.811,0,0,3995,12:05,Mostly Cloudy,3,21,NaN,NaN,NaN,NaN,20236
20200802,19071,2.750,0,0,3650,10:35,Mostly Cloudy,3,20,NaN,NaN,NaN,NaN,20030
20200801,19881,2.867,0,0,3609,11:50,Mostly Cloudy,3,20,NaN,NaN,NaN,NaN,19827
20200731,18024,2.599,0,0,3730,11:35,Mostly Cloudy,5,17,NaN,NaN,NaN,NaN,19629
20200730,17574,2.534,0,0,3899,11:35,Mostly Cloudy,7,17,NaN,NaN,NaN,NaN,19434
20200729,19299,2.783,0,0,3879,11:05,Mostly Cloudy,7,18,NaN,NaN,NaN,NaN,19244
20200728,10044,1.448,0,0,2618,11:20,Cloudy,12,18,NaN,NaN,NaN,NaN,19058
20200727,4056,0.585,0,0,1076,12:35,Showers,14,17,NaN,NaN,NaN,NaN,18876
20200726,1686,0.243,0,0,632,12:35,Showers,10,15,NaN,NaN,NaN,NaN,18699
20200725,10008,1.443,0,0,3520,12:05,Cloudy,4,18,NaN,NaN,NaN,NaN,18526
20200724,18414,2.655,0,0,3515,12:35,Mostly Cloudy,4,19,NaN,NaN,NaN,NaN,18357
20200723,17967,2.591,0,0,3245,11:35,Mostly Cloudy,3,19,NaN,NaN,NaN,NaN,18193
20200722,16833,2.427,0,0,3252,12:05,Cloudy,4,18,NaN,NaN,NaN,NaN,18033
20200721,18387,2.651,0,0,3305,11:35,Mostly Cloudy,7,16,NaN,NaN,NaN,NaN,17878
20200720,18831,2.715,0,0,3343,11:35,Mostly Cloudy,4,18,NaN,NaN,NaN,NaN,17728
20200719,15633,2.254,0,0,3302,11:20,Cloudy,3,19,NaN,NaN,NaN,NaN,17582
20200718,12567,1.812,0,0,2594,12:20,Cloudy,8,18,NaN,NaN,NaN,NaN,17441
20200717,7311,1.054,0,0,1653,10:50,Cloudy,9,15,NaN,NaN,NaN,NaN,17304
20200716,8970,1.293,0,0,1885,10:20,Cloudy,9,16,NaN,NaN,NaN,NaN,17173
20200715,8016,1.156,0,0,2334,10:20,Cloudy,11,16,NaN,NaN,NaN,NaN,17046
20200714,8376,1.208,0,0,2913,11:50,Cloudy,10,16,NaN,NaN,NaN,NaN,16924
20200713,12807,1.847,0,0,3423,10:50,Cloudy,4,17,NaN,NaN,NaN,NaN,16807
20200712,14430,2.081,0,0,3029,11:20,Cloudy,5,18,NaN,NaN,NaN,NaN,16695
20200711,6957,1.003,0,0,1614,14:20,Cloudy,11,15,NaN,NaN,NaN,NaN,16588
20200710,11053,1.594,0,0,2975,11:50,Cloudy,6,17,NaN,NaN,NaN,NaN,16486
20200709,15474,2.231,0,0,3087,11:35,Cloudy,4,18,NaN,NaN,NaN,NaN,16389
20200708,5949,0.858,0,0,3471,10:50,Showers,10,15,NaN,NaN,NaN,NaN,16297
20200707,11526,1.662,0,0,2471,09:35,Cloudy,6,16,NaN,NaN,NaN,NaN,16211
20200706,15381,2.218,0,0,3184,12:05,Cloudy,7,18,NaN,NaN,NaN,NaN,16129
20200705,15468,2.230,0,0,3054,11:20,Cloudy,5,18,NaN,NaN,NaN,NaN,16052
20200704,15798,2.278,0,0,3131,11:35,Cloudy,6,16,NaN,NaN,NaN,NaN,15981
20200703,15912,2.294,0,0,2989,11:20,Cloudy,5,17,NaN,NaN,NaN,NaN,15915
20200702,13830,1.994,0,0,2792,12:20,Cloudy,4,23,NaN,NaN,NaN,NaN,15853
20200701,15132,2.182,0,0,2961,11:35,Cloudy,4,21,NaN,NaN,NaN,NaN,15798
20200630,14175,2.044,0,0,2937,11:20,Cloudy,4,18,NaN,NaN,NaN,NaN,15747
20200629,13086,1.887,0,0,4111,12:05,Cloudy,6,16,NaN,NaN,NaN,NaN,15702
20200628,10389,1.498,0,0,2465,12:05,Cloudy,7,16,NaN,NaN,NaN,NaN,15661
20200627,10752,1.550,0,0,3516,11:20,Cloudy,7,16,NaN,NaN,NaN,NaN,15626
20200626,15948,2.300,0,0,3581,11:20,Cloudy,5,18,NaN,NaN,NaN,NaN,15597
20200625,15732,2.268,0,0,2988,11:35,Cloudy,8,18,NaN,NaN,NaN,NaN,15572
20200624,11232,1.620,0,0,3018,12:05,Cloudy,3,18,NaN,NaN,NaN,NaN,15553
20200623,15663,2.259,0,0,3028,11:35,Cloudy,4,16,NaN,NaN,NaN,NaN,15540
20200622,11910,1.717,0,0,3233,11:35,Cloudy,4,17,NaN,NaN,NaN,NaN,15531
20200621,9660,1.393,0,0,2883,11:50,Cloudy,9,18,NaN,NaN,NaN,NaN,15528
20200620,15249,2.199,0,0,2935,11:35,Cloudy,5,20,NaN,NaN,NaN,NaN,15530
20200619,14502,2.091,0,0,3488,11:35,Cloudy,4,19,NaN,NaN,NaN,NaN,15537
20200618,11568,1.668,0,0,2957,10:20,Cloudy,12,18,NaN,NaN,NaN,NaN,15550
20200617,6510,0.939,0,0,1954,12:50,Showers,5,17,NaN,NaN,NaN,NaN,15568
20200616,15819,2.281,0,0,2994,11:35,Cloudy,4,21,NaN,NaN,NaN,NaN,15592
20200615,15525,2.239,0,0,2954,11:35,Cloudy,4,20,NaN,NaN,NaN,NaN,15620
20200614,13209,1.905,0,0,2947,11:20,Cloudy,11,21,NaN,NaN,NaN,NaN,15654
20200613,13245,1.910,0,0,2876,11:35,Cloudy,8,20,NaN,NaN,NaN,NaN,15694
20200612,4548,0.656,0,0,2274,12:05,Showers,9,16,NaN,NaN,NaN,NaN,15738
20200611,15272,2.202,0,0,2896,11:20,Cloudy,11,20,NaN,NaN,NaN,NaN,15788
20200610,5937,0.856,0,0,1962,09:50,Showers,10,16,NaN,NaN,NaN,NaN,15843
20200609,13524,1.950,0,0,2948,11:20,Cloudy,6,18,NaN,NaN,NaN,NaN,15904
20200608,12930,1.864,0,0,2973,10:50,Cloudy,8,17,NaN,NaN,NaN,NaN,15969
20200607,10017,1.444,0,0,2923,11:35,Cloudy,4,16,NaN,NaN,NaN,NaN,16040
20200606,15690,2.262,0,0,2926,11:20,Cloudy,3,18,NaN,NaN,NaN,NaN,16117
20200605,16227,2.340,0,0,2983,11:20,Cloudy,3,19,NaN,NaN,NaN,NaN,16198
20200604,13005,1.875,0,0,3092,10:20,Cloudy,9,16,NaN,NaN,NaN,NaN,16284
20200603,15435,2.226,0,0,3146,11:50,Cloudy,4,18,NaN,NaN,NaN,NaN,16376
20200602,5994,0.864,0,0,1545,11:35,Showers,6,16,NaN,NaN,NaN,NaN,16473
20200601,15483,2.233,0,0,2987,11:20,Cloudy,9,22,NaN,NaN,NaN,NaN,16575
20200531,12480,1.800,0,0,3128,10:05,Cloudy,8,21,NaN,NaN,NaN,NaN,16682
20200530,14976,2.159,0,0,3115,11:20,Cloudy,6,20,NaN,NaN,NaN,NaN,16794
20200529,5274,0.760,0,0,1267,11:05,Showers,8,16,NaN,NaN,NaN,NaN,16911
20200528,16542,2.385,0,0,3070,11:20,Cloudy,8,21,NaN,NaN,NaN,NaN,17034
20200527,13893,2.003,0,0,3251,10:05,Cloudy,10,19,NaN,NaN,NaN,NaN,17161
20200526,11412,1.646,0,0,3073,10:35,Cloudy,13,19,NaN,NaN,NaN,NaN,17293
20200525,5538,0.799,0,0,1703,10:20,Showers,12,16,NaN,NaN,NaN,NaN,17430
20200524,8070,1.164,0,0,1925,12:05,Cloudy,13,17,NaN,NaN,NaN,NaN,17572
20200523,8664,1.249,0,0,2224,09:50,Cloudy,11,17,NaN,NaN,NaN,NaN,17719
20200522,7647,1.103,0,0,1912,12:05,Cloudy,8,16,NaN,NaN,NaN,NaN,17871
20200521,5349,0.771,0,0,1784,13:50,Showers,12,18,NaN,NaN,NaN,NaN,18027
20200520,16323,2.354,0,0,3393,10:50,Cloudy,8,24,NaN,NaN,NaN,NaN,18188
20200519,17505,2.524,0,0,3479,12:05,Mostly Cloudy,11,21,NaN,NaN,NaN,NaN,18354
20200518,9594,1.383,0,0,3092,10:35,Cloudy,7,19,NaN,NaN,NaN,NaN,18525
20200517,14175,2.044,0,0,3558,10:20,Cloudy,5,20,NaN,NaN,NaN,NaN,18700
20200516,12900,1.860,0,0,3408,10:20,Cloudy,7,19,NaN,NaN,NaN,NaN,18879
20200515,10026,1.446,0,0,2810,11:35,Cloudy,5,16,NaN,NaN,NaN,NaN,19063
20200514,12192,1.758,0,0,3433,12:35,Cloudy,6,18,NaN,NaN,NaN,NaN,19251
20200513,13452,1.940,0,0,2869,09:50,Cloudy,6,19,NaN,NaN,NaN,NaN,19444
20200512,19713,2.843,0,0,3551,11:20,Mostly Cloudy,4,20,NaN,NaN,NaN,NaN,19641
20200511,20568,2.966,0,0,3568,11:20,Mostly Cloudy,6,18,NaN,NaN,NaN,NaN,19843
20200510,21372,3.082,0,0,3743,11:20,Mostly Cloudy,8,18,NaN,NaN,NaN,NaN,20048
20200509,15669,2.259,0,0,3548,11:35,Cloudy,9,26,NaN,NaN,NaN,NaN,20258
20200508,20265,2.922,0,0,3526,11:20,Mostly Cloudy,9,27,NaN,NaN,NaN,NaN,20472
20200507,16593,2.393,0,0,3217,12:35,Cloudy,7,24,NaN,NaN,NaN,NaN,20689
20200506,21840,3.149,0,0,3735,11:20,Mostly Cloudy,7,23,NaN,NaN,NaN,NaN,20911
20200505,15849,2.285,0,0,3857,11:20,Cloudy,11,19,NaN,NaN,NaN,NaN,21136
20200504,20955,3.022,0,0,3869,11:35,Mostly Cloudy,7,19,NaN,NaN,NaN,NaN,21365
20200503,22746,3.280,0,0,3955,11:35,Mostly Cloudy,7,19,NaN,NaN,NaN,NaN,21598
20200502,24039,3.466,0,0,4031,11:20,Mostly Cloudy,12,18,NaN,NaN,NaN,NaN,21835
20200501,21096,3.042,0,0,4068,11:20,Mostly Cloudy,8,17,NaN,NaN,NaN,NaN,22074
20200430,2919,0.421,0,0,1131,12:05,Showers,14,19,NaN,NaN,NaN,NaN,22318
20200429,16707,2.409,0,0,4078,10:50,Cloudy,14,27,NaN,NaN,NaN,NaN,22565
20200428,11607,1.674,0,0,2831,10:20,Cloudy,16,22,NaN,NaN,NaN,NaN,22815
20200427,9384,1.353,0,0,2039,10:35,Cloudy,11,21,NaN,NaN,NaN,NaN,23068
20200426,14802,2.134,0,0,3573,11:20,Cloudy,9,27,NaN,NaN,NaN,NaN,23324
20200425,23589,3.401,0,0,3853,11:35,Mostly Cloudy,10,27,NaN,NaN,NaN,NaN,23583
20200424,23751,3.425,0,0,3895,11:35,Mostly Cloudy,12,27,NaN,NaN,NaN,NaN,23845
20200423,24969,3.600,0,0,4095,11:20,Mostly Cloudy,7,24,NaN,NaN,NaN,NaN,24110
20200422,24330,3.508,0,0,4080,11:20,Mostly Cloudy,9,25,NaN,NaN,NaN,NaN,24378
20200421,24813,3.578,0,0,4067,11:35,Mostly Cloudy,13,25,NaN,NaN,NaN,NaN,24649
20200416,945,0.136,0,0,814,07:50,Showers,NaN,NaN,NaN,NaN,NaN,NaN,26036
20200415,25815,3.722,0,0,4104,11:20,Mostly Cloudy,11,28,NaN,NaN,NaN,NaN,26320
20200414,26829,3.869,0,0,4260,11:20,Mostly Cloudy,9,26,NaN,NaN,NaN,NaN,26606
20200413,22569,3.254,0,0,4138,10:05,Mostly Cloudy,7,22,NaN,NaN,NaN,NaN,26894
20200412,29064,4.191,0,0,4587,11:35,Partly Cloudy,10,21,NaN,NaN,NaN,NaN,27184
20200411,24561,3.542,0,0,4534,11:35,Mostly Cloudy,9,26,NaN,NaN,NaN,NaN,27475
20200410,11565,1.668,0,0,3557,13:20,Cloudy,14,23,NaN,NaN,NaN,NaN,27768
20200409,16338,2.356,0,0,3465,10:35,Cloudy,15,22,NaN,NaN,NaN,NaN,28062
20200408,11292,1.628,0,0,2813,09:05,Cloudy,13,19,NaN,NaN,NaN,NaN,28357
20200407,17367,2.504,0,0,3851,12:35,Mostly Cloudy,15,20,NaN,NaN,NaN,NaN,28654
20200406,24897,3.590,0,0,4527,10:50,Mostly Cloudy,9,24,NaN,NaN,NaN,NaN,28951
20200405,30840,4.447,0,0,4719,11:35,Partly Cloudy,8,24,NaN,NaN,NaN,NaN,28979
20200404,27684,3.992,0,0,4800,12:50,Mostly Cloudy,19,26,NaN,NaN,NaN,NaN,29550
20200403,16944,2.443,0,0,3603,14:20,Cloudy,14,26,NaN,NaN,NaN,NaN,29850
20200402,11925,1.720,0,0,3459,10:35,Cloudy,15,25,NaN,NaN,NaN,NaN,30151
20200401,11811,1.703,0,0,2706,14:35,Cloudy,15,23,NaN,NaN,NaN,NaN,30452
20200331,28395,4.094,0,0,4878,12:20,Partly Cloudy,14,25,NaN,NaN,NaN,NaN,30754
20200330,12048,1.737,0,0,3444,14:35,Cloudy,16,25,NaN,NaN,NaN,NaN,31056
20200329,23499,3.388,0,0,4448,13:20,Mostly Cloudy,16,25,NaN,NaN,NaN,NaN,31359
20200328,24750,3.569,0,0,5134,13:35,Mostly Cloudy,13,24,NaN,NaN,NaN,NaN,31662
20200327,24081,3.472,0,0,4173,11:05,Mostly Cloudy,15,22,NaN,NaN,NaN,NaN,31964
20200326,17664,2.547,0,0,4660,14:35,Mostly Cloudy,16,22,NaN,NaN,NaN,NaN,32267
20200325,16947,2.444,0,0,4585,11:50,Cloudy,15,25,NaN,NaN,NaN,NaN,32569
20200324,16995,2.451,0,0,3852,10:35,Cloudy,14,22,NaN,NaN,NaN,NaN,32871
20200323,21618,3.117,0,0,4897,13:05,Mostly Cloudy,17,21,NaN,NaN,NaN,NaN,33172
20200322,32157,4.637,0,0,4959,13:35,Partly Cloudy,16,29,NaN,NaN,NaN,NaN,33473
20200321,23448,3.381,0,0,4995,13:05,Mostly Cloudy,14,25,NaN,NaN,NaN,NaN,33774
20200320,30609,4.414,0,0,5024,11:05,Partly Cloudy,16,34,NaN,NaN,NaN,NaN,34074
20200319,33192,4.786,0,0,4856,12:35,Partly Cloudy,13,32,NaN,NaN,NaN,NaN,34372
20200322,32157,4.637,0,0,4959,13:35,Partly Cloudy,16,29,NaN,NaN,NaN,NaN,33473
20200321,23448,3.381,0,0,4995,13:05,Mostly Cloudy,14,25,NaN,NaN,NaN,NaN,33774
20200320,30609,4.414,0,0,5024,11:05,Partly Cloudy,16,34,NaN,NaN,NaN,NaN,34074
20200319,33192,4.786,0,0,4856,12:35,Partly Cloudy,13,32,NaN,NaN,NaN,NaN,34372
20200318,35826,5.166,0,0,5188,12:50,Fine,11,26,NaN,NaN,NaN,NaN,34670
20200317,23295,3.359,0,0,4248,13:20,Mostly Cloudy,14,22,NaN,NaN,NaN,NaN,34967
20200316,20148,2.905,0,0,4165,13:05,Mostly Cloudy,15,21,NaN,NaN,NaN,NaN,35263
20200315,20826,3.003,0,0,3937,10:50,Mostly Cloudy,13,19,NaN,NaN,NaN,NaN,35557
20200314,2931,0.423,0,0,533,12:35,Showers,13,19,NaN,NaN,NaN,NaN,35851
20200313,34431,4.965,0,0,5343,12:50,Partly Cloudy,12,26,NaN,NaN,NaN,NaN,36142
20200312,32937,4.749,0,0,5446,14:05,Partly Cloudy,13,25,NaN,NaN,NaN,NaN,36433
20200311,27558,3.974,0,0,6287,12:50,Mostly Cloudy,12,24,NaN,NaN,NaN,NaN,36721
20200310,25470,3.673,0,0,5255,10:50,Mostly Cloudy,14,22,NaN,NaN,NaN,NaN,37008
20200309,22344,3.222,0,0,5720,14:05,Mostly Cloudy,16,22,NaN,NaN,NaN,NaN,37293
20200308,24582,3.545,0,0,5002,12:50,Mostly Cloudy,16,22,NaN,NaN,NaN,NaN,37577
20200307,25344,3.655,0,0,5014,12:50,Mostly Cloudy,19,23,NaN,NaN,NaN,NaN,37858
20200306,25695,3.705,0,0,5974,12:20,Mostly Cloudy,20,26,NaN,NaN,NaN,NaN,38137
20200305,5220,0.753,0,0,1281,12:05,Showers,21,22,NaN,NaN,NaN,NaN,38414
20200304,16506,2.380,0,0,4585,13:35,Cloudy,18,25,NaN,NaN,NaN,NaN,38689
20200303,6072,0.876,0,0,1249,10:05,Showers,19,21,NaN,NaN,NaN,NaN,38962
20200302,34275,4.942,0,0,5411,12:50,Partly Cloudy,16,37,NaN,NaN,NaN,NaN,39232
20200301,36996,5.335,0,0,5382,12:50,Fine,16,29,NaN,NaN,NaN,NaN,39499
20200229,33960,4.897,0,0,5451,13:05,Partly Cloudy,15,26,NaN,NaN,NaN,NaN,39765
20200228,34356,4.954,0,0,5771,12:35,Partly Cloudy,11,24,NaN,NaN,NaN,NaN,40027
20200227,28791,4.152,0,0,5019,14:35,Partly Cloudy,19,25,NaN,NaN,NaN,NaN,40287
20200226,26526,3.825,0,0,4521,10:35,Mostly Cloudy,19,32,NaN,NaN,NaN,NaN,40544
20200225,39966,5.763,0,0,5540,13:05,Fine,17,28,NaN,NaN,NaN,NaN,40798
20200224,35034,5.052,0,0,6047,11:35,Fine,17,27,NaN,NaN,NaN,NaN,41050
20200223,18531,2.672,0,0,4724,11:50,Mostly Cloudy,19,24,NaN,NaN,NaN,NaN,41298
20200222,14967,2.158,0,0,3119,12:05,Cloudy,18,23,NaN,NaN,NaN,NaN,41543
20200221,21951,3.165,0,0,3674,14:35,Mostly Cloudy,18,25,NaN,NaN,NaN,NaN,41786
20200220,38970,5.619,0,0,6047,11:50,Fine,15,23,NaN,NaN,NaN,NaN,42025
20200219,34911,5.034,0,0,5832,13:50,Fine,18,28,NaN,NaN,NaN,NaN,42261
20200218,32298,4.657,0,0,5600,13:50,Partly Cloudy,18,31,NaN,NaN,NaN,NaN,42493
20200217,13788,1.988,0,0,4554,13:20,Cloudy,20,25,NaN,NaN,NaN,NaN,42723
20200216,36528,5.267,0,0,5987,12:35,Fine,19,26,NaN,NaN,NaN,NaN,42949
20200215,31167,4.494,0,0,5541,12:50,Partly Cloudy,17,26,NaN,NaN,NaN,NaN,43171
20200214,39306,5.668,0,0,6030,12:20,Fine,21,26,NaN,NaN,NaN,NaN,43391
20200213,20037,2.889,0,0,3426,10:05,Mostly Cloudy,21,26,NaN,NaN,NaN,NaN,43606
20200212,21474,3.096,0,0,4780,12:20,Mostly Cloudy,22,26,NaN,NaN,NaN,NaN,43818
20200211,38631,5.570,0,0,5583,12:35,Fine,19,30,NaN,NaN,NaN,NaN,44027
20200210,26655,3.844,0,0,4907,14:20,Mostly Cloudy,20,28,NaN,NaN,NaN,NaN,44231
20200209,2220,0.320,0,0,497,15:20,Showers,19,20,NaN,NaN,NaN,NaN,44433
20200208,12480,1.800,0,0,2959,11:20,Cloudy,18,22,NaN,NaN,NaN,NaN,44630
20200207,6528,0.941,0,0,1957,14:35,Showers,18,21,NaN,NaN,NaN,NaN,44824
20200206,13638,1.967,0,0,2397,11:05,Cloudy,19,24,NaN,NaN,NaN,NaN,45014
20200205,34713,5.005,0,0,5394,13:50,Fine,14,25,NaN,NaN,NaN,NaN,45200
20200204,28233,4.071,0,0,5867,12:20,Partly Cloudy,17,22,NaN,NaN,NaN,NaN,45382
20200203,28665,4.133,0,0,5843,13:35,Partly Cloudy,22,32,NaN,NaN,NaN,NaN,45561
20200202,18570,2.678,0,0,4017,12:50,Mostly Cloudy,24,27,NaN,NaN,NaN,NaN,45735
20200201,33216,4.790,0,0,4444,13:20,Partly Cloudy,23,40,NaN,NaN,NaN,NaN,45906
20200131,33636,4.850,0,0,4603,13:05,Partly Cloudy,20,32,NaN,NaN,NaN,NaN,46073
20200130,33177,4.784,0,0,4487,12:50,Partly Cloudy,16,30,NaN,NaN,NaN,NaN,46235
20200129,17367,2.504,0,0,3784,11:50,Mostly Cloudy,22,27,NaN,NaN,NaN,NaN,46394
20200128,23877,3.443,0,0,4271,11:20,Mostly Cloudy,21,30,NaN,NaN,NaN,NaN,46549
20200127,21813,3.145,0,0,4698,12:20,Mostly Cloudy,22,28,NaN,NaN,NaN,NaN,46700
20200126,27813,4.011,0,0,4353,12:35,Partly Cloudy,24,36,NaN,NaN,NaN,NaN,46846
20200125,20400,2.942,0,0,4431,12:50,Mostly Cloudy,22,29,NaN,NaN,NaN,NaN,46989
20200124,14706,2.121,0,0,3165,15:35,Cloudy,22,26,NaN,NaN,NaN,NaN,47128
20200123,35340,5.096,0,0,5762,11:35,Fine,17,41,NaN,NaN,NaN,NaN,47262
20200122,45738,6.595,0,0,5980,12:50,Fine,17,30,NaN,NaN,NaN,NaN,47393
20200121,46308,6.677,0,0,5883,13:20,Fine,15,30,NaN,NaN,NaN,NaN,47519
20200120,33033,4.763,0,0,5984,13:05,Partly Cloudy,19,29,NaN,NaN,NaN,NaN,47642
20200119,28071,4.048,0,0,5442,13:50,Partly Cloudy,18,25,NaN,NaN,NaN,NaN,47760
20200118,12936,1.865,0,0,2144,14:50,Cloudy,20,23,NaN,NaN,NaN,NaN,47874
20200117,7185,1.036,0,0,3135,15:35,Cloudy,18,21,NaN,NaN,NaN,NaN,47984
20200116,12144,1.751,0,0,2705,15:50,Cloudy,20,27,NaN,NaN,NaN,NaN,48090
20200115,30312,4.371,0,0,4369,12:20,Partly Cloudy,15,28,NaN,NaN,NaN,NaN,48192
20200114,32919,4.747,0,0,5349,12:20,Partly Cloudy,16,28,NaN,NaN,NaN,NaN,48289
20200113,31803,4.586,0,0,5175,14:20,Partly Cloudy,14,26,NaN,NaN,NaN,NaN,48383
20200112,4038,0.582,0,0,958,09:20,Showers,19,21,NaN,NaN,NaN,NaN,48472
20200111,11508,1.659,0,0,2796,14:35,Cloudy,18,22,NaN,NaN,NaN,NaN,48558
20200110,31923,4.603,0,0,4995,12:50,Partly Cloudy,21,30,NaN,NaN,NaN,NaN,48639
20200109,17922,2.584,0,0,3112,14:20,Mostly Cloudy,21,25,NaN,NaN,NaN,NaN,48716
20200108,23565,3.398,0,0,4403,14:05,Mostly Cloudy,21,26,NaN,NaN,NaN,NaN,48789
20200107,20961,3.022,0,0,4025,11:50,Mostly Cloudy,19,29,NaN,NaN,NaN,NaN,48857
20200106,13068,1.884,0,0,2898,13:20,Cloudy,17,25,NaN,NaN,NaN,NaN,48922
20200105,31812,4.587,0,0,5482,12:35,Partly Cloudy,21,24,NaN,NaN,NaN,NaN,48983
20200104,38547,5.558,0,0,5471,12:50,Fine,19,45,NaN,NaN,NaN,NaN,49039
20200103,36789,5.305,0,0,5638,12:20,Fine,21,31,NaN,NaN,NaN,NaN,49091
20200102,32268,4.653,0,0,5670,13:05,Partly Cloudy,19,25,NaN,NaN,NaN,NaN,49140
20200101,30900,4.456,0,0,5581,12:20,Partly Cloudy,19,25,NaN,NaN,NaN,NaN,49184
20191231,40050,5.775,0,0,5371,13:20,Fine,17,42,NaN,NaN,NaN,NaN,49224
20191230,36054,5.199,0,0,4811,12:20,Fine,17,31,NaN,NaN,NaN,NaN,49260
20191229,24150,3.482,0,0,3291,13:05,Mostly Cloudy,17,29,NaN,NaN,NaN,NaN,49291
20191228,48459,6.988,0,0,6220,12:20,Fine,15,31,NaN,NaN,NaN,NaN,49319
20191227,46122,6.651,0,0,5911,12:05,Fine,18,28,NaN,NaN,NaN,NaN,49342
20191226,45585,6.573,0,0,5946,13:05,Fine,17,28,NaN,NaN,NaN,NaN,49362
20191225,41178,5.938,0,0,6049,11:50,Fine,19,27,NaN,NaN,NaN,NaN,49377
20191224,22572,3.255,0,0,5194,11:20,Mostly Cloudy,19,27,NaN,NaN,NaN,NaN,49388
20191223,22350,3.223,0,0,3574,14:50,Mostly Cloudy,16,24,NaN,NaN,NaN,NaN,49395
20191222,23040,3.322,0,0,4831,12:05,Mostly Cloudy,18,22,NaN,NaN,NaN,NaN,49398
20191221,35862,5.171,0,0,5285,13:05,Fine,19,34,NaN,NaN,NaN,NaN,49397
20191220,38151,5.501,0,0,5854,12:20,Fine,17,27,NaN,NaN,NaN,NaN,49392
20191219,26652,3.843,0,0,4743,12:20,Mostly Cloudy,16,40,NaN,NaN,NaN,NaN,49383
20191218,44922,6.478,0,0,5651,12:35,Fine,13,27,NaN,NaN,NaN,NaN,49369
20191217,43260,6.238,0,0,5561,11:50,Fine,12,24,NaN,NaN,NaN,NaN,49352
20191216,29211,4.212,0,0,3923,10:50,Partly Cloudy,19,22,NaN,NaN,NaN,NaN,49330
20191215,29031,4.186,0,0,5536,11:35,Partly Cloudy,19,28,NaN,NaN,NaN,NaN,49305
20191214,34434,4.965,0,0,5819,11:50,Partly Cloudy,16,28,NaN,NaN,NaN,NaN,49275
20191213,20676,2.981,0,0,4216,13:20,Mostly Cloudy,17,23,NaN,NaN,NaN,NaN,49241
20191212,24270,3.500,0,0,6368,12:35,Mostly Cloudy,18,22,NaN,NaN,NaN,NaN,49203
20191211,24813,3.578,0,0,4959,13:50,Mostly Cloudy,17,22,NaN,NaN,NaN,NaN,49161
20191210,26997,3.893,0,0,4595,11:35,Mostly Cloudy,16,36,NaN,NaN,NaN,NaN,49115
20191209,31467,4.537,0,0,5536,12:50,Partly Cloudy,20,26,NaN,NaN,NaN,NaN,49065
20191208,33219,4.790,0,0,5705,12:05,Partly Cloudy,18,25,NaN,NaN,NaN,NaN,49010
20191207,37530,5.412,0,0,5723,12:20,Fine,14,26,NaN,NaN,NaN,NaN,48952
20191206,23847,3.439,0,0,3624,13:50,Mostly Cloudy,15,28,NaN,NaN,NaN,NaN,48890
20191205,35727,5.152,0,0,5488,12:35,Fine,11,33,NaN,NaN,NaN,NaN,48823
20191204,33279,4.799,0,0,4685,10:20,Partly Cloudy,12,30,NaN,NaN,NaN,NaN,48753
20191203,40071,5.778,0,0,5443,13:20,Fine,8,29,NaN,NaN,NaN,NaN,48678
20191202,31692,4.570,0,0,6282,13:20,Partly Cloudy,16,23,NaN,NaN,NaN,NaN,48598
20191201,33342,4.808,0,0,5650,13:20,Partly Cloudy,17,23,NaN,NaN,NaN,NaN,48515
20191130,22344,3.222,0,0,4571,10:20,Mostly Cloudy,16,22,NaN,NaN,NaN,NaN,48428
20191129,36306,5.235,0,0,5785,13:50,Fine,20,30,NaN,NaN,NaN,NaN,48337
20191128,48405,6.980,0,0,6090,12:20,Fine,12,27,NaN,NaN,NaN,NaN,48242
20191127,49491,7.136,0,0,6184,12:35,Fine,9,23,NaN,NaN,NaN,NaN,48143
20191126,33114,4.775,0,0,5902,13:35,Partly Cloudy,17,35,NaN,NaN,NaN,NaN,48040
20191125,26064,3.758,0,0,5388,13:50,Mostly Cloudy,17,31,NaN,NaN,NaN,NaN,47933
20191124,27660,3.988,0,0,5346,14:05,Mostly Cloudy,18,23,NaN,NaN,NaN,NaN,47822
20191123,10965,1.581,0,0,2253,12:35,Cloudy,17,22,NaN,NaN,NaN,NaN,47707
20191122,28791,4.152,0,0,5215,12:20,Partly Cloudy,17,23,NaN,NaN,NaN,NaN,47585
20191121,43617,6.289,0,0,5886,12:05,Fine,14,28,NaN,NaN,NaN,NaN,47462
20191120,28212,4.068,0,0,5390,14:20,Partly Cloudy,17,23,NaN,NaN,NaN,NaN,47335
20191119,44937,6.480,0,0,5770,12:05,Fine,11,35,NaN,NaN,NaN,NaN,47204
20191118,39663,5.719,0,0,5907,11:50,Fine,13,26,NaN,NaN,NaN,NaN,47069
20191117,17100,2.466,0,0,3486,15:05,Cloudy,16,21,NaN,NaN,NaN,NaN,46930
20191116,33030,4.763,0,0,6030,10:50,Partly Cloudy,16,22,NaN,NaN,NaN,NaN,46787
20191115,45795,6.603,0,0,6000,12:05,Fine,10,32,NaN,NaN,NaN,NaN,46637
20191114,46839,6.754,0,0,6056,12:20,Fine,10,25,NaN,NaN,NaN,NaN,46486
20191113,48456,6.987,0,0,6182,12:20,Fine,12,22,NaN,NaN,NaN,NaN,46332
20191112,43011,6.202,0,0,6147,12:20,Fine,11,35,NaN,NaN,NaN,NaN,46173
20191111,46392,6.690,0,0,6032,12:20,Fine,11,26,NaN,NaN,NaN,NaN,46011
20191110,40776,5.880,0,0,6820,11:35,Fine,13,23,NaN,NaN,NaN,NaN,45845
20191109,42741,6.163,0,0,6462,11:50,Fine,12,19,NaN,NaN,NaN,NaN,45675
20191108,44244,6.380,0,0,5986,12:20,Fine,14,30,NaN,NaN,NaN,NaN,45497
20191107,45702,6.590,0,0,6042,12:35,Fine,15,30,NaN,NaN,NaN,NaN,45320
20191106,46788,6.747,0,0,6094,12:05,Fine,9,28,NaN,NaN,NaN,NaN,45139
20191105,36612,5.279,0,0,6418,12:50,Fine,14,18,NaN,NaN,NaN,NaN,44954
20191104,38607,5.567,0,0,5988,12:20,Fine,16,23,NaN,NaN,NaN,NaN,44765
20191103,25368,3.658,0,0,5178,11:20,Mostly Cloudy,14,30,NaN,NaN,NaN,NaN,44573
20191102,37392,5.392,0,0,5879,12:20,Fine,14,28,NaN,NaN,NaN,NaN,44373
20191101,40845,5.890,0,0,5530,12:35,Fine,12,26,NaN,NaN,NaN,NaN,44174
20191031,39009,5.625,0,0,5375,13:05,Fine,14,29,NaN,NaN,NaN,NaN,43971
20191030,33405,4.817,0,0,5100,13:35,Partly Cloudy,13,29,NaN,NaN,NaN,NaN,43765
20191029,41082,5.924,0,0,5576,12:35,Fine,10,25,NaN,NaN,NaN,NaN,43555
20191028,22884,3.300,0,0,5590,09:50,Mostly Cloudy,10,21,NaN,NaN,NaN,NaN,43338
20191027,43107,6.216,0,0,5755,12:05,Fine,12,22,NaN,NaN,NaN,NaN,43121
20191026,33591,4.844,0,0,5514,12:35,Partly Cloudy,21,30,NaN,NaN,NaN,NaN,42901
20191025,34641,4.995,0,0,5482,11:50,Partly Cloudy,13,35,NaN,NaN,NaN,NaN,42678
20191024,39093,5.637,0,0,5554,12:20,Fine,14,26,NaN,NaN,NaN,NaN,42451
20191023,41007,5.913,0,0,5670,12:35,Fine,12,25,NaN,NaN,NaN,NaN,42221
20191022,42102,6.071,0,0,5733,12:20,Fine,8,24,NaN,NaN,NaN,NaN,41985
20191021,40128,5.786,0,0,5554,13:05,Fine,8,23,NaN,NaN,NaN,NaN,41749
20191020,42297,6.099,0,0,5807,12:05,Fine,7,21,NaN,NaN,NaN,NaN,41510
20191019,35385,5.102,0,0,5804,12:20,Fine,7,28,NaN,NaN,NaN,NaN,41268
20191018,42297,6.099,0,0,5771,11:50,Fine,7,24,NaN,NaN,NaN,NaN,41023
20191017,38538,5.557,0,0,5636,12:35,Fine,14,27,NaN,NaN,NaN,NaN,40773
20191016,25677,3.703,0,0,5440,10:20,Mostly Cloudy,14,22,NaN,NaN,NaN,NaN,40522
20191015,38779,5.592,0,0,5575,12:35,Fine,11,25,NaN,NaN,NaN,NaN,40269
20191014,34224,4.935,0,0,5906,13:20,Partly Cloudy,9,23,NaN,NaN,NaN,NaN,40013
20191013,24441,3.524,0,0,5801,11:05,Mostly Cloudy,10,18,NaN,NaN,NaN,NaN,39754
20191012,20046,2.891,0,0,4144,09:35,Mostly Cloudy,10,18,NaN,NaN,NaN,NaN,39491
20191011,27438,3.956,0,0,5712,12:50,Mostly Cloudy,9,18,NaN,NaN,NaN,NaN,39227
20191010,34740,5.009,0,0,5957,12:35,Fine,9,18,NaN,NaN,NaN,NaN,38961
20191009,37038,5.341,0,0,5779,12:20,Fine,9,18,NaN,NaN,NaN,NaN,38693
20191008,22356,3.224,0,0,5649,12:20,Mostly Cloudy,13,23,NaN,NaN,NaN,NaN,38420
20191007,29127,4.200,0,0,5261,11:50,Partly Cloudy,16,21,NaN,NaN,NaN,NaN,38148
20191006,24963,3.600,0,0,5690,11:35,Mostly Cloudy,15,24,NaN,NaN,NaN,NaN,37874
20191005,16908,2.438,0,0,4104,11:35,Cloudy,14,18,NaN,NaN,NaN,NaN,37596
20191004,32739,4.721,0,0,5108,11:20,Partly Cloudy,10,33,NaN,NaN,NaN,NaN,37318
20191003,35427,5.108,0,0,5065,11:35,Fine,9,30,NaN,NaN,NaN,NaN,37036
20191002,35649,5.140,0,0,5200,11:35,Fine,8,26,NaN,NaN,NaN,NaN,36754
20191001,26463,3.816,0,0,6231,11:50,Mostly Cloudy,8,20,NaN,NaN,NaN,NaN,36470
20190930,10890,1.570,0,0,4477,09:05,Cloudy,11,18,NaN,NaN,NaN,NaN,36184
20190929,34008,4.904,0,0,5432,11:20,Partly Cloudy,8,21,NaN,NaN,NaN,NaN,35897
20190928,32787,4.728,0,0,5367,11:05,Partly Cloudy,9,19,NaN,NaN,NaN,NaN,35608
20190927,33321,4.805,0,0,5132,11:20,Partly Cloudy,10,25,NaN,NaN,NaN,NaN,35318
20190926,27051,3.901,0,0,5344,11:50,Mostly Cloudy,10,20,NaN,NaN,NaN,NaN,35027
20190925,30366,4.379,0,0,5146,11:35,Partly Cloudy,6,20,NaN,NaN,NaN,NaN,34735
20190924,35370,5.100,0,0,5214,11:35,Fine,6,21,NaN,NaN,NaN,NaN,34441
20190923,20625,2.974,0,0,5136,10:50,Mostly Cloudy,9,21,NaN,NaN,NaN,NaN,34148
20190922,23655,3.411,0,0,4653,10:05,Mostly Cloudy,16,23,NaN,NaN,NaN,NaN,33853
20190921,23130,3.335,0,0,4670,12:35,Mostly Cloudy,14,24,NaN,NaN,NaN,NaN,33557
20190920,24978,3.602,0,0,4822,12:50,Mostly Cloudy,11,21,NaN,NaN,NaN,NaN,33261
20190919,19998,2.884,0,0,4611,09:35,Mostly Cloudy,14,21,NaN,NaN,NaN,NaN,32964
20190918,4794,0.691,0,0,1342,13:20,Showers,13,16,NaN,NaN,NaN,NaN,32667
20190917,2535,0.366,0,0,698,12:35,Showers,8,13,NaN,NaN,NaN,NaN,32369
20190916,17439,2.515,0,0,2940,14:20,Mostly Cloudy,9,27,NaN,NaN,NaN,NaN,32072
20190915,31098,4.484,0,0,4713,11:05,Partly Cloudy,6,27,NaN,NaN,NaN,NaN,31774
20190914,29220,4.213,0,0,5124,11:05,Partly Cloudy,6,19,NaN,NaN,NaN,NaN,31476
20190913,23031,3.321,0,0,4363,12:20,Mostly Cloudy,9,20,NaN,NaN,NaN,NaN,31178
20190912,27075,3.904,0,0,5236,11:35,Mostly Cloudy,5,26,NaN,NaN,NaN,NaN,30881
20190911,30852,4.449,0,0,4818,12:05,Partly Cloudy,5,20,NaN,NaN,NaN,NaN,30583
20190910,24201,3.490,0,0,4229,12:05,Mostly Cloudy,7,16,NaN,NaN,NaN,NaN,30287
20190909,20934,3.019,0,0,4719,10:20,Mostly Cloudy,9,17,NaN,NaN,NaN,NaN,29990
20190908,30900,4.456,0,0,4755,11:20,Partly Cloudy,11,19,NaN,NaN,NaN,NaN,29694
20190907,31416,4.530,0,0,4903,11:20,Partly Cloudy,5,18,NaN,NaN,NaN,NaN,29399
20190906,25809,3.722,0,0,4562,11:20,Mostly Cloudy,11,24,NaN,NaN,NaN,NaN,29105
20190905,28011,4.039,0,0,4514,11:20,Partly Cloudy,11,21,NaN,NaN,NaN,NaN,28812
20190904,28572,4.120,0,0,4431,11:35,Partly Cloudy,6,27,NaN,NaN,NaN,NaN,28519
20190903,28257,4.075,0,0,4433,11:50,Partly Cloudy,6,23,NaN,NaN,NaN,NaN,28228
20190902,27528,3.969,0,0,4751,11:05,Mostly Cloudy,6,19,NaN,NaN,NaN,NaN,27938
20190901,28344,4.087,0,0,4401,11:20,Partly Cloudy,7,23,NaN,NaN,NaN,NaN,27649
20190831,10563,1.523,0,0,2290,12:35,Cloudy,12,17,NaN,NaN,NaN,NaN,27362
20190830,4932,0.711,0,0,1090,12:05,Showers,10,14,NaN,NaN,NaN,NaN,27076
20190829,6393,0.922,0,0,1636,13:35,Showers,5,13,NaN,NaN,NaN,NaN,26792
20190828,21021,3.031,0,0,4376,11:50,Mostly Cloudy,7,21,NaN,NaN,NaN,NaN,26509
20190827,20514,2.958,0,0,5001,12:50,Mostly Cloudy,12,17,NaN,NaN,NaN,NaN,26229
20190826,9927,1.431,0,0,2678,14:20,Cloudy,12,15,NaN,NaN,NaN,NaN,25950
20190825,24762,3.571,0,0,4226,11:50,Mostly Cloudy,3,22,NaN,NaN,NaN,NaN,25673
20190824,26391,3.805,0,0,4234,11:35,Mostly Cloudy,1,24,NaN,NaN,NaN,NaN,25399
20190823,22992,3.315,0,0,4564,11:05,Mostly Cloudy,4,18,NaN,NaN,NaN,NaN,25126
20190822,15396,2.220,0,0,3500,09:50,Cloudy,6,19,NaN,NaN,NaN,NaN,24856
20190821,25362,3.657,0,0,4128,11:35,Mostly Cloudy,3,21,NaN,NaN,NaN,NaN,24589
20190820,25500,3.677,0,0,4170,11:35,Mostly Cloudy,6,20,NaN,NaN,NaN,NaN,24324
20190819,25101,3.619,0,0,4274,11:50,Mostly Cloudy,10,16,NaN,NaN,NaN,NaN,24061
20190818,23952,3.454,0,0,4259,11:20,Mostly Cloudy,5,20,NaN,NaN,NaN,NaN,23801
20190817,22479,3.241,0,0,4065,11:50,Mostly Cloudy,6,18,NaN,NaN,NaN,NaN,23544
20190816,24039,3.466,0,0,4011,11:35,Mostly Cloudy,1,24,NaN,NaN,NaN,NaN,23290
20190815,23979,3.458,0,0,4016,11:35,Mostly Cloudy,2,20,NaN,NaN,NaN,NaN,23038
20190814,23463,3.383,0,0,3955,11:50,Mostly Cloudy,5,19,NaN,NaN,NaN,NaN,22790
20190813,23190,3.344,0,0,3884,11:35,Mostly Cloudy,2,17,NaN,NaN,NaN,NaN,22545
20190812,20850,3.006,0,0,4216,11:35,Mostly Cloudy,8,18,NaN,NaN,NaN,NaN,22303
20190811,17958,2.589,0,0,4320,12:05,Mostly Cloudy,4,15,NaN,NaN,NaN,NaN,22065
20190810,19482,2.809,0,0,4523,11:50,Mostly Cloudy,8,15,NaN,NaN,NaN,NaN,21829
20190809,21465,3.095,0,0,4025,12:05,Mostly Cloudy,12,17,NaN,NaN,NaN,NaN,21597
20190808,17325,2.498,0,0,3849,11:35,Cloudy,2,20,NaN,NaN,NaN,NaN,21369
20190807,21873,3.154,0,0,3796,11:35,Mostly Cloudy,1,22,NaN,NaN,NaN,NaN,21145
20190806,22176,3.198,0,0,3816,11:35,Mostly Cloudy,1,21,NaN,NaN,NaN,NaN,20924
20190805,20736,2.990,0,0,3798,11:50,Mostly Cloudy,5,20,NaN,NaN,NaN,NaN,20706
20190804,18306,2.640,0,0,3996,11:35,Mostly Cloudy,6,18,NaN,NaN,NaN,NaN,20493
20190803,21129,3.047,0,0,3660,11:35,Mostly Cloudy,4,20,NaN,NaN,NaN,NaN,20283
20190802,14718,2.122,0,0,3718,11:20,Cloudy,6,18,NaN,NaN,NaN,NaN,20078
20190801,19683,2.838,0,0,3520,11:35,Mostly Cloudy,8,20,NaN,NaN,NaN,NaN,19876
20190731,14253,2.055,0,0,3520,12:20,Cloudy,7,16,NaN,NaN,NaN,NaN,19679
20190730,9387,1.354,0,0,1751,10:50,Cloudy,10,15,NaN,NaN,NaN,NaN,19486
20190729,17106,2.467,0,0,3393,11:35,Cloudy,3,20,NaN,NaN,NaN,NaN,19297
20190728,19249,2.776,0,0,3410,11:35,Mostly Cloudy,4,18,NaN,NaN,NaN,NaN,19112
20190727,15420,2.224,0,0,3419,12:05,Cloudy,7,19,NaN,NaN,NaN,NaN,18932
20190726,13965,2.014,0,0,3392,10:35,Cloudy,3,18,NaN,NaN,NaN,NaN,18756
20190725,18918,2.728,0,0,3344,11:35,Mostly Cloudy,4,19,NaN,NaN,NaN,NaN,18585
20190724,18348,2.646,0,0,3357,11:35,Mostly Cloudy,4,19,NaN,NaN,NaN,NaN,18418
20190723,18894,2.724,0,0,3357,11:35,Mostly Cloudy,3,22,NaN,NaN,NaN,NaN,18255
20190722,12702,1.832,0,0,3235,11:35,Cloudy,5,22,NaN,NaN,NaN,NaN,18097
20190721,18207,2.625,0,0,3240,11:35,Mostly Cloudy,2,23,NaN,NaN,NaN,NaN,17944
20190720,18444,2.660,0,0,3278,11:35,Mostly Cloudy,2,20,NaN,NaN,NaN,NaN,17796
20190719,18009,2.597,0,0,3226,11:35,Mostly Cloudy,1,20,NaN,NaN,NaN,NaN,17652
20190718,18105,2.611,0,0,3260,11:35,Mostly Cloudy,7,19,NaN,NaN,NaN,NaN,17513
20190717,17799,2.567,0,0,3196,11:35,Mostly Cloudy,6,19,NaN,NaN,NaN,NaN,17379
20190716,17796,2.566,0,0,3200,11:35,Mostly Cloudy,4,20,NaN,NaN,NaN,NaN,17250
20190715,15792,2.277,0,0,3249,12:05,Cloudy,4,17,NaN,NaN,NaN,NaN,17126
20190714,18003,2.596,0,0,3279,11:20,Mostly Cloudy,3,16,NaN,NaN,NaN,NaN,17007
20190713,17625,2.541,0,0,3307,11:20,Mostly Cloudy,11,15,NaN,NaN,NaN,NaN,16892
20190712,15528,2.239,0,0,3243,11:50,Cloudy,7,20,NaN,NaN,NaN,NaN,16783
20190711,17238,2.486,0,0,3136,11:20,Cloudy,8,19,NaN,NaN,NaN,NaN,16679
20190710,16989,2.450,0,0,3138,11:20,Cloudy,4,16,NaN,NaN,NaN,NaN,16579
20190709,16704,2.409,0,0,3115,11:35,Cloudy,5,17,NaN,NaN,NaN,NaN,16485
20190708,12552,1.810,0,0,3932,10:35,Cloudy,10,20,NaN,NaN,NaN,NaN,16396
20190707,14601,2.105,0,0,3033,11:20,Cloudy,11,19,NaN,NaN,NaN,NaN,16313
20190706,14592,2.104,0,0,3810,11:35,Cloudy,8,19,NaN,NaN,NaN,NaN,16234
20190705,10065,1.451,0,0,2283,11:20,Cloudy,12,17,NaN,NaN,NaN,NaN,16160
20190704,7635,1.101,0,0,2145,11:35,Cloudy,6,17,NaN,NaN,NaN,NaN,16092
20190703,10254,1.479,0,0,3062,10:35,Cloudy,3,18,NaN,NaN,NaN,NaN,16029
20190702,15143,2.184,0,0,3319,11:50,Cloudy,4,20,NaN,NaN,NaN,NaN,15972
20190701,15132,2.182,0,0,3022,11:20,Cloudy,3,17,NaN,NaN,NaN,NaN,15919
20190630,15870,2.288,0,0,3060,11:35,Cloudy,7,17,NaN,NaN,NaN,NaN,15872
20190629,15237,2.197,0,0,2951,11:50,Cloudy,5,20,NaN,NaN,NaN,NaN,15830
20190628,13017,1.877,0,0,3371,12:20,Cloudy,7,20,NaN,NaN,NaN,NaN,15793
20190627,12999,1.874,0,0,3160,11:50,Cloudy,8,19,NaN,NaN,NaN,NaN,15762
20190626,12036,1.736,0,0,3027,12:35,Cloudy,10,18,NaN,NaN,NaN,NaN,15736
20190625,8844,1.275,0,0,2703,10:05,Cloudy,8,17,NaN,NaN,NaN,NaN,15716
20190624,7278,1.049,0,0,2492,12:20,Cloudy,9,16,NaN,NaN,NaN,NaN,15701
20190623,14136,2.038,0,0,3445,11:05,Cloudy,4,15,NaN,NaN,NaN,NaN,15691
20190622,11379,1.641,0,0,3024,11:20,Cloudy,4,15,NaN,NaN,NaN,NaN,15686
20190621,16326,2.354,0,0,3075,11:35,Cloudy,5,15,NaN,NaN,NaN,NaN,15687
20190620,13917,2.007,0,0,3061,12:35,Cloudy,3,15,NaN,NaN,NaN,NaN,15693
20190619,15087,2.175,0,0,3232,11:35,Cloudy,5,16,NaN,NaN,NaN,NaN,15705
20190618,12030,1.735,0,0,3633,10:05,Cloudy,10,19,NaN,NaN,NaN,NaN,15722
20190617,4143,0.597,0,0,2348,12:35,Showers,8,16,NaN,NaN,NaN,NaN,15744
20190616,4635,0.668,0,0,1032,11:50,Showers,11,14,NaN,NaN,NaN,NaN,15772
20190615,15360,2.215,0,0,3019,11:35,Cloudy,4,19,NaN,NaN,NaN,NaN,15805
20190614,12936,1.865,0,0,2846,11:50,Cloudy,9,19,NaN,NaN,NaN,NaN,15843
20190613,7335,1.058,0,0,2120,10:50,Cloudy,12,22,NaN,NaN,NaN,NaN,15887
20190612,10542,1.520,0,0,2572,12:35,Cloudy,6,22,NaN,NaN,NaN,NaN,15936
20190611,15786,2.276,0,0,2926,11:20,Cloudy,6,22,NaN,NaN,NaN,NaN,15991
20190610,12639,1.822,0,0,2726,10:35,Cloudy,7,21,NaN,NaN,NaN,NaN,16050
20190609,15879,2.290,0,0,2954,11:20,Cloudy,6,21,NaN,NaN,NaN,NaN,16115
20190608,4951,0.714,0,0,965,14:20,Showers,8,14,NaN,NaN,NaN,NaN,16186
20190607,3321,0.479,0,0,1025,09:35,Showers,8,16,NaN,NaN,NaN,NaN,16261
20190606,16566,2.389,0,0,3043,11:20,Cloudy,2,18,NaN,NaN,NaN,NaN,16342
20190605,9594,1.383,0,0,3370,11:35,Cloudy,8,15,NaN,NaN,NaN,NaN,16428
20190604,6828,0.985,0,0,3045,13:20,Showers,7,14,NaN,NaN,NaN,NaN,16520
20190603,9246,1.333,0,0,2494,10:50,Cloudy,9,17,NaN,NaN,NaN,NaN,16616
20190602,11568,1.668,0,0,3056,11:20,Cloudy,8,20,NaN,NaN,NaN,NaN,16718
20190601,12081,1.742,0,0,3496,12:05,Cloudy,7,19,NaN,NaN,NaN,NaN,16825
20190531,16467,2.374,0,0,3083,11:20,Cloudy,4,19,NaN,NaN,NaN,NaN,16937
20190530,17700,2.552,0,0,3219,11:20,Mostly Cloudy,5,16,NaN,NaN,NaN,NaN,17054
20190529,17589,2.536,0,0,3224,11:35,Mostly Cloudy,12,18,NaN,NaN,NaN,NaN,17176
20190528,17520,2.526,0,0,3141,11:35,Mostly Cloudy,4,18,NaN,NaN,NaN,NaN,17304
20190527,12252,1.767,0,0,3254,11:35,Cloudy,3,19,NaN,NaN,NaN,NaN,17436
20190526,14106,2.034,0,0,3324,11:20,Cloudy,7,22,NaN,NaN,NaN,NaN,17573
20190525,17379,2.506,0,0,3094,11:20,Mostly Cloudy,7,26,NaN,NaN,NaN,NaN,17716
20190524,16399,2.365,0,0,3158,11:35,Cloudy,9,23,NaN,NaN,NaN,NaN,17863
20190523,16587,2.392,0,0,3506,11:20,Cloudy,10,24,NaN,NaN,NaN,NaN,18015
20190522,16800,2.422,0,0,3110,11:35,Cloudy,9,23,NaN,NaN,NaN,NaN,18172
20190521,16797,2.422,0,0,3090,11:35,Cloudy,8,26,NaN,NaN,NaN,NaN,18333
20190520,13866,1.999,0,0,3666,12:20,Cloudy,8,23,NaN,NaN,NaN,NaN,18500
20190519,14025,2.022,0,0,2846,10:05,Cloudy,10,22,NaN,NaN,NaN,NaN,18671
20190518,17838,2.572,0,0,3412,11:35,Mostly Cloudy,8,22,NaN,NaN,NaN,NaN,18846
20190517,17712,2.554,0,0,3288,11:35,Mostly Cloudy,7,23,NaN,NaN,NaN,NaN,19027
20190516,19227,2.772,0,0,3380,11:20,Mostly Cloudy,8,22,NaN,NaN,NaN,NaN,19211
20190515,12780,1.843,0,0,3447,11:05,Cloudy,8,22,NaN,NaN,NaN,NaN,19401
20190514,14695,2.119,0,0,3470,11:35,Cloudy,8,23,NaN,NaN,NaN,NaN,19594
20190513,18285,2.637,0,0,3547,11:20,Mostly Cloudy,6,22,NaN,NaN,NaN,NaN,19792
20190512,20805,3.000,0,0,3601,11:20,Mostly Cloudy,8,20,NaN,NaN,NaN,NaN,19995
20190511,16869,2.432,0,0,3706,11:20,Cloudy,8,21,NaN,NaN,NaN,NaN,20201
20190510,8283,1.194,0,0,1764,14:20,Cloudy,7,19,NaN,NaN,NaN,NaN,20412
20190509,21255,3.065,0,0,3875,11:35,Mostly Cloudy,5,20,NaN,NaN,NaN,NaN,20627
20190508,18798,2.711,0,0,4041,12:05,Mostly Cloudy,5,20,NaN,NaN,NaN,NaN,20846
20190507,22452,3.237,0,0,3844,11:20,Mostly Cloudy,5,22,NaN,NaN,NaN,NaN,21069
20190506,21411,3.087,0,0,3931,11:20,Mostly Cloudy,11,21,NaN,NaN,NaN,NaN,21295
20190505,13575,1.957,0,0,3841,10:50,Cloudy,11,19,NaN,NaN,NaN,NaN,21526
20190504,17781,2.564,0,0,4042,11:05,Mostly Cloudy,16,22,NaN,NaN,NaN,NaN,21760
20190503,6231,0.898,0,0,3335,09:35,Showers,16,23,NaN,NaN,NaN,NaN,21998
20190502,13710,1.977,0,0,4440,10:50,Cloudy,15,26,NaN,NaN,NaN,NaN,22240
20190501,11016,1.588,0,0,2609,13:35,Cloudy,13,24,NaN,NaN,NaN,NaN,22485
20190430,18801,2.711,0,0,3905,12:05,Mostly Cloudy,10,24,NaN,NaN,NaN,NaN,22733
20190429,19080,2.751,0,0,4401,11:50,Mostly Cloudy,8,22,NaN,NaN,NaN,NaN,22985
20190428,24483,3.530,0,0,4035,11:35,Mostly Cloudy,7,22,NaN,NaN,NaN,NaN,23240
20190427,21147,3.049,0,0,4420,11:05,Mostly Cloudy,14,18,NaN,NaN,NaN,NaN,23498
20190426,22665,3.268,0,0,4410,12:20,Mostly Cloudy,15,28,NaN,NaN,NaN,NaN,23759
20190425,23502,3.389,0,0,3959,11:20,Mostly Cloudy,12,26,NaN,NaN,NaN,NaN,24023
20190424,22155,3.195,0,0,4540,11:05,Mostly Cloudy,13,26,NaN,NaN,NaN,NaN,24290
20190423,14751,2.127,0,0,4180,11:20,Cloudy,15,24,NaN,NaN,NaN,NaN,24560
20190422,24381,3.516,0,0,4157,11:50,Mostly Cloudy,15,26,NaN,NaN,NaN,NaN,24832
20190421,24711,3.563,0,0,4177,12:05,Mostly Cloudy,14,26,NaN,NaN,NaN,NaN,25107
20190420,21873,3.154,0,0,4277,10:20,Mostly Cloudy,13,25,NaN,NaN,NaN,NaN,25385
20190419,18090,2.609,0,0,4528,11:05,Mostly Cloudy,14,23,NaN,NaN,NaN,NaN,25665
20190418,25998,3.749,0,0,4248,10:50,Mostly Cloudy,12,27,NaN,NaN,NaN,NaN,25947
20190417,21912,3.160,0,0,4835,10:50,Mostly Cloudy,12,25,NaN,NaN,NaN,NaN,26231
20190416,22629,3.263,0,0,4741,11:50,Mostly Cloudy,11,23,NaN,NaN,NaN,NaN,26518
20190415,21927,3.162,0,0,4822,12:35,Mostly Cloudy,11,22,NaN,NaN,NaN,NaN,26806
20190414,23049,3.324,0,0,5130,12:20,Mostly Cloudy,14,22,NaN,NaN,NaN,NaN,27096
20190413,24078,3.472,0,0,4180,12:20,Mostly Cloudy,10,26,NaN,NaN,NaN,NaN,27389
20190412,15263,2.201,0,0,3704,13:50,Cloudy,11,21,NaN,NaN,NaN,NaN,27682
20190411,15465,2.230,0,0,4874,11:50,Cloudy,9,20,NaN,NaN,NaN,NaN,27978
20190410,28734,4.143,0,0,4854,11:20,Partly Cloudy,11,19,NaN,NaN,NaN,NaN,28274
20190409,15189,2.190,0,0,3028,09:50,Cloudy,15,27,NaN,NaN,NaN,NaN,28572
20190408,27798,4.008,0,0,4559,11:35,Partly Cloudy,13,33,NaN,NaN,NaN,NaN,28872
20190407,29439,4.245,0,0,4556,11:35,Partly Cloudy,16,27,NaN,NaN,NaN,NaN,28911
20190406,28644,4.130,0,0,4509,12:35,Partly Cloudy,15,28,NaN,NaN,NaN,NaN,29473
20190405,12027,1.734,0,0,2836,14:35,Cloudy,16,21,NaN,NaN,NaN,NaN,29776
20190404,16002,2.307,0,0,4155,10:35,Cloudy,13,23,NaN,NaN,NaN,NaN,30079
20190403,29301,4.225,0,0,4841,13:05,Partly Cloudy,13,26,NaN,NaN,NaN,NaN,30383
20190402,14697,2.119,0,0,3908,12:50,Cloudy,13,22,NaN,NaN,NaN,NaN,30687
20190401,22419,3.233,0,0,5693,12:05,Mostly Cloudy,10,21,NaN,NaN,NaN,NaN,30992
20190331,33981,4.900,0,0,5128,12:35,Partly Cloudy,10,21,NaN,NaN,NaN,NaN,31297
20190330,22194,3.200,0,0,5070,12:50,Mostly Cloudy,18,26,NaN,NaN,NaN,NaN,31603
20190329,25983,3.747,0,0,4734,13:05,Mostly Cloudy,13,27,NaN,NaN,NaN,NaN,31908
20190328,30978,4.467,0,0,5283,12:35,Partly Cloudy,16,26,NaN,NaN,NaN,NaN,32214
20190327,14508,2.092,0,0,2498,11:05,Cloudy,11,22,NaN,NaN,NaN,NaN,32519
20190326,34995,5.046,0,0,5238,12:20,Fine,16,25,NaN,NaN,NaN,NaN,32825
20190325,9110,1.314,0,0,1813,14:35,Cloudy,19,25,NaN,NaN,NaN,NaN,33130
20190324,27558,3.974,0,0,4816,12:50,Mostly Cloudy,20,31,NaN,NaN,NaN,NaN,33435
20190323,28155,4.060,0,0,4959,12:50,Partly Cloudy,16,28,NaN,NaN,NaN,NaN,33739
20190322,16551,2.387,0,0,3860,09:50,Cloudy,17,25,NaN,NaN,NaN,NaN,34042
20190321,22785,3.286,0,0,5605,12:20,Mostly Cloudy,17,26,NaN,NaN,NaN,NaN,34345
20190320,28062,4.046,0,0,5531,13:20,Partly Cloudy,18,25,NaN,NaN,NaN,NaN,34647
20190319,21378,3.083,0,0,4421,12:20,Mostly Cloudy,17,25,NaN,NaN,NaN,NaN,34949
20190318,13596,1.960,0,0,5672,11:50,Cloudy,17,22,NaN,NaN,NaN,NaN,35249
20190317,5883,0.848,0,0,1839,15:50,Showers,18,21,NaN,NaN,NaN,NaN,35548
20190316,11997,1.730,0,0,2963,13:05,Cloudy,17,24,NaN,NaN,NaN,NaN,35845
20190315,17037,2.457,0,0,3960,15:35,Cloudy,15,23,NaN,NaN,NaN,NaN,36142
20190314,24846,3.583,0,0,4896,13:35,Mostly Cloudy,19,27,NaN,NaN,NaN,NaN,36437
20190313,7599,1.096,0,0,1875,14:50,Cloudy,18,22,NaN,NaN,NaN,NaN,36731
20190312,35712,5.150,0,0,5149,12:20,Fine,18,34,NaN,NaN,NaN,NaN,37022
20190311,27594,3.979,0,0,5639,12:05,Mostly Cloudy,21,27,NaN,NaN,NaN,NaN,37313
20190310,30744,4.433,0,0,5269,12:50,Partly Cloudy,17,30,NaN,NaN,NaN,NaN,37601
20190309,11484,1.656,0,0,2802,11:50,Cloudy,20,25,NaN,NaN,NaN,NaN,37888
20190308,34386,4.958,0,0,5649,12:20,Partly Cloudy,16,27,NaN,NaN,NaN,NaN,38172
20190307,18744,2.703,0,0,4959,12:05,Mostly Cloudy,16,21,NaN,NaN,NaN,NaN,38455
20190306,15984,2.305,0,0,4123,12:20,Cloudy,18,35,NaN,NaN,NaN,NaN,38735
20190305,33816,4.876,0,0,5380,12:20,Partly Cloudy,17,29,NaN,NaN,NaN,NaN,39013
20190304,38538,5.557,0,0,5578,12:50,Fine,17,30,NaN,NaN,NaN,NaN,39289
20190303,35829,5.166,0,0,5515,12:50,Fine,17,29,NaN,NaN,NaN,NaN,39563
20190302,31575,4.553,0,0,5509,13:35,Partly Cloudy,19,28,NaN,NaN,NaN,NaN,39834
20190301,36567,5.273,0,0,5862,11:50,Fine,18,28,NaN,NaN,NaN,NaN,40102
20190228,33942,4.894,0,0,6022,13:20,Partly Cloudy,18,28,NaN,NaN,NaN,NaN,40368
20190227,31005,4.471,0,0,6095,12:35,Partly Cloudy,15,26,NaN,NaN,NaN,NaN,40631
20190226,37200,5.364,0,0,5961,12:20,Fine,13,27,NaN,NaN,NaN,NaN,40891
20190225,32166,4.638,0,0,5856,14:05,Partly Cloudy,17,25,NaN,NaN,NaN,NaN,41149
20190224,27429,3.955,0,0,6100,12:35,Mostly Cloudy,18,24,NaN,NaN,NaN,NaN,41404
20190223,12867,1.855,0,0,2801,13:05,Cloudy,18,21,NaN,NaN,NaN,NaN,41655
20190222,23103,3.331,0,0,5612,13:50,Mostly Cloudy,18,23,NaN,NaN,NaN,NaN,41904
20190221,11127,1.604,0,0,3679,12:50,Cloudy,20,23,NaN,NaN,NaN,NaN,42149
20190220,8169,1.178,0,0,2890,13:20,Cloudy,18,22,NaN,NaN,NaN,NaN,42392
20190219,37179,5.361,0,0,5721,13:50,Fine,22,29,NaN,NaN,NaN,NaN,42631
20190218,41436,5.975,0,0,5609,12:35,Fine,17,31,NaN,NaN,NaN,NaN,42866
20190217,43266,6.239,0,0,5797,12:35,Fine,16,30,NaN,NaN,NaN,NaN,43099
20190216,39366,5.676,0,0,5939,12:50,Fine,16,27,NaN,NaN,NaN,NaN,43328
20190215,40458,5.834,0,0,6049,11:50,Fine,15,27,NaN,NaN,NaN,NaN,43554
20190214,32811,4.731,0,0,6205,11:50,Partly Cloudy,15,25,NaN,NaN,NaN,NaN,43776
20190213,38739,5.586,0,0,5675,13:20,Fine,18,24,NaN,NaN,NaN,NaN,43995
20190212,45318,6.535,0,0,5939,12:35,Fine,15,36,NaN,NaN,NaN,NaN,44210
20190211,45600,6.575,0,0,6047,12:50,Fine,14,28,NaN,NaN,NaN,NaN,44421
20190210,46926,6.767,0,0,6158,12:35,Fine,14,23,NaN,NaN,NaN,NaN,44629
20190209,34917,5.035,0,0,6281,12:05,Fine,19,32,NaN,NaN,NaN,NaN,44833
20190208,29820,4.300,0,0,6196,13:20,Partly Cloudy,20,33,NaN,NaN,NaN,NaN,45033
20190207,41913,6.044,0,0,6087,12:50,Fine,19,29,NaN,NaN,NaN,NaN,45230
20190206,39912,5.755,0,0,6056,12:35,Fine,19,29,NaN,NaN,NaN,NaN,45423
20190205,31821,4.588,0,0,6861,12:50,Partly Cloudy,22,27,NaN,NaN,NaN,NaN,45612
20190204,38007,5.480,0,0,5674,12:20,Fine,20,32,NaN,NaN,NaN,NaN,45797
20190203,44955,6.482,0,0,5868,12:50,Fine,19,30,NaN,NaN,NaN,NaN,45978
20190202,16401,2.365,0,0,4217,14:05,Cloudy,17,25,NaN,NaN,NaN,NaN,46155
20190201,9327,1.345,0,0,2259,10:50,Cloudy,17,21,NaN,NaN,NaN,NaN,46328
20190131,40452,5.833,0,0,6058,11:50,Fine,22,37,NaN,NaN,NaN,NaN,46498
20190130,27714,3.996,0,0,6307,10:50,Mostly Cloudy,22,31,NaN,NaN,NaN,NaN,46663
20190129,45429,6.551,0,0,5927,12:50,Fine,22,31,NaN,NaN,NaN,NaN,46824
20190128,27285,3.934,0,0,5627,12:35,Mostly Cloudy,22,27,NaN,NaN,NaN,NaN,46982
20190127,38346,5.529,0,0,5714,13:20,Fine,22,35,NaN,NaN,NaN,NaN,47135
20190126,43062,6.209,0,0,5859,12:50,Fine,21,33,NaN,NaN,NaN,NaN,47284
20190125,45747,6.597,0,0,5871,13:05,Fine,21,33,NaN,NaN,NaN,NaN,47429
20190124,21588,3.113,0,0,5210,14:05,Mostly Cloudy,21,27,NaN,NaN,NaN,NaN,47570
20190123,34197,4.931,0,0,6223,12:35,Partly Cloudy,21,29,NaN,NaN,NaN,NaN,47707
20190122,48003,6.922,0,0,6069,13:20,Fine,21,33,NaN,NaN,NaN,NaN,47840
20190121,16197,2.336,0,0,2956,11:35,Cloudy,23,27,NaN,NaN,NaN,NaN,47969
