Date,Energy Generated,Efficiency,Energy Exported,Energy Used,Peak Power,Peak Time,Condition,Min. Temperature,Max. Temperature,Peak Energy Import,Off-Peak Energy Import,Shoulder Energy Import,High-Shoulder Energy Import,Insolation
20220410,21430,2.794,21430,0,3686,11:30,Mostly Cloudy,14,25,NaN,NaN,NaN,NaN,30698
20220409,18379,2.396,18379,0,3386,09:45,Cloudy,14,23,NaN,NaN,NaN,NaN,31016
20220408,13927,1.816,13927,0,3152,12:00,Cloudy,17,23,NaN,NaN,NaN,NaN,31336
20220407,4375,0.570,4375,0,1058,13:15,Showers,16,19,NaN,NaN,NaN,NaN,31657
20220406,3323,0.433,3323,0,742,12:15,Showers,17,18,NaN,NaN,NaN,NaN,31979
20220405,29407,3.834,29407,0,4313,12:15,Mostly Cloudy,11,25,NaN,NaN,NaN,NaN,32301
20220404,28990,3.780,28990,0,4312,12:45,Mostly Cloudy,9,27,NaN,NaN,NaN,NaN,32625
20220403,26092,3.402,26092,0,4364,13:15,Mostly Cloudy,12,26,NaN,NaN,NaN,NaN,32669
20220402,19876,2.591,19876,0,3612,12:15,Mostly Cloudy,15,22,NaN,NaN,NaN,NaN,33274
20220401,13408,1.748,13408,0,2784,12:15,Cloudy,13,19,NaN,NaN,NaN,NaN,33600
20220331,9708,1.266,9708,0,2458,15:45,Cloudy,17,20,NaN,NaN,NaN,NaN,33925
20220330,19129,2.494,19129,0,3886,13:45,Cloudy,15,24,NaN,NaN,NaN,NaN,34251
20220329,8750,1.141,8750,0,3644,13:30,Cloudy,19,23,NaN,NaN,NaN,NaN,34577
20220328,18745,2.444,18745,0,3495,14:00,Cloudy,16,25,NaN,NaN,NaN,NaN,34903
20220327,10999,1.434,10999,0,2562,11:00,Cloudy,14,22,NaN,NaN,NaN,NaN,35229
20220326,10661,1.390,10661,0,2393,13:00,Cloudy,17,22,NaN,NaN,NaN,NaN,35555
20220325,17379,2.266,17379,0,3665,14:30,Cloudy,16,23,NaN,NaN,NaN,NaN,35880
20220324,6012,0.784,6012,0,2177,16:15,Showers,18,19,NaN,NaN,NaN,NaN,36205
20220323,17070,2.226,17070,0,3428,10:00,Cloudy,17,24,NaN,NaN,NaN,NaN,36529
20220322,31054,4.049,31054,0,4324,13:30,Partly Cloudy,13,28,NaN,NaN,NaN,NaN,36853
20220321,20980,2.735,20980,0,4268,13:30,Mostly Cloudy,17,24,NaN,NaN,NaN,NaN,37175
20220320,29741,3.878,29741,0,4352,14:30,Mostly Cloudy,15,25,NaN,NaN,NaN,NaN,37497
20220319,11808,1.540,11808,0,3171,12:30,Cloudy,19,21,NaN,NaN,NaN,NaN,37818
20220318,25754,3.358,25754,0,4768,13:00,Mostly Cloudy,18,28,NaN,NaN,NaN,NaN,38138
20220317,27864,3.633,27864,0,4580,12:15,Mostly Cloudy,15,27,NaN,NaN,NaN,NaN,38456
20220316,17366,2.264,17366,0,3717,16:15,Cloudy,17,24,NaN,NaN,NaN,NaN,38773
20220315,23361,3.046,23361,0,4068,11:00,Mostly Cloudy,12,24,NaN,NaN,NaN,NaN,39089
20220314,22145,2.887,22145,0,4460,12:45,Mostly Cloudy,14,24,NaN,NaN,NaN,NaN,39403
20220313,19665,2.564,19665,0,3610,15:30,Mostly Cloudy,14,23,NaN,NaN,NaN,NaN,39716
20220312,32841,4.282,32841,0,4975,14:00,Partly Cloudy,14,25,NaN,NaN,NaN,NaN,40026
20220311,27638,3.603,27638,0,4128,11:00,Mostly Cloudy,14,23,NaN,NaN,NaN,NaN,40335
20220310,27609,3.600,27609,0,4170,11:00,Mostly Cloudy,15,22,NaN,NaN,NaN,NaN,40642
20220309,18403,2.399,18403,0,2977,14:15,Cloudy,18,24,NaN,NaN,NaN,NaN,40947
20220308,3146,0.410,3146,0,697,12:15,Showers,18,22,NaN,NaN,NaN,NaN,41249
20220307,11458,1.494,11458,0,2631,14:30,Cloudy,22,26,NaN,NaN,NaN,NaN,41550
20220306,13969,1.821,13969,0,3475,12:30,Cloudy,19,25,NaN,NaN,NaN,NaN,41848
20220305,22952,2.992,22952,0,3548,15:15,Mostly Cloudy,20,28,NaN,NaN,NaN,NaN,42144
20220304,22678,2.957,22678,0,3742,14:30,Mostly Cloudy,21,25,NaN,NaN,NaN,NaN,42437
20220303,18683,2.436,18683,0,3764,13:00,Cloudy,19,24,NaN,NaN,NaN,NaN,42728
20220302,5723,0.746,5723,0,1211,08:00,Showers,19,22,NaN,NaN,NaN,NaN,43015
20220301,17497,2.281,17497,0,3796,13:15,Cloudy,18,23,NaN,NaN,NaN,NaN,43301
20220228,15720,2.050,15720,0,2962,14:15,Cloudy,19,25,NaN,NaN,NaN,NaN,43583
20220227,20665,2.694,20665,0,4130,13:30,Mostly Cloudy,18,25,NaN,NaN,NaN,NaN,43862
20220226,8823,1.150,8823,0,1727,15:45,Cloudy,19,22,NaN,NaN,NaN,NaN,44139
20220225,9590,1.250,9590,0,2994,15:45,Cloudy,20,23,NaN,NaN,NaN,NaN,44412
20220224,18579,2.422,18579,0,5255,13:30,Cloudy,20,27,NaN,NaN,NaN,NaN,44683
20220223,19847,2.588,19847,0,4341,13:45,Mostly Cloudy,19,26,NaN,NaN,NaN,NaN,44950
20220222,3280,0.428,3280,0,1018,16:15,Showers,19,22,NaN,NaN,NaN,NaN,45213
20220221,30883,4.026,30883,0,4698,12:00,Partly Cloudy,20,31,NaN,NaN,NaN,NaN,45474
20220220,35730,4.658,35730,0,5064,13:00,Partly Cloudy,17,28,NaN,NaN,NaN,NaN,45731
20220219,11592,1.511,11592,0,4051,13:30,Cloudy,19,23,NaN,NaN,NaN,NaN,45985
20220218,35145,4.582,35145,0,5147,14:00,Partly Cloudy,18,30,NaN,NaN,NaN,NaN,46235
20220217,31517,4.109,31517,0,4410,11:00,Partly Cloudy,16,32,NaN,NaN,NaN,NaN,46481
20220216,34119,4.448,34119,0,5070,12:30,Partly Cloudy,16,27,NaN,NaN,NaN,NaN,46724
20220215,32522,4.240,32522,0,4938,13:15,Partly Cloudy,16,27,NaN,NaN,NaN,NaN,46963
20220214,32750,4.270,32750,0,4081,10:15,Partly Cloudy,13,27,NaN,NaN,NaN,NaN,47199
20220213,26786,3.492,26786,0,4904,15:30,Mostly Cloudy,17,25,NaN,NaN,NaN,NaN,47430
20220212,13439,1.752,13439,0,3410,12:00,Cloudy,20,23,NaN,NaN,NaN,NaN,47658
20220211,17535,2.286,17535,0,3578,15:00,Cloudy,19,24,NaN,NaN,NaN,NaN,47882
20220210,32274,4.208,32274,0,4805,12:00,Partly Cloudy,15,33,NaN,NaN,NaN,NaN,48102
20220209,36090,4.705,36090,0,4752,11:45,Partly Cloudy,13,31,NaN,NaN,NaN,NaN,48319
20220208,21267,2.773,21267,0,3997,11:30,Mostly Cloudy,15,25,NaN,NaN,NaN,NaN,48531
20220207,22953,2.993,22953,0,3725,10:30,Mostly Cloudy,16,23,NaN,NaN,NaN,NaN,48739
20220206,29040,3.786,29040,0,3981,16:00,Mostly Cloudy,18,24,NaN,NaN,NaN,NaN,48943
20220205,23712,3.092,23712,0,4467,12:45,Mostly Cloudy,16,24,NaN,NaN,NaN,NaN,49143
20220204,24633,3.212,24633,0,4260,10:45,Mostly Cloudy,15,23,NaN,NaN,NaN,NaN,49339
20220203,28659,3.737,28659,0,4154,11:45,Mostly Cloudy,18,23,NaN,NaN,NaN,NaN,49531
20220202,7657,0.998,7657,0,2097,13:30,Showers,20,21,NaN,NaN,NaN,NaN,49718
20220201,32516,4.239,32516,0,5278,14:30,Partly Cloudy,19,35,NaN,NaN,NaN,NaN,49902
20220131,27482,3.583,27482,0,4617,15:15,Mostly Cloudy,19,30,NaN,NaN,NaN,NaN,50081
20220130,37660,4.910,37660,0,5148,15:30,Partly Cloudy,20,28,NaN,NaN,NaN,NaN,50256
20220129,36401,4.746,36401,0,5170,13:15,Partly Cloudy,21,28,NaN,NaN,NaN,NaN,50427
20220128,38083,4.965,38083,0,5044,12:30,Partly Cloudy,22,28,NaN,NaN,NaN,NaN,50593
20220127,32433,4.229,32433,0,5243,11:45,Partly Cloudy,17,27,NaN,NaN,NaN,NaN,50755
20220126,34004,4.433,34004,0,5780,12:45,Partly Cloudy,18,26,NaN,NaN,NaN,NaN,50913
20220125,27465,3.581,27465,0,4467,13:15,Mostly Cloudy,20,26,NaN,NaN,NaN,NaN,51067
20220124,26335,3.434,26335,0,4099,13:45,Mostly Cloudy,18,25,NaN,NaN,NaN,NaN,51216
20220123,33282,4.339,33282,0,4543,13:15,Partly Cloudy,18,24,NaN,NaN,NaN,NaN,51361
20220122,32090,4.184,32090,0,4803,13:30,Partly Cloudy,14,24,NaN,NaN,NaN,NaN,51501
20220121,21391,2.789,21391,0,4101,12:00,Mostly Cloudy,18,24,NaN,NaN,NaN,NaN,51637
20220120,28204,3.677,28204,0,4903,13:00,Mostly Cloudy,19,23,NaN,NaN,NaN,NaN,51769
20220119,14037,1.830,14037,0,3857,13:00,Cloudy,18,23,NaN,NaN,NaN,NaN,51897
20220118,14602,1.904,14602,0,2937,12:00,Cloudy,22,23,NaN,NaN,NaN,NaN,52020
20220117,34398,4.485,34398,0,5202,13:30,Partly Cloudy,19,30,NaN,NaN,NaN,NaN,52138
20220116,37227,4.854,37227,0,5181,14:15,Partly Cloudy,20,27,NaN,NaN,NaN,NaN,52253
20220115,24690,3.219,24690,0,4710,14:45,Mostly Cloudy,20,30,NaN,NaN,NaN,NaN,52363
20220114,32448,4.231,32448,0,5183,12:30,Partly Cloudy,18,28,NaN,NaN,NaN,NaN,52468
20220113,18039,2.352,18039,0,3470,14:00,Cloudy,19,24,NaN,NaN,NaN,NaN,52569
20220112,28193,3.676,28193,0,5558,12:45,Mostly Cloudy,21,26,NaN,NaN,NaN,NaN,52666
20220111,24251,3.162,24251,0,4266,11:45,Mostly Cloudy,22,28,NaN,NaN,NaN,NaN,52759
20220110,24764,3.229,24764,0,4100,15:15,Mostly Cloudy,20,28,NaN,NaN,NaN,NaN,52847
20220109,18554,2.419,18554,0,3364,09:15,Cloudy,21,24,NaN,NaN,NaN,NaN,52930
20220108,30242,3.943,30242,0,4140,11:45,Mostly Cloudy,19,32,NaN,NaN,NaN,NaN,53010
20220107,15304,1.995,15304,0,3297,14:45,Cloudy,22,26,NaN,NaN,NaN,NaN,53085
20220106,26534,3.459,26534,0,3788,13:30,Mostly Cloudy,21,27,NaN,NaN,NaN,NaN,53155
20220105,18814,2.453,18814,0,3781,13:30,Cloudy,19,25,NaN,NaN,NaN,NaN,53222
20220104,30630,3.993,30630,0,4409,14:00,Mostly Cloudy,18,27,NaN,NaN,NaN,NaN,53283
20220103,32808,4.277,32808,0,4925,15:15,Partly Cloudy,18,27,NaN,NaN,NaN,NaN,53341
20220102,39627,5.166,39627,0,4927,15:00,Fine,18,28,NaN,NaN,NaN,NaN,53394
20220101,32618,4.253,32618,0,4043,13:30,Partly Cloudy,16,27,NaN,NaN,NaN,NaN,53443
20211231,40466,5.276,40466,0,4785,15:15,Fine,14,27,NaN,NaN,NaN,NaN,53487
20211230,33851,4.413,33851,0,4040,16:00,Partly Cloudy,12,26,NaN,NaN,NaN,NaN,53527
20211229,24627,3.211,24627,0,3810,12:45,Mostly Cloudy,13,23,NaN,NaN,NaN,NaN,53563
20211228,25562,3.333,25562,0,3685,15:00,Mostly Cloudy,15,21,NaN,NaN,NaN,NaN,53595
20211227,23377,3.048,23377,0,4569,13:00,Mostly Cloudy,18,22,NaN,NaN,NaN,NaN,53622
20211226,23372,3.047,23372,0,3985,12:00,Mostly Cloudy,18,26,NaN,NaN,NaN,NaN,53645
20211225,38577,5.030,38577,0,5265,12:30,Fine,18,29,NaN,NaN,NaN,NaN,53663
20211224,34573,4.508,34573,0,5062,13:45,Partly Cloudy,19,26,NaN,NaN,NaN,NaN,53677
20211223,18160,2.368,18160,0,4238,14:15,Cloudy,20,27,NaN,NaN,NaN,NaN,53687
20211222,28024,3.654,28024,0,5040,12:00,Mostly Cloudy,21,25,NaN,NaN,NaN,NaN,53692
20211221,43361,5.653,43361,0,5058,11:30,Fine,19,28,NaN,NaN,NaN,NaN,53693
20211220,36515,4.761,36515,0,4862,13:30,Partly Cloudy,17,28,NaN,NaN,NaN,NaN,53690
20211219,27782,3.622,27782,0,4525,13:45,Mostly Cloudy,21,34,NaN,NaN,NaN,NaN,53683
20211218,36221,4.722,36221,0,5166,12:45,Partly Cloudy,16,33,NaN,NaN,NaN,NaN,53671
20211217,27880,3.635,27880,0,4362,14:45,Mostly Cloudy,17,25,NaN,NaN,NaN,NaN,53655
20211216,23449,3.057,23449,0,4069,13:15,Mostly Cloudy,19,24,NaN,NaN,NaN,NaN,53634
20211215,38288,4.992,38288,0,5069,12:45,Partly Cloudy,13,29,NaN,NaN,NaN,NaN,53609
20211214,37030,4.828,37030,0,4056,16:00,Partly Cloudy,12,24,NaN,NaN,NaN,NaN,53580
20211213,35268,4.598,35268,0,4902,12:45,Partly Cloudy,16,22,NaN,NaN,NaN,NaN,53547
20211212,32505,4.238,32505,0,4340,10:00,Partly Cloudy,14,21,NaN,NaN,NaN,NaN,53509
20211211,28388,3.701,28388,0,4563,12:00,Mostly Cloudy,15,21,NaN,NaN,NaN,NaN,53467
20211210,21632,2.820,21632,0,4452,10:45,Mostly Cloudy,13,22,NaN,NaN,NaN,NaN,53421
20211209,28427,3.706,28427,0,4736,10:15,Mostly Cloudy,16,23,NaN,NaN,NaN,NaN,53370
20211208,11582,1.510,11582,0,3155,10:45,Cloudy,17,19,NaN,NaN,NaN,NaN,53315
20211207,22130,2.885,22130,0,4539,11:30,Mostly Cloudy,16,28,NaN,NaN,NaN,NaN,53256
20211206,17357,2.263,17357,0,3135,11:15,Cloudy,14,22,NaN,NaN,NaN,NaN,53192
20211205,12175,1.587,12175,0,2299,11:30,Cloudy,16,19,NaN,NaN,NaN,NaN,53124
20211204,19831,2.586,19831,0,3484,13:30,Mostly Cloudy,17,21,NaN,NaN,NaN,NaN,53052
20211203,27448,3.579,27448,0,4354,11:00,Mostly Cloudy,16,29,NaN,NaN,NaN,NaN,52975
20211202,36536,4.763,36536,0,4645,14:30,Partly Cloudy,15,26,NaN,NaN,NaN,NaN,52892
20211201,30842,4.021,30842,0,5085,10:15,Partly Cloudy,18,26,NaN,NaN,NaN,NaN,52807
20211130,12911,1.683,12911,0,2771,12:15,Cloudy,17,21,NaN,NaN,NaN,NaN,52718
20211129,27232,3.550,27232,0,3704,12:15,Mostly Cloudy,14,21,NaN,NaN,NaN,NaN,52624
20211128,23391,3.050,23391,0,4322,11:00,Mostly Cloudy,15,20,NaN,NaN,NaN,NaN,52526
20211127,17023,2.219,17023,0,3586,14:45,Cloudy,15,18,NaN,NaN,NaN,NaN,52423
20211126,10633,1.386,10633,0,2586,13:30,Cloudy,16,18,NaN,NaN,NaN,NaN,52317
20211125,15119,1.971,15119,0,3183,12:45,Cloudy,20,25,NaN,NaN,NaN,NaN,52206
20211124,24974,3.256,24974,0,4481,11:45,Mostly Cloudy,17,26,NaN,NaN,NaN,NaN,52090
20211123,20483,2.671,20483,0,3076,10:00,Mostly Cloudy,16,21,NaN,NaN,NaN,NaN,51971
20211122,26354,3.436,26354,0,4184,14:30,Mostly Cloudy,15,20,NaN,NaN,NaN,NaN,51844
20211121,6941,0.905,6941,0,1248,13:00,Showers,15,15,NaN,NaN,NaN,NaN,51716
20211120,12808,1.670,12808,0,2707,12:45,Cloudy,17,20,NaN,NaN,NaN,NaN,51583
20211119,18950,2.471,18950,0,4957,12:30,Cloudy,16,29,NaN,NaN,NaN,NaN,51447
20211118,35116,4.578,35116,0,4888,12:45,Partly Cloudy,12,25,NaN,NaN,NaN,NaN,51306
20211117,27177,3.543,27177,0,3681,09:15,Mostly Cloudy,10,20,NaN,NaN,NaN,NaN,51161
20211116,32588,4.249,32588,0,3868,14:15,Partly Cloudy,10,19,NaN,NaN,NaN,NaN,51012
20211115,32413,4.226,32413,0,4514,13:15,Partly Cloudy,8,22,NaN,NaN,NaN,NaN,50854
20211114,25514,3.326,25514,0,4011,09:45,Mostly Cloudy,8,22,NaN,NaN,NaN,NaN,50697
20211113,30281,3.948,30281,0,4276,12:45,Mostly Cloudy,13,20,NaN,NaN,NaN,NaN,50535
20211112,24887,3.245,24887,0,4203,13:45,Mostly Cloudy,12,20,NaN,NaN,NaN,NaN,50369
20211111,12309,1.605,12309,0,3240,10:15,Cloudy,17,18,NaN,NaN,NaN,NaN,50199
20211110,7033,0.917,7033,0,2003,16:00,Showers,18,21,NaN,NaN,NaN,NaN,50025
20211109,28956,3.775,28956,0,4587,12:00,Mostly Cloudy,16,24,NaN,NaN,NaN,NaN,49847
20211108,28200,3.677,28200,0,4221,10:30,Mostly Cloudy,17,22,NaN,NaN,NaN,NaN,49660
20211107,13137,1.713,13137,0,2873,11:30,Cloudy,15,23,NaN,NaN,NaN,NaN,49473
20211106,34467,4.494,34467,0,5307,13:00,Partly Cloudy,13,24,NaN,NaN,NaN,NaN,49283
20211105,20181,2.631,20181,0,3991,14:30,Mostly Cloudy,16,23,NaN,NaN,NaN,NaN,49089
20211104,10994,1.433,10994,0,1762,14:45,Cloudy,17,20,NaN,NaN,NaN,NaN,48890
20211103,26459,3.450,26459,0,4086,11:45,Mostly Cloudy,14,23,NaN,NaN,NaN,NaN,48688
20211102,31105,4.055,31105,0,4465,12:00,Partly Cloudy,12,24,NaN,NaN,NaN,NaN,48477
20211101,26376,3.439,26376,0,4593,11:45,Mostly Cloudy,9,23,NaN,NaN,NaN,NaN,48267
20211031,28577,3.726,28577,0,4202,14:00,Mostly Cloudy,9,21,NaN,NaN,NaN,NaN,48053
20211030,23575,3.074,23575,0,3669,11:15,Mostly Cloudy,15,18,NaN,NaN,NaN,NaN,47836
20211029,29701,3.872,29701,0,4752,12:00,Mostly Cloudy,15,32,NaN,NaN,NaN,NaN,47614
20211028,29945,3.904,29945,0,4503,12:45,Mostly Cloudy,14,31,NaN,NaN,NaN,NaN,47384
20211027,29291,3.819,29291,0,3958,14:45,Mostly Cloudy,14,24,NaN,NaN,NaN,NaN,47155
20211026,24806,3.234,24806,0,3529,13:30,Mostly Cloudy,9,20,NaN,NaN,NaN,NaN,46923
20211025,31132,4.059,31132,0,3870,09:45,Partly Cloudy,11,21,NaN,NaN,NaN,NaN,46687
20211024,29796,3.885,29796,0,4920,11:45,Mostly Cloudy,16,20,NaN,NaN,NaN,NaN,46447
20211023,34563,4.506,34563,0,4831,11:45,Partly Cloudy,12,28,NaN,NaN,NaN,NaN,46204
20211022,26719,3.484,26719,0,4763,11:30,Mostly Cloudy,13,23,NaN,NaN,NaN,NaN,45953
20211021,25600,3.338,25600,0,3738,09:45,Mostly Cloudy,11,22,NaN,NaN,NaN,NaN,45703
20211020,26529,3.459,26529,0,3592,10:00,Mostly Cloudy,8,21,NaN,NaN,NaN,NaN,45450
20211019,25025,3.263,25025,0,4389,11:00,Mostly Cloudy,11,23,NaN,NaN,NaN,NaN,45193
20211018,30771,4.012,30771,0,3747,12:45,Partly Cloudy,9,26,NaN,NaN,NaN,NaN,44933
20211017,33726,4.397,33726,0,4302,11:15,Partly Cloudy,6,21,NaN,NaN,NaN,NaN,44666
20211016,26052,3.397,26052,0,3609,10:30,Mostly Cloudy,12,22,NaN,NaN,NaN,NaN,44400
20211015,22154,2.888,22154,0,3595,12:00,Mostly Cloudy,13,22,NaN,NaN,NaN,NaN,44131
20211014,23200,3.025,23200,0,4408,11:15,Mostly Cloudy,15,24,NaN,NaN,NaN,NaN,43859
20211013,14281,1.862,14281,0,2887,14:15,Cloudy,13,18,NaN,NaN,NaN,NaN,43584
20211012,15090,1.967,15090,0,3579,12:30,Cloudy,12,17,NaN,NaN,NaN,NaN,43303
20211011,10078,1.314,10078,0,2068,10:45,Cloudy,10,13,NaN,NaN,NaN,NaN,43023
20211010,19149,2.497,19149,0,4996,12:15,Cloudy,12,26,NaN,NaN,NaN,NaN,42739
20211009,31407,4.095,31407,0,4470,11:45,Partly Cloudy,10,27,NaN,NaN,NaN,NaN,42453
20211008,29396,3.833,29396,0,4779,11:00,Mostly Cloudy,14,20,NaN,NaN,NaN,NaN,42162
20211007,26234,3.420,26234,0,4672,11:15,Mostly Cloudy,8,29,NaN,NaN,NaN,NaN,41872
20211006,33146,4.322,33146,0,4541,11:15,Partly Cloudy,9,24,NaN,NaN,NaN,NaN,41579
20211005,30313,3.952,30313,0,4335,13:00,Mostly Cloudy,15,21,NaN,NaN,NaN,NaN,41283
20211004,31106,4.056,31106,0,4816,13:00,Partly Cloudy,13,26,NaN,NaN,NaN,NaN,40985
20211003,26158,3.410,26158,0,4030,12:00,Mostly Cloudy,10,24,NaN,NaN,NaN,NaN,40686
20211002,24571,3.204,24571,0,3931,10:45,Mostly Cloudy,9,23,NaN,NaN,NaN,NaN,40382
20211001,21788,2.841,21788,0,4285,10:15,Mostly Cloudy,13,25,NaN,NaN,NaN,NaN,40079
20210930,24808,3.234,24808,0,3979,09:45,Mostly Cloudy,12,23,NaN,NaN,NaN,NaN,39773
20210929,12528,1.633,12528,0,3632,09:00,Cloudy,11,21,NaN,NaN,NaN,NaN,39466
20210928,27104,3.534,27104,0,4756,12:15,Mostly Cloudy,6,22,NaN,NaN,NaN,NaN,39156
20210927,23191,3.024,23191,0,3520,11:30,Mostly Cloudy,7,18,NaN,NaN,NaN,NaN,38846
20210926,22728,2.963,22728,0,3746,12:15,Mostly Cloudy,10,15,NaN,NaN,NaN,NaN,38534
20210925,29392,3.832,29392,0,4726,11:45,Mostly Cloudy,7,20,NaN,NaN,NaN,NaN,38221
20210924,28065,3.659,28065,0,4627,11:45,Mostly Cloudy,7,26,NaN,NaN,NaN,NaN,37905
20210923,28582,3.726,28582,0,4077,12:00,Mostly Cloudy,7,27,NaN,NaN,NaN,NaN,37590
20210922,29661,3.867,29661,0,4345,13:30,Mostly Cloudy,7,18,NaN,NaN,NaN,NaN,37274
20210921,27899,3.637,27899,0,4667,12:15,Mostly Cloudy,8,16,NaN,NaN,NaN,NaN,36956
20210920,29462,3.841,29462,0,4595,12:30,Mostly Cloudy,7,25,NaN,NaN,NaN,NaN,36638
20210919,32513,4.239,32513,0,4543,12:45,Partly Cloudy,5,23,NaN,NaN,NaN,NaN,36319
20210918,11541,1.505,11541,0,2221,12:15,Cloudy,12,23,NaN,NaN,NaN,NaN,35999
20210917,28052,3.657,28052,0,3988,13:30,Mostly Cloudy,5,21,NaN,NaN,NaN,NaN,35679
20210916,23911,3.117,23911,0,4357,12:45,Mostly Cloudy,7,16,NaN,NaN,NaN,NaN,35359
20210915,26560,3.463,26560,0,4283,11:15,Mostly Cloudy,7,17,NaN,NaN,NaN,NaN,35038
20210914,22179,2.892,22179,0,3197,12:30,Mostly Cloudy,9,15,NaN,NaN,NaN,NaN,34717
20210913,18350,2.392,18350,0,4142,09:30,Cloudy,11,17,NaN,NaN,NaN,NaN,34396
20210912,30579,3.987,30579,0,4375,12:30,Mostly Cloudy,9,29,NaN,NaN,NaN,NaN,34075
20210911,29474,3.843,29474,0,4379,12:00,Mostly Cloudy,7,28,NaN,NaN,NaN,NaN,33755
20210910,23445,3.057,23445,0,3975,11:00,Mostly Cloudy,9,24,NaN,NaN,NaN,NaN,33434
20210909,26881,3.505,26881,0,4170,12:15,Mostly Cloudy,6,27,NaN,NaN,NaN,NaN,33114
20210908,29324,3.823,29324,0,4358,11:45,Mostly Cloudy,5,22,NaN,NaN,NaN,NaN,32795
20210907,26994,3.519,26994,0,4013,12:15,Mostly Cloudy,4,23,NaN,NaN,NaN,NaN,32476
20210906,27146,3.539,27146,0,4525,11:30,Mostly Cloudy,8,18,NaN,NaN,NaN,NaN,32158
20210905,19311,2.518,19311,0,4255,12:45,Mostly Cloudy,13,18,NaN,NaN,NaN,NaN,31841
20210904,11859,1.546,11859,0,2896,11:45,Cloudy,12,22,NaN,NaN,NaN,NaN,31525
20210903,26622,3.471,26622,0,3947,12:45,Mostly Cloudy,9,24,NaN,NaN,NaN,NaN,31210
20210902,19229,2.507,19229,0,3680,13:30,Mostly Cloudy,9,22,NaN,NaN,NaN,NaN,30896
20210901,27591,3.597,27591,0,3973,12:00,Mostly Cloudy,4,24,NaN,NaN,NaN,NaN,30583
20210831,27287,3.558,27287,0,3924,11:30,Mostly Cloudy,4,22,NaN,NaN,NaN,NaN,30272
20210830,25499,3.325,25499,0,4050,12:15,Mostly Cloudy,3,19,NaN,NaN,NaN,NaN,29962
20210829,16610,2.166,16610,0,3013,14:00,Cloudy,4,17,NaN,NaN,NaN,NaN,29654
20210828,12992,1.694,12992,0,3754,11:00,Cloudy,6,17,NaN,NaN,NaN,NaN,29347
20210827,20456,2.667,20456,0,3948,11:15,Mostly Cloudy,3,20,NaN,NaN,NaN,NaN,29043
20210826,21167,2.760,21167,0,3722,11:15,Mostly Cloudy,4,17,NaN,NaN,NaN,NaN,28740
20210825,16316,2.127,16316,0,3753,11:00,Cloudy,8,15,NaN,NaN,NaN,NaN,28440
20210824,1741,0.227,1741,0,1204,11:30,Showers,9,10,NaN,NaN,NaN,NaN,28142
20210823,13000,1.695,13000,0,2953,10:00,Cloudy,9,24,NaN,NaN,NaN,NaN,27846
20210822,23360,3.046,23360,0,3729,12:15,Mostly Cloudy,6,26,NaN,NaN,NaN,NaN,27552
20210821,16237,2.117,16237,0,3782,12:30,Cloudy,9,23,NaN,NaN,NaN,NaN,27261
20210820,24753,3.227,24753,0,3720,12:30,Mostly Cloudy,7,23,NaN,NaN,NaN,NaN,26972
20210819,23354,3.045,23354,0,3691,11:45,Mostly Cloudy,4,21,NaN,NaN,NaN,NaN,26686
20210818,25212,3.287,25212,0,3960,12:00,Mostly Cloudy,6,19,NaN,NaN,NaN,NaN,26403
20210817,25898,3.377,25898,0,3759,12:15,Mostly Cloudy,5,18,NaN,NaN,NaN,NaN,26123
20210816,25535,3.329,25535,0,3726,12:15,Mostly Cloudy,2,22,NaN,NaN,NaN,NaN,25846
20210815,25615,3.340,25615,0,3799,12:00,Mostly Cloudy,4,20,NaN,NaN,NaN,NaN,25572
20210814,24874,3.243,24874,0,3670,12:30,Mostly Cloudy,3,20,NaN,NaN,NaN,NaN,25301
20210813,25111,3.274,25111,0,3717,12:15,Mostly Cloudy,3,19,NaN,NaN,NaN,NaN,25033
20210812,22871,2.982,22871,0,3704,12:30,Mostly Cloudy,19,19,NaN,NaN,NaN,NaN,24769
20210811,23552,3.071,23552,0,3617,12:00,Mostly Cloudy,23,23,NaN,NaN,NaN,NaN,24508
20210810,20526,2.676,20526,0,3713,12:30,Mostly Cloudy,5,21,NaN,NaN,NaN,NaN,24251
20210809,20026,2.611,20026,0,4271,12:30,Mostly Cloudy,6,18,NaN,NaN,NaN,NaN,23998
20210808,9074,1.183,9074,0,1803,12:45,Cloudy,9,16,NaN,NaN,NaN,NaN,23748
20210807,24278,3.165,24278,0,3580,12:00,Mostly Cloudy,4,19,NaN,NaN,NaN,NaN,23502
20210806,23396,3.050,23396,0,3483,12:30,Mostly Cloudy,4,20,NaN,NaN,NaN,NaN,23260
20210805,22877,2.983,22877,0,3499,13:00,Mostly Cloudy,4,19,NaN,NaN,NaN,NaN,23022
20210804,23862,3.111,23862,0,3596,10:30,Mostly Cloudy,4,15,NaN,NaN,NaN,NaN,22788
20210803,21644,2.822,21644,0,3507,12:15,Mostly Cloudy,9,19,NaN,NaN,NaN,NaN,22558
20210802,18583,2.423,18583,0,3343,11:30,Cloudy,4,18,NaN,NaN,NaN,NaN,22333
20210801,13730,1.790,13730,0,3449,11:45,Cloudy,11,25,NaN,NaN,NaN,NaN,22112
20210731,16296,2.125,16296,0,3299,13:15,Cloudy,3,22,NaN,NaN,NaN,NaN,21895
20210730,23303,3.038,23303,0,3421,12:15,Mostly Cloudy,1,18,NaN,NaN,NaN,NaN,21682
20210729,22799,2.972,22799,0,3424,12:15,Mostly Cloudy,10,17,NaN,NaN,NaN,NaN,21475
20210728,17905,2.334,17905,0,3276,14:00,Cloudy,7,25,NaN,NaN,NaN,NaN,21271
20210727,22001,2.868,22001,0,3338,11:15,Mostly Cloudy,5,20,NaN,NaN,NaN,NaN,21073
20210726,16728,2.181,16728,0,4302,12:15,Cloudy,4,19,NaN,NaN,NaN,NaN,20879
20210725,21386,2.788,21386,0,3759,12:30,Mostly Cloudy,10,15,NaN,NaN,NaN,NaN,20690
20210724,17220,2.245,17220,0,3850,12:00,Cloudy,8,18,NaN,NaN,NaN,NaN,20506
20210723,9947,1.297,9947,0,3519,12:15,Cloudy,7,16,NaN,NaN,NaN,NaN,20326
20210722,21853,2.849,21853,0,3266,12:00,Mostly Cloudy,2,17,NaN,NaN,NaN,NaN,20152
20210721,14632,1.908,14632,0,3211,12:30,Cloudy,8,14,NaN,NaN,NaN,NaN,19983
20210720,15838,2.065,15838,0,3491,11:00,Cloudy,3,15,NaN,NaN,NaN,NaN,19818
20210719,18348,2.392,18348,0,3709,10:00,Cloudy,2,15,NaN,NaN,NaN,NaN,19659
20210718,21277,2.774,21277,0,3171,12:15,Mostly Cloudy,8,18,NaN,NaN,NaN,NaN,19505
20210717,18326,2.389,18326,0,3462,11:45,Cloudy,12,15,NaN,NaN,NaN,NaN,19357
20210716,18178,2.370,18178,0,3471,13:00,Cloudy,7,18,NaN,NaN,NaN,NaN,19213
20210715,17325,2.259,17325,0,3232,13:15,Cloudy,9,22,NaN,NaN,NaN,NaN,19075
20210714,2882,0.376,2882,0,939,10:30,Showers,6,14,NaN,NaN,NaN,NaN,18942
20210713,18562,2.420,18562,0,3331,11:45,Cloudy,3,19,NaN,NaN,NaN,NaN,18815
20210712,17345,2.261,17345,0,3028,13:15,Cloudy,5,17,NaN,NaN,NaN,NaN,18693
20210711,15491,2.020,15491,0,3386,13:15,Cloudy,7,17,NaN,NaN,NaN,NaN,18577
20210710,6342,0.827,6342,0,1457,10:00,Showers,10,14,NaN,NaN,NaN,NaN,18466
20210709,3521,0.459,3521,0,945,10:30,Showers,5,12,NaN,NaN,NaN,NaN,18360
20210708,17427,2.272,17427,0,2940,10:45,Cloudy,2,17,NaN,NaN,NaN,NaN,18260
20210707,16552,2.158,16552,0,3078,11:15,Cloudy,2,17,NaN,NaN,NaN,NaN,18166
20210706,18739,2.443,18739,0,3066,11:45,Cloudy,4,16,NaN,NaN,NaN,NaN,18077
20210705,19349,2.523,19349,0,3001,11:45,Mostly Cloudy,2,16,NaN,NaN,NaN,NaN,17994
20210704,20679,2.696,20679,0,3067,12:15,Mostly Cloudy,3,15,NaN,NaN,NaN,NaN,17917
20210703,18282,2.384,18282,0,2940,11:45,Cloudy,4,19,NaN,NaN,NaN,NaN,17846
20210702,11806,1.539,11806,0,2971,11:30,Cloudy,9,19,NaN,NaN,NaN,NaN,17780
20210701,9529,1.242,9529,0,3155,12:15,Cloudy,9,17,NaN,NaN,NaN,NaN,17719
20210630,10324,1.346,10324,0,2962,11:30,Cloudy,9,18,NaN,NaN,NaN,NaN,17665
20210629,8732,1.138,8732,0,3053,12:45,Cloudy,5,16,NaN,NaN,NaN,NaN,17616
20210628,8734,1.139,8734,0,2922,09:15,Cloudy,4,16,NaN,NaN,NaN,NaN,17574
20210627,19867,2.590,19867,0,2978,11:45,Mostly Cloudy,2,19,NaN,NaN,NaN,NaN,17536
20210626,19798,2.581,19798,0,3149,13:00,Mostly Cloudy,4,18,NaN,NaN,NaN,NaN,17505
20210625,19588,2.554,19588,0,2990,12:00,Mostly Cloudy,8,19,NaN,NaN,NaN,NaN,17480
20210624,7895,1.029,7895,0,2610,12:00,Cloudy,9,21,NaN,NaN,NaN,NaN,17460
20210623,12895,1.681,12895,0,2818,12:00,Cloudy,7,18,NaN,NaN,NaN,NaN,17446
20210622,10825,1.411,10825,0,2946,12:45,Cloudy,7,17,NaN,NaN,NaN,NaN,17439
20210621,10933,1.425,10933,0,3100,10:30,Cloudy,8,16,NaN,NaN,NaN,NaN,17436
20210620,6681,0.871,6681,0,2550,13:00,Showers,11,15,NaN,NaN,NaN,NaN,17440
20210619,4737,0.618,4737,0,1208,11:15,Showers,10,15,NaN,NaN,NaN,NaN,17450
20210618,17654,2.302,17654,0,3028,11:45,Cloudy,3,18,NaN,NaN,NaN,NaN,17465
20210617,19250,2.510,19250,0,3000,12:00,Mostly Cloudy,8,17,NaN,NaN,NaN,NaN,17487
20210616,18810,2.452,18810,0,2888,11:45,Cloudy,4,19,NaN,NaN,NaN,NaN,17514
20210615,9067,1.182,9067,0,2875,12:30,Cloudy,8,17,NaN,NaN,NaN,NaN,17547
20210614,11632,1.517,11632,0,2868,10:45,Cloudy,6,17,NaN,NaN,NaN,NaN,17586
20210613,19735,2.573,19735,0,2965,11:45,Mostly Cloudy,3,18,NaN,NaN,NaN,NaN,17631
20210612,19758,2.576,19758,0,3227,11:30,Mostly Cloudy,4,17,NaN,NaN,NaN,NaN,17681
20210611,15008,1.957,15008,0,3170,11:00,Cloudy,3,15,NaN,NaN,NaN,NaN,17738
20210610,4599,0.600,4599,0,1013,09:45,Showers,2,10,NaN,NaN,NaN,NaN,17800
20210609,17117,2.232,17117,0,3059,12:30,Cloudy,8,15,NaN,NaN,NaN,NaN,17868
20210608,8680,1.132,8680,0,3025,13:45,Cloudy,12,18,NaN,NaN,NaN,NaN,17942
20210607,18704,2.439,18704,0,3087,11:15,Cloudy,NaN,NaN,NaN,NaN,NaN,NaN,18021
20210606,19565,2.551,19565,0,2971,11:45,Mostly Cloudy,NaN,NaN,NaN,NaN,NaN,NaN,18106
20210605,20324,2.650,20324,0,3042,12:00,Mostly Cloudy,NaN,NaN,NaN,NaN,NaN,NaN,18197
20210604,16141,2.104,16141,0,3566,12:15,Cloudy,NaN,NaN,NaN,NaN,NaN,NaN,18294
20210603,2929,0.382,2929,0,758,12:00,Showers,NaN,NaN,NaN,NaN,NaN,NaN,18396
20210602,19017,2.479,19017,0,3052,09:30,Cloudy,NaN,NaN,NaN,NaN,NaN,NaN,18505
20210601,17250,2.249,17250,0,3963,11:00,Cloudy,NaN,NaN,NaN,NaN,NaN,NaN,18618
20210531,20218,2.636,20218,0,3028,12:00,Mostly Cloudy,NaN,NaN,NaN,NaN,NaN,NaN,18737
20210530,10424,1.359,10424,0,2535,09:45,Cloudy,NaN,NaN,NaN,NaN,NaN,NaN,18862
20210529,14086,1.837,14086,0,3199,10:15,Cloudy,NaN,NaN,NaN,NaN,NaN,NaN,18993
20210528,21645,2.822,21645,0,3244,11:30,Mostly Cloudy,NaN,NaN,NaN,NaN,NaN,NaN,19128
20210527,21379,2.787,21379,0,3180,12:00,Mostly Cloudy,NaN,NaN,NaN,NaN,NaN,NaN,19270
20210526,20099,2.620,20099,0,3181,12:00,Mostly Cloudy,11,21,NaN,NaN,NaN,NaN,19417
20210525,19082,2.488,19082,0,3195,12:00,Cloudy,7,21,NaN,NaN,NaN,NaN,19569
20210524,10187,1.328,10187,0,2582,09:00,Cloudy,9,19,NaN,NaN,NaN,NaN,19726
20210523,13084,1.706,13084,0,3671,11:45,Cloudy,7,20,NaN,NaN,NaN,NaN,19889
20210522,19233,2.508,19233,0,3145,12:15,Mostly Cloudy,5,20,NaN,NaN,NaN,NaN,20057
20210521,6061,0.790,6061,0,1769,10:45,Showers,5,17,NaN,NaN,NaN,NaN,20231
20210520,18537,2.417,18537,0,3685,12:15,Cloudy,4,21,NaN,NaN,NaN,NaN,20409
20210519,22091,2.880,22091,0,3264,12:00,Mostly Cloudy,4,20,NaN,NaN,NaN,NaN,20593
20210518,21728,2.833,21728,0,3223,12:00,Mostly Cloudy,4,19,NaN,NaN,NaN,NaN,20781
20210517,19794,2.581,19794,0,3573,12:30,Mostly Cloudy,8,18,NaN,NaN,NaN,NaN,20975
20210516,23151,3.018,23151,0,3394,12:15,Mostly Cloudy,5,18,NaN,NaN,NaN,NaN,21173
20210515,16497,2.151,16497,0,3477,11:45,Cloudy,5,18,NaN,NaN,NaN,NaN,21377
20210514,23614,3.079,23614,0,3508,12:00,Mostly Cloudy,9,19,NaN,NaN,NaN,NaN,21585
20210513,21759,2.837,21759,0,3291,12:00,Mostly Cloudy,11,23,NaN,NaN,NaN,NaN,21798
20210512,19297,2.516,19297,0,3820,11:30,Mostly Cloudy,10,20,NaN,NaN,NaN,NaN,22016
20210511,16374,2.135,16374,0,3654,11:00,Cloudy,11,22,NaN,NaN,NaN,NaN,22238
20210510,21360,2.785,21360,0,3384,12:15,Mostly Cloudy,10,24,NaN,NaN,NaN,NaN,22464
20210509,7677,1.001,7677,0,1391,11:45,Cloudy,13,20,NaN,NaN,NaN,NaN,22696
20210508,19586,2.554,19586,0,3310,13:30,Mostly Cloudy,12,25,NaN,NaN,NaN,NaN,22931
20210507,14714,1.918,14714,0,3497,11:00,Cloudy,17,22,NaN,NaN,NaN,NaN,23171
20210506,10143,1.322,10143,0,2371,14:00,Cloudy,16,21,NaN,NaN,NaN,NaN,23415
20210505,8796,1.147,8796,0,2721,14:15,Cloudy,14,20,NaN,NaN,NaN,NaN,23663
20210504,2795,0.364,2795,0,672,13:15,Showers,11,16,NaN,NaN,NaN,NaN,23916
20210503,21339,2.782,21339,0,3445,12:30,Mostly Cloudy,10,25,NaN,NaN,NaN,NaN,24172
20210502,20584,2.684,20584,0,3765,12:00,Mostly Cloudy,10,23,NaN,NaN,NaN,NaN,24432
20210501,16594,2.163,16594,0,3218,12:15,Cloudy,10,23,NaN,NaN,NaN,NaN,24696
20210430,15186,1.980,15186,0,3584,09:30,Cloudy,8,22,NaN,NaN,NaN,NaN,24964
20210429,22793,2.972,22793,0,3426,12:00,Mostly Cloudy,9,23,NaN,NaN,NaN,NaN,25235
20210428,20093,2.620,20093,0,3844,13:30,Mostly Cloudy,10,22,NaN,NaN,NaN,NaN,25510
20210427,21066,2.747,21066,0,4204,12:15,Mostly Cloudy,NaN,NaN,NaN,NaN,NaN,NaN,25788
20210426,22667,2.955,22667,0,3610,12:00,Mostly Cloudy,8,22,NaN,NaN,NaN,NaN,26069
20210425,23012,3.000,23012,0,3712,12:00,Mostly Cloudy,6,21,NaN,NaN,NaN,NaN,26354
20210424,24169,3.151,24169,0,3671,12:30,Mostly Cloudy,6,22,NaN,NaN,NaN,NaN,26642
20210423,25672,3.347,25672,0,3696,11:00,Mostly Cloudy,6,21,NaN,NaN,NaN,NaN,26933
20210422,25580,3.335,25580,0,3857,11:45,Mostly Cloudy,6,19,NaN,NaN,NaN,NaN,27226
20210421,25688,3.349,25688,0,3845,11:00,Mostly Cloudy,8,20,NaN,NaN,NaN,NaN,27523
20210420,21353,2.784,21353,0,3817,10:45,Mostly Cloudy,6,22,NaN,NaN,NaN,NaN,27822
20210419,26660,3.476,26660,0,3913,12:00,Mostly Cloudy,11,24,NaN,NaN,NaN,NaN,28124
20210418,22060,2.876,22060,0,4163,11:45,Mostly Cloudy,7,22,NaN,NaN,NaN,NaN,28428
20210417,6565,0.856,6565,0,2179,11:00,Showers,12,19,NaN,NaN,NaN,NaN,28734
20210416,21138,2.756,21138,0,3583,12:15,Mostly Cloudy,15,21,NaN,NaN,NaN,NaN,29043
20210415,26457,3.449,26457,0,4069,12:00,Mostly Cloudy,9,25,NaN,NaN,NaN,NaN,29354
20210414,21285,2.775,21285,0,3649,10:30,Mostly Cloudy,7,27,NaN,NaN,NaN,NaN,29667
20210413,27598,3.598,27598,0,3946,11:30,Mostly Cloudy,8,22,NaN,NaN,NaN,NaN,29982
20210412,28575,3.726,28575,0,4125,11:30,Mostly Cloudy,8,19,NaN,NaN,NaN,NaN,30299
20210411,30651,3.996,30651,0,4467,12:15,Mostly Cloudy,9,18,NaN,NaN,NaN,NaN,30617
20210410,24844,3.239,24844,0,4309,12:00,Mostly Cloudy,15,23,NaN,NaN,NaN,NaN,30937
20210409,18517,2.414,18517,0,3741,09:45,Cloudy,14,28,NaN,NaN,NaN,NaN,31258
20210408,21357,2.784,21357,0,3897,11:30,Mostly Cloudy,16,25,NaN,NaN,NaN,NaN,31581
20210407,15988,2.084,15988,0,4454,11:45,Cloudy,16,24,NaN,NaN,NaN,NaN,31905
20210406,18868,2.460,18868,0,4226,10:45,Cloudy,16,26,NaN,NaN,NaN,NaN,32230
20210405,22052,2.875,22052,0,4285,11:45,Mostly Cloudy,14,26,NaN,NaN,NaN,NaN,32555
20210404,28395,3.702,28395,0,4298,12:15,Mostly Cloudy,13,29,NaN,NaN,NaN,NaN,32612
20210403,28189,3.675,28189,0,4291,13:45,Mostly Cloudy,13,26,NaN,NaN,NaN,NaN,33210
20210402,24192,3.154,24192,0,4264,14:00,Mostly Cloudy,13,26,NaN,NaN,NaN,NaN,33538
20210401,22153,2.888,22153,0,3829,13:00,Mostly Cloudy,13,24,NaN,NaN,NaN,NaN,33866
20210331,25737,3.356,25737,0,4259,12:00,Mostly Cloudy,14,23,NaN,NaN,NaN,NaN,34195
20210330,24122,3.145,24122,0,4427,14:30,Mostly Cloudy,15,22,NaN,NaN,NaN,NaN,34524
20210329,26912,3.509,26912,0,4766,11:45,Mostly Cloudy,13,25,NaN,NaN,NaN,NaN,34854
20210328,25069,3.268,25069,0,4298,12:45,Mostly Cloudy,13,24,NaN,NaN,NaN,NaN,35183
20210327,28427,3.706,28427,0,4287,14:15,Mostly Cloudy,14,27,NaN,NaN,NaN,NaN,35512
20210326,25026,3.263,25026,0,3958,11:45,Mostly Cloudy,13,23,NaN,NaN,NaN,NaN,35842
20210325,23067,3.007,23067,0,4465,12:00,Mostly Cloudy,14,27,NaN,NaN,NaN,NaN,36170
20210324,26333,3.433,26333,0,4287,11:30,Mostly Cloudy,14,28,NaN,NaN,NaN,NaN,36499
20210323,3969,0.517,3969,0,1271,15:15,Showers,17,20,NaN,NaN,NaN,NaN,36826
20210322,4983,0.650,4983,0,1095,10:30,Showers,17,20,NaN,NaN,NaN,NaN,37153
20210321,3992,0.520,3992,0,1099,12:00,Showers,19,20,NaN,NaN,NaN,NaN,37480
20210320,1980,0.258,1980,0,647,12:00,Showers,18,20,NaN,NaN,NaN,NaN,37805
20210319,14366,1.873,14366,0,3493,13:00,Cloudy,17,23,NaN,NaN,NaN,NaN,38129
20210318,2313,0.302,2313,0,560,09:00,Showers,17,21,NaN,NaN,NaN,NaN,38453
20210317,14966,1.951,14966,0,4769,13:45,Cloudy,16,22,NaN,NaN,NaN,NaN,38775
20210316,14518,1.893,14518,0,4004,12:15,Cloudy,14,21,NaN,NaN,NaN,NaN,39095
20210315,31997,4.172,31997,0,4397,11:30,Partly Cloudy,11,22,NaN,NaN,NaN,NaN,39415
20210314,4821,0.629,4821,0,2033,13:00,Showers,19,20,NaN,NaN,NaN,NaN,39732
20210313,27976,3.647,27976,0,4596,12:45,Mostly Cloudy,17,30,NaN,NaN,NaN,NaN,40048
20210312,17713,2.309,17713,0,4207,12:45,Cloudy,20,27,NaN,NaN,NaN,NaN,40363
20210311,18648,2.431,18648,0,4048,12:15,Cloudy,17,26,NaN,NaN,NaN,NaN,40675
20210310,19038,2.482,19038,0,3444,12:00,Cloudy,18,25,NaN,NaN,NaN,NaN,40986
20210309,27049,3.527,27049,0,4671,12:00,Mostly Cloudy,16,27,NaN,NaN,NaN,NaN,41294
20210308,21468,2.799,21468,0,4934,13:00,Mostly Cloudy,16,31,NaN,NaN,NaN,NaN,41600
20210307,30214,3.939,30214,0,5186,11:45,Mostly Cloudy,14,25,NaN,NaN,NaN,NaN,41904
20210306,31246,4.074,31246,0,5000,11:30,Partly Cloudy,17,23,NaN,NaN,NaN,NaN,42206
20210305,25126,3.276,25126,0,4159,13:30,Mostly Cloudy,13,24,NaN,NaN,NaN,NaN,42506
20210304,28960,3.776,28960,0,4017,11:30,Mostly Cloudy,14,28,NaN,NaN,NaN,NaN,42802
20210303,25370,3.308,25370,0,4255,15:00,Mostly Cloudy,17,22,NaN,NaN,NaN,NaN,43097
20210302,27897,3.637,27897,0,4713,13:30,Mostly Cloudy,17,23,NaN,NaN,NaN,NaN,43388
20210301,35038,4.568,35038,0,4934,13:15,Partly Cloudy,17,30,NaN,NaN,NaN,NaN,43677
20210228,33801,4.407,33801,0,4989,12:45,Partly Cloudy,17,26,NaN,NaN,NaN,NaN,43963
20210227,9041,1.179,9041,0,1619,14:15,Cloudy,19,23,NaN,NaN,NaN,NaN,44246
20210226,31885,4.157,31885,0,4588,12:00,Partly Cloudy,15,25,NaN,NaN,NaN,NaN,44526
20210225,12184,1.589,12184,0,4775,13:00,Cloudy,15,23,NaN,NaN,NaN,NaN,44803
20210224,15899,2.073,15899,0,2965,11:45,Cloudy,16,22,NaN,NaN,NaN,NaN,45077
20210223,10308,1.344,10308,0,2836,14:45,Cloudy,19,21,NaN,NaN,NaN,NaN,45347
20210222,32026,4.175,32026,0,4976,14:00,Partly Cloudy,18,27,NaN,NaN,NaN,NaN,45615
20210221,35682,4.652,35682,0,5176,12:30,Partly Cloudy,19,27,NaN,NaN,NaN,NaN,45879
20210220,31184,4.066,31184,0,5130,14:15,Partly Cloudy,18,28,NaN,NaN,NaN,NaN,46139
20210219,24251,3.162,24251,0,4613,14:15,Mostly Cloudy,17,27,NaN,NaN,NaN,NaN,46396
20210218,23634,3.081,23634,0,3779,12:00,Mostly Cloudy,15,24,NaN,NaN,NaN,NaN,46650
20210217,25488,3.323,25488,0,4115,10:00,Mostly Cloudy,16,24,NaN,NaN,NaN,NaN,46900
20210216,20047,2.614,20047,0,3099,13:00,Mostly Cloudy,18,25,NaN,NaN,NaN,NaN,47146
20210215,21991,2.867,21991,0,3777,14:30,Mostly Cloudy,18,23,NaN,NaN,NaN,NaN,47388
20210214,27043,3.526,27043,0,4760,11:45,Mostly Cloudy,16,23,NaN,NaN,NaN,NaN,47627
20210213,7755,1.011,7755,0,2073,12:30,Cloudy,20,22,NaN,NaN,NaN,NaN,47862
20210212,26322,3.432,26322,0,4358,11:15,Mostly Cloudy,17,33,NaN,NaN,NaN,NaN,48093
20210211,36000,4.694,36000,0,5237,13:00,Partly Cloudy,15,27,NaN,NaN,NaN,NaN,48321
20210210,25258,3.293,25258,0,4260,11:30,Mostly Cloudy,15,24,NaN,NaN,NaN,NaN,48544
20210209,27156,3.541,27156,0,4175,12:45,Mostly Cloudy,17,24,NaN,NaN,NaN,NaN,48763
20210208,24495,3.194,24495,0,4314,16:15,Mostly Cloudy,19,23,NaN,NaN,NaN,NaN,48979
20210207,32275,4.208,32275,0,4579,12:30,Partly Cloudy,17,26,NaN,NaN,NaN,NaN,49190
20210206,12081,1.575,12081,0,1865,12:30,Cloudy,21,25,NaN,NaN,NaN,NaN,49397
20210205,32749,4.270,32749,0,4238,10:30,Partly Cloudy,18,28,NaN,NaN,NaN,NaN,49600
20210204,33031,4.307,33031,0,4427,15:00,Partly Cloudy,15,28,NaN,NaN,NaN,NaN,49799
20210203,31249,4.074,31249,0,4229,11:00,Partly Cloudy,16,24,NaN,NaN,NaN,NaN,49994
20210202,25626,3.341,25626,0,3938,11:30,Mostly Cloudy,17,23,NaN,NaN,NaN,NaN,50184
20210201,27663,3.607,27663,0,4808,11:15,Mostly Cloudy,20,27,NaN,NaN,NaN,NaN,50371
20210131,11209,1.461,11209,0,2128,12:15,Cloudy,21,23,NaN,NaN,NaN,NaN,50553
20210130,24017,3.131,24017,0,4951,15:15,Mostly Cloudy,20,29,NaN,NaN,NaN,NaN,50730
20210129,11353,1.480,11353,0,2113,10:30,Cloudy,18,21,NaN,NaN,NaN,NaN,50904
20210128,12839,1.674,12839,0,2510,13:45,Cloudy,18,22,NaN,NaN,NaN,NaN,51073
20210127,11974,1.561,11974,0,3028,12:00,Cloudy,21,23,NaN,NaN,NaN,NaN,51238
20210126,36825,4.801,36825,0,5319,13:30,Partly Cloudy,19,39,NaN,NaN,NaN,NaN,51398
20210125,43232,5.637,43232,0,5456,12:30,Fine,21,32,NaN,NaN,NaN,NaN,51555
20210124,40285,5.252,40285,0,5284,13:00,Fine,20,35,NaN,NaN,NaN,NaN,51706
20210123,40026,5.219,40026,0,5246,13:45,Fine,20,32,NaN,NaN,NaN,NaN,51854
20210122,38149,4.974,38149,0,4815,15:00,Partly Cloudy,15,34,NaN,NaN,NaN,NaN,51997
20210121,35576,4.638,35576,0,4356,14:15,Partly Cloudy,11,27,NaN,NaN,NaN,NaN,52135
20210120,20317,2.649,20317,0,2875,14:45,Mostly Cloudy,16,22,NaN,NaN,NaN,NaN,52270
20210119,24378,3.178,24378,0,5054,11:45,Mostly Cloudy,18,23,NaN,NaN,NaN,NaN,52399
20210118,37426,4.880,37426,0,4450,13:00,Partly Cloudy,15,29,NaN,NaN,NaN,NaN,52525
20210117,34262,4.467,34262,0,4951,12:15,Partly Cloudy,12,25,NaN,NaN,NaN,NaN,52646
20210116,39164,5.106,39164,0,4505,13:30,Fine,17,26,NaN,NaN,NaN,NaN,52762
20210115,34590,4.510,34590,0,4908,11:30,Partly Cloudy,20,28,NaN,NaN,NaN,NaN,52874
20210114,36834,4.802,36834,0,5219,13:00,Partly Cloudy,20,33,NaN,NaN,NaN,NaN,52982
20210113,37071,4.833,37071,0,5145,11:30,Partly Cloudy,18,29,NaN,NaN,NaN,NaN,53085
20210112,41213,5.373,41213,0,5346,12:15,Fine,16,30,NaN,NaN,NaN,NaN,53184
20210111,39231,5.115,39231,0,4446,12:30,Fine,15,27,NaN,NaN,NaN,NaN,53279
20210110,38902,5.072,38902,0,4807,15:00,Fine,14,27,NaN,NaN,NaN,NaN,53369
20210109,30688,4.001,30688,0,4568,14:30,Partly Cloudy,13,24,NaN,NaN,NaN,NaN,53454
20210108,26277,3.426,26277,0,3576,14:15,Mostly Cloudy,17,22,NaN,NaN,NaN,NaN,53536
20210107,27790,3.623,27790,0,4371,13:15,Mostly Cloudy,18,22,NaN,NaN,NaN,NaN,53612
20210106,22975,2.995,22975,0,4793,13:45,Mostly Cloudy,19,24,NaN,NaN,NaN,NaN,53685
20210105,32196,4.198,32196,0,5525,12:00,Partly Cloudy,17,28,NaN,NaN,NaN,NaN,53753
20210104,20039,2.613,20039,0,4553,11:15,Mostly Cloudy,18,28,NaN,NaN,NaN,NaN,53816
20210103,20453,2.667,20453,0,4717,15:00,Mostly Cloudy,19,26,NaN,NaN,NaN,NaN,53875
20210102,15763,2.055,15763,0,3692,13:30,Cloudy,16,22,NaN,NaN,NaN,NaN,53930
20210101,14263,1.860,14263,0,2477,13:30,Cloudy,17,21,NaN,NaN,NaN,NaN,53981
20201231,20769,2.708,20769,0,3540,11:15,Mostly Cloudy,15,23,NaN,NaN,NaN,NaN,54027
20201230,19347,2.522,19347,0,3607,11:45,Mostly Cloudy,17,23,NaN,NaN,NaN,NaN,54068
20201229,9390,1.224,9390,0,2105,10:00,Cloudy,16,19,NaN,NaN,NaN,NaN,54105
20201228,22238,2.899,22238,0,4352,10:15,Mostly Cloudy,19,27,NaN,NaN,NaN,NaN,54138
20201227,36843,4.804,36843,0,4784,12:30,Partly Cloudy,15,30,NaN,NaN,NaN,NaN,54167
20201226,19278,2.513,19278,0,4027,12:00,Mostly Cloudy,17,25,NaN,NaN,NaN,NaN,54191
20201225,21655,2.823,21655,0,3501,11:45,Mostly Cloudy,17,21,NaN,NaN,NaN,NaN,54210
20201224,38789,5.057,38789,0,4934,12:30,Fine,15,26,NaN,NaN,NaN,NaN,54226
20201223,35614,4.643,35614,0,4148,14:15,Partly Cloudy,15,24,NaN,NaN,NaN,NaN,54236
20201222,25471,3.321,25471,0,3872,11:45,Mostly Cloudy,17,27,NaN,NaN,NaN,NaN,54243
20201221,11421,1.489,11421,0,2346,11:45,Cloudy,17,23,NaN,NaN,NaN,NaN,54245
20201220,18711,2.440,18711,0,3603,14:15,Cloudy,17,23,NaN,NaN,NaN,NaN,54243
20201219,8007,1.044,8007,0,1463,14:15,Cloudy,19,19,NaN,NaN,NaN,NaN,54236
20201218,20778,2.709,20778,0,3860,09:15,Mostly Cloudy,20,32,NaN,NaN,NaN,NaN,54226
20201217,31071,4.051,31071,0,5227,11:15,Partly Cloudy,21,31,NaN,NaN,NaN,NaN,54210
20201216,20077,2.618,20077,0,4234,12:00,Mostly Cloudy,21,27,NaN,NaN,NaN,NaN,54191
20201215,20392,2.659,20392,0,4087,12:45,Mostly Cloudy,18,26,NaN,NaN,NaN,NaN,54167
20201214,20071,2.617,20071,0,4300,10:45,Mostly Cloudy,17,24,NaN,NaN,NaN,NaN,54138
20201213,29603,3.860,29603,0,3708,16:45,Mostly Cloudy,13,24,NaN,NaN,NaN,NaN,54105
20201212,30304,3.951,30304,0,5049,11:45,Mostly Cloudy,16,24,NaN,NaN,NaN,NaN,54068
20201211,28446,3.709,28446,0,3985,10:00,Mostly Cloudy,16,21,NaN,NaN,NaN,NaN,54027
20201210,28063,3.659,28063,0,3744,10:00,Mostly Cloudy,14,27,NaN,NaN,NaN,NaN,53981
20201209,35701,4.655,35701,0,4372,10:15,Partly Cloudy,12,25,NaN,NaN,NaN,NaN,53931
20201208,32288,4.210,32288,0,3939,09:15,Partly Cloudy,15,22,NaN,NaN,NaN,NaN,53876
20201207,39611,5.164,39611,0,4928,12:15,Fine,13,29,NaN,NaN,NaN,NaN,53817
20201206,42193,5.501,42193,0,5296,11:15,Fine,20,29,NaN,NaN,NaN,NaN,53754
20201205,11575,1.509,11575,0,2870,13:15,Cloudy,19,24,NaN,NaN,NaN,NaN,53687
20201204,41398,5.397,41398,0,4948,11:30,Fine,16,33,NaN,NaN,NaN,NaN,53615
20201203,9055,1.181,9055,0,1664,12:30,Cloudy,16,21,NaN,NaN,NaN,NaN,53538
20201202,22872,2.982,22872,0,3861,10:45,Mostly Cloudy,19,22,NaN,NaN,NaN,NaN,53458
20201201,31163,4.063,31163,0,4642,14:30,Partly Cloudy,17,28,NaN,NaN,NaN,NaN,53371
20201130,22724,2.963,22724,0,3748,15:30,Mostly Cloudy,18,23,NaN,NaN,NaN,NaN,53281
20201129,31403,4.094,31403,0,5499,12:30,Partly Cloudy,25,40,NaN,NaN,NaN,NaN,53187
20201128,41279,5.382,41279,0,5304,12:45,Fine,18,40,NaN,NaN,NaN,NaN,53089
20201127,32731,4.267,32731,0,4789,11:15,Partly Cloudy,18,27,NaN,NaN,NaN,NaN,52987
20201126,39278,5.121,39278,0,4872,14:30,Fine,14,33,NaN,NaN,NaN,NaN,52880
20201125,26261,3.424,26261,0,4831,14:45,Mostly Cloudy,16,24,NaN,NaN,NaN,NaN,52769
20201124,31166,4.063,31166,0,4879,12:30,Partly Cloudy,17,22,NaN,NaN,NaN,NaN,52654
20201123,12382,1.614,12382,0,3338,10:45,Cloudy,19,25,NaN,NaN,NaN,NaN,52534
20201122,26582,3.466,26582,0,4540,10:00,Mostly Cloudy,16,27,NaN,NaN,NaN,NaN,52410
20201121,27136,3.538,27136,0,4757,14:45,Mostly Cloudy,18,23,NaN,NaN,NaN,NaN,52278
20201120,36435,4.750,36435,0,5017,13:45,Partly Cloudy,16,32,NaN,NaN,NaN,NaN,52146
20201119,34714,4.526,34714,0,4236,13:00,Partly Cloudy,12,25,NaN,NaN,NaN,NaN,52009
20201118,30387,3.962,30387,0,4036,12:00,Mostly Cloudy,16,23,NaN,NaN,NaN,NaN,51868
20201117,26219,3.418,26219,0,4664,12:15,Mostly Cloudy,18,22,NaN,NaN,NaN,NaN,51722
20201116,33915,4.422,33915,0,5509,12:45,Partly Cloudy,15,38,NaN,NaN,NaN,NaN,51572
20201115,39871,5.198,39871,0,4704,11:00,Fine,13,29,NaN,NaN,NaN,NaN,51418
20201114,33398,4.354,33398,0,4921,12:15,Partly Cloudy,14,26,NaN,NaN,NaN,NaN,51256
20201113,26311,3.430,26311,0,4563,11:15,Mostly Cloudy,19,29,NaN,NaN,NaN,NaN,51094
20201112,26940,3.512,26940,0,4232,10:15,Mostly Cloudy,23,31,NaN,NaN,NaN,NaN,50927
20201102,0,0.000,0,0,0,09:45,Not Sure,22,25,NaN,NaN,NaN,NaN,49030
20201101,0,0.000,0,0,0,03:45,Not Sure,16,19,NaN,NaN,NaN,NaN,48814
20201030,0,0.000,0,0,0,01:45,Not Sure,9,22,NaN,NaN,NaN,NaN,48380
20201029,0,0.000,0,0,0,05:45,Not Sure,20,20,NaN,NaN,NaN,NaN,48157
20201027,0,0.000,0,0,0,03:45,Not Sure,14,19,NaN,NaN,NaN,NaN,47695
20201025,0,0.000,0,0,0,01:45,Not Sure,13,14,NaN,NaN,NaN,NaN,47224
20201024,0,0.000,0,0,0,05:45,Not Sure,23,23,NaN,NaN,NaN,NaN,46982
20201022,0,0.000,0,0,0,03:45,Not Sure,19,23,NaN,NaN,NaN,NaN,46489
20201020,0,0.000,0,0,0,02:30,Not Sure,16,22,NaN,NaN,NaN,NaN,45978
20201019,0,0.000,0,0,0,06:30,Not Sure,21,21,NaN,NaN,NaN,NaN,45720
20201018,0,0.000,0,0,0,00:30,Not Sure,25,25,NaN,NaN,NaN,NaN,45458
20201016,0,0.000,0,0,0,00:30,Not Sure,24,24,NaN,NaN,NaN,NaN,44921
20201014,0,0.000,0,0,0,00:30,Not Sure,23,23,NaN,NaN,NaN,NaN,44376
20201013,0,0.000,0,0,0,14:30,Not Sure,32,32,NaN,NaN,NaN,NaN,44098
20201012,0,0.000,0,0,0,02:00,Not Sure,15,24,NaN,NaN,NaN,NaN,43818
20201011,13636,1.778,13636,0,4649,11:30,Cloudy,9,28,NaN,NaN,NaN,NaN,43533
20201010,36408,4.747,36408,0,4977,12:15,Partly Cloudy,11,26,NaN,NaN,NaN,NaN,43247
20201009,34640,4.516,34640,0,5067,12:15,Partly Cloudy,8,23,NaN,NaN,NaN,NaN,42959
20201008,21198,2.764,21198,0,4165,12:30,Mostly Cloudy,13,28,NaN,NaN,NaN,NaN,42668
20201007,11134,1.452,11134,0,2925,10:30,Cloudy,16,21,NaN,NaN,NaN,NaN,42372
20201006,14424,1.881,14424,0,3394,15:15,Cloudy,15,19,NaN,NaN,NaN,NaN,42077
20201005,36018,4.696,36018,0,4902,12:30,Partly Cloudy,11,32,NaN,NaN,NaN,NaN,41779
20201004,35802,4.668,35802,0,4843,12:30,Partly Cloudy,12,30,NaN,NaN,NaN,NaN,41479
20201003,35954,4.688,35954,0,4857,11:45,Partly Cloudy,9,28,NaN,NaN,NaN,NaN,41176
20201002,36033,4.698,36033,0,4902,12:15,Partly Cloudy,7,27,NaN,NaN,NaN,NaN,40870
20201001,28938,3.773,28938,0,5265,11:15,Mostly Cloudy,12,25,NaN,NaN,NaN,NaN,40564
20200930,18628,2.429,18628,0,3425,09:30,Cloudy,8,21,NaN,NaN,NaN,NaN,40256
20200929,26600,3.468,26600,0,4684,13:15,Mostly Cloudy,8,19,NaN,NaN,NaN,NaN,39946
20200928,35690,4.653,35690,0,5000,11:45,Partly Cloudy,5,20,NaN,NaN,NaN,NaN,39634
20200927,26780,3.492,26780,0,4882,10:45,Mostly Cloudy,8,17,NaN,NaN,NaN,NaN,39320
20200926,35910,4.682,35910,0,5093,11:30,Partly Cloudy,9,17,NaN,NaN,NaN,NaN,39005
20200925,23614,3.079,23614,0,4764,11:00,Mostly Cloudy,7,23,NaN,NaN,NaN,NaN,38689
20200924,31305,4.081,31305,0,4817,11:00,Partly Cloudy,9,21,NaN,NaN,NaN,NaN,38372
20200923,31828,4.150,31828,0,5330,12:00,Partly Cloudy,8,23,NaN,NaN,NaN,NaN,38052
20200922,34104,4.446,34104,0,4833,12:00,Partly Cloudy,19,26,NaN,NaN,NaN,NaN,37733
20200921,25425,3.315,25425,0,4470,11:00,Mostly Cloudy,11,28,NaN,NaN,NaN,NaN,37413
20200920,12946,1.688,12946,0,4468,11:45,Cloudy,16,21,NaN,NaN,NaN,NaN,37091
20200919,18470,2.408,18470,0,4296,13:30,Cloudy,15,22,NaN,NaN,NaN,NaN,36769
20200918,6963,0.908,6963,0,1378,14:00,Showers,13,17,NaN,NaN,NaN,NaN,36446
20200917,28539,3.721,28539,0,4888,11:45,Mostly Cloudy,10,30,NaN,NaN,NaN,NaN,36123
20200916,28850,3.761,28850,0,4526,12:30,Mostly Cloudy,9,27,NaN,NaN,NaN,NaN,35799
20200915,20398,2.659,20398,0,4600,13:15,Mostly Cloudy,12,22,NaN,NaN,NaN,NaN,35475
20200914,32237,4.203,32237,0,4567,11:45,Partly Cloudy,7,20,NaN,NaN,NaN,NaN,35151
20200913,22350,2.914,22350,0,4967,11:00,Mostly Cloudy,8,25,NaN,NaN,NaN,NaN,34827
20200912,31984,4.170,31984,0,4551,12:00,Partly Cloudy,6,23,NaN,NaN,NaN,NaN,34503
20200911,25114,3.274,25114,0,4786,11:00,Mostly Cloudy,10,19,NaN,NaN,NaN,NaN,34179
20200910,28104,3.664,28104,0,5061,11:00,Mostly Cloudy,12,17,NaN,NaN,NaN,NaN,33855
20200909,4627,0.603,4627,0,1388,11:30,Showers,12,16,NaN,NaN,NaN,NaN,33532
20200908,7780,1.014,146,0,4424,12:15,Cloudy,6,23,NaN,NaN,NaN,NaN,33209
20200904,0,0.000,0,0,NaN,NaN,Not Sure,12,18,NaN,NaN,NaN,NaN,31925
20200903,0,0.000,0,0,NaN,NaN,Not Sure,9,30,NaN,NaN,NaN,NaN,31606
20200902,0,0.000,0,0,NaN,NaN,Not Sure,5,24,NaN,NaN,NaN,NaN,31289
20200901,22342,2.913,11306,0,3792,13:55,Mostly Cloudy,8,17,NaN,NaN,NaN,NaN,30972
20200831,26094,3.402,17311,0,4536,12:05,Mostly Cloudy,9,22,NaN,NaN,NaN,NaN,30658
20200830,29210,3.808,16829,0,4224,12:20,Mostly Cloudy,3,25,NaN,NaN,NaN,NaN,30344
20200829,29780,3.883,15481,0,4308,12:05,Mostly Cloudy,3,22,NaN,NaN,NaN,NaN,30033
20200828,29923,3.901,16766,0,4284,11:35,Mostly Cloudy,8,18,NaN,NaN,NaN,NaN,29723
20200827,29670,3.868,11954,0,4308,12:05,Mostly Cloudy,2,21,NaN,NaN,NaN,NaN,29415
20200826,29188,3.805,9546,0,4200,11:55,Mostly Cloudy,2,19,NaN,NaN,NaN,NaN,29108
20200825,24228,3.159,4460,0,4104,11:25,Mostly Cloudy,1,15,NaN,NaN,NaN,NaN,28804
20200824,29196,3.807,11383,0,4212,11:50,Mostly Cloudy,7,17,NaN,NaN,NaN,NaN,28502
20200823,27362,3.567,8873,0,4260,12:05,Mostly Cloudy,4,16,NaN,NaN,NaN,NaN,28203
20200822,21441,2.795,5624,0,3600,11:40,Mostly Cloudy,8,15,NaN,NaN,NaN,NaN,27905
20200821,22387,2.919,8550,0,4908,12:20,Mostly Cloudy,4,18,NaN,NaN,NaN,NaN,27611
20200820,27353,3.566,15457,0,4164,11:35,Mostly Cloudy,7,17,NaN,NaN,NaN,NaN,27319
20200819,20852,2.719,8096,0,3840,13:35,Mostly Cloudy,6,21,NaN,NaN,NaN,NaN,27029
20200818,22577,2.944,7042,0,3996,11:50,Mostly Cloudy,8,20,NaN,NaN,NaN,NaN,26742
20200817,27071,3.529,10144,0,3960,11:50,Mostly Cloudy,9,19,NaN,NaN,NaN,NaN,26459
20200816,23582,3.075,8364,0,3984,13:05,Mostly Cloudy,9,19,NaN,NaN,NaN,NaN,26178
20200815,21127,2.754,15728,0,4380,11:50,Mostly Cloudy,11,19,NaN,NaN,NaN,NaN,25900
20200814,11144,1.453,6998,0,2616,09:20,Cloudy,7,18,NaN,NaN,NaN,NaN,25626
20200813,25798,3.363,21098,0,3816,12:05,Mostly Cloudy,6,22,NaN,NaN,NaN,NaN,25355
20200812,12894,1.681,284,0,2904,11:50,Cloudy,7,18,NaN,NaN,NaN,NaN,25087
20200811,18114,2.362,5137,0,3972,12:50,Cloudy,10,18,NaN,NaN,NaN,NaN,24823
20200810,13084,1.706,668,0,3384,13:05,Cloudy,9,16,NaN,NaN,NaN,NaN,24562
20200809,10539,1.374,430,0,2544,10:05,Cloudy,5,13,NaN,NaN,NaN,NaN,24305
20200808,11099,1.447,286,0,3120,10:20,Cloudy,9,16,NaN,NaN,NaN,NaN,24052
20200807,2194,0.286,0,0,504,10:20,Showers,6,13,NaN,NaN,NaN,NaN,23802
20200806,25765,3.359,9200,0,3768,12:10,Mostly Cloudy,4,15,NaN,NaN,NaN,NaN,23557
20200805,23431,3.055,7397,0,3684,11:20,Mostly Cloudy,4,17,NaN,NaN,NaN,NaN,23315
20200804,21657,2.824,4668,0,3264,10:20,Mostly Cloudy,3,21,NaN,NaN,NaN,NaN,23078
20200803,22481,2.931,3982,0,3768,12:05,Mostly Cloudy,3,21,NaN,NaN,NaN,NaN,22845
20200802,22272,2.904,9401,0,3276,10:50,Mostly Cloudy,3,20,NaN,NaN,NaN,NaN,22616
20200801,23198,3.025,4317,0,3624,11:50,Mostly Cloudy,3,20,NaN,NaN,NaN,NaN,22392
20200819,20852,2.719,8096,0,3840,13:35,Mostly Cloudy,6,21,NaN,NaN,NaN,NaN,27029
20200818,22577,2.944,7042,0,3996,11:50,Mostly Cloudy,8,20,NaN,NaN,NaN,NaN,26742
20200817,27071,3.529,10144,0,3960,11:50,Mostly Cloudy,9,19,NaN,NaN,NaN,NaN,26459
20200816,23582,3.075,8364,0,3984,13:05,Mostly Cloudy,9,19,NaN,NaN,NaN,NaN,26178
20200815,21127,2.754,15728,0,4380,11:50,Mostly Cloudy,11,19,NaN,NaN,NaN,NaN,25900
20200814,11144,1.453,6998,0,2616,09:20,Cloudy,7,18,NaN,NaN,NaN,NaN,25626
20200813,25798,3.363,21098,0,3816,12:05,Mostly Cloudy,6,22,NaN,NaN,NaN,NaN,25355
20200812,12894,1.681,284,0,2904,11:50,Cloudy,7,18,NaN,NaN,NaN,NaN,25087
20200811,18114,2.362,5137,0,3972,12:50,Cloudy,10,18,NaN,NaN,NaN,NaN,24823
20200810,13084,1.706,668,0,3384,13:05,Cloudy,9,16,NaN,NaN,NaN,NaN,24562
20200809,10539,1.374,430,0,2544,10:05,Cloudy,5,13,NaN,NaN,NaN,NaN,24305
20200808,11099,1.447,286,0,3120,10:20,Cloudy,9,16,NaN,NaN,NaN,NaN,24052
20200807,2194,0.286,0,0,504,10:20,Showers,6,13,NaN,NaN,NaN,NaN,23802
20200806,25765,3.359,9200,0,3768,12:10,Mostly Cloudy,4,15,NaN,NaN,NaN,NaN,23557
20200805,23431,3.055,7397,0,3684,11:20,Mostly Cloudy,4,17,NaN,NaN,NaN,NaN,23315
20200804,21657,2.824,4668,0,3264,10:20,Mostly Cloudy,3,21,NaN,NaN,NaN,NaN,23078
20200803,22481,2.931,3982,0,3768,12:05,Mostly Cloudy,3,21,NaN,NaN,NaN,NaN,22845
20200802,22272,2.904,9401,0,3276,10:50,Mostly Cloudy,3,20,NaN,NaN,NaN,NaN,22616
20200801,23198,3.025,4317,0,3624,11:50,Mostly Cloudy,3,20,NaN,NaN,NaN,NaN,22392
20200731,9712,1.266,1264,0,3492,11:35,Cloudy,5,17,NaN,NaN,NaN,NaN,22171
20200730,20080,2.618,15844,0,3336,12:10,Mostly Cloudy,7,17,NaN,NaN,NaN,NaN,21956
20200729,21758,2.837,11923,0,3492,11:05,Mostly Cloudy,7,18,NaN,NaN,NaN,NaN,21745
20200728,8994,1.173,1481,0,2544,12:35,Cloudy,12,18,NaN,NaN,NaN,NaN,21538
20200727,4643,0.605,0,0,1200,09:50,Showers,14,17,NaN,NaN,NaN,NaN,21336
20200726,1744,0.227,0,0,624,12:50,Showers,10,15,NaN,NaN,NaN,NaN,21139
20200725,10885,1.419,7465,0,3708,12:05,Cloudy,4,18,NaN,NaN,NaN,NaN,20947
20200724,20283,2.644,9390,0,3372,12:10,Mostly Cloudy,4,19,NaN,NaN,NaN,NaN,20760
20200723,21714,2.831,12178,0,3276,11:35,Mostly Cloudy,3,19,NaN,NaN,NaN,NaN,20578
20200722,19936,2.599,13218,0,3468,12:05,Mostly Cloudy,4,18,NaN,NaN,NaN,NaN,20400
20200721,22134,2.886,10493,0,3384,12:05,Mostly Cloudy,7,16,NaN,NaN,NaN,NaN,20228
20200720,23249,3.031,12654,0,3432,12:05,Mostly Cloudy,4,18,NaN,NaN,NaN,NaN,20061
20200719,18320,2.389,10163,0,3240,11:05,Cloudy,3,19,NaN,NaN,NaN,NaN,19899
20200718,15720,2.050,10991,0,3432,10:05,Cloudy,8,18,NaN,NaN,NaN,NaN,19742
20200717,8371,1.091,333,0,1512,10:50,Cloudy,9,15,NaN,NaN,NaN,NaN,19591
20200716,11774,1.535,2785,0,1992,13:20,Cloudy,9,16,NaN,NaN,NaN,NaN,19444
20200715,9230,1.203,2211,0,2220,11:05,Cloudy,11,16,NaN,NaN,NaN,NaN,19304
20200714,10245,1.336,1175,0,3228,11:50,Cloudy,10,16,NaN,NaN,NaN,NaN,19168
20200713,17254,2.250,4758,0,3540,12:10,Cloudy,4,17,NaN,NaN,NaN,NaN,19038
20200712,17891,2.333,14109,0,3192,12:05,Cloudy,5,18,NaN,NaN,NaN,NaN,18914
20200711,7350,0.958,4206,0,1596,12:55,Showers,11,15,NaN,NaN,NaN,NaN,18795
20200710,11983,1.562,4663,0,2796,12:10,Cloudy,6,17,NaN,NaN,NaN,NaN,18681
20200709,19300,2.516,8887,0,3072,11:05,Mostly Cloudy,4,18,NaN,NaN,NaN,NaN,18573
20200708,6809,0.888,1983,0,3672,10:20,Showers,10,15,NaN,NaN,NaN,NaN,18471
20200707,13397,1.747,3522,0,2808,09:35,Cloudy,6,16,NaN,NaN,NaN,NaN,18375
20200706,20107,2.622,11325,0,3492,12:55,Mostly Cloudy,7,18,NaN,NaN,NaN,NaN,18284
20200705,19925,2.598,14629,0,3144,11:55,Mostly Cloudy,5,18,NaN,NaN,NaN,NaN,18198
20200704,18700,2.438,11713,0,3192,11:35,Cloudy,6,16,NaN,NaN,NaN,NaN,18119
20200703,20260,2.641,13364,0,3144,11:35,Mostly Cloudy,5,17,NaN,NaN,NaN,NaN,18045
20200702,17668,2.304,11931,0,3012,12:20,Cloudy,4,23,NaN,NaN,NaN,NaN,17977
20200701,19152,2.497,7740,0,3108,09:55,Cloudy,4,21,NaN,NaN,NaN,NaN,17915
20200630,19434,2.534,3924,0,3072,11:50,Mostly Cloudy,4,18,NaN,NaN,NaN,NaN,17859
20200629,14254,1.858,5173,0,3984,13:10,Cloudy,6,16,NaN,NaN,NaN,NaN,17808
20200628,12675,1.653,6229,0,2868,13:20,Cloudy,7,16,NaN,NaN,NaN,NaN,17763
20200627,12847,1.675,7361,0,3240,11:35,Cloudy,7,16,NaN,NaN,NaN,NaN,17724
20200626,19101,2.490,9279,0,3564,10:35,Cloudy,5,18,NaN,NaN,NaN,NaN,17691
20200625,20450,2.666,14315,0,3084,11:40,Mostly Cloudy,8,18,NaN,NaN,NaN,NaN,17664
20200624,13731,1.790,5707,0,3012,12:05,Cloudy,3,18,NaN,NaN,NaN,NaN,17643
20200623,20304,2.647,9556,0,3132,11:35,Mostly Cloudy,4,16,NaN,NaN,NaN,NaN,17628
20200622,13907,1.813,4461,0,3468,11:40,Cloudy,4,17,NaN,NaN,NaN,NaN,17618
20200621,10979,1.431,6082,0,3600,11:05,Cloudy,9,18,NaN,NaN,NaN,NaN,17615
20200620,17906,2.335,14365,0,3036,11:05,Cloudy,5,20,NaN,NaN,NaN,NaN,17617
20200619,19707,2.569,9303,0,3432,11:40,Mostly Cloudy,4,19,NaN,NaN,NaN,NaN,17626
20200618,13292,1.733,5133,0,3252,12:35,Cloudy,12,18,NaN,NaN,NaN,NaN,17640
20200617,8427,1.099,829,0,2160,09:25,Cloudy,5,17,NaN,NaN,NaN,NaN,17660
20200616,20310,2.648,7155,0,3096,11:55,Mostly Cloudy,4,21,NaN,NaN,NaN,NaN,17686
20200615,20044,2.613,13757,0,3036,11:20,Mostly Cloudy,4,20,NaN,NaN,NaN,NaN,17718
20200614,15247,1.988,6969,0,3084,12:10,Cloudy,11,21,NaN,NaN,NaN,NaN,17756
20200613,15828,2.064,8765,0,3024,11:40,Cloudy,8,20,NaN,NaN,NaN,NaN,17800
20200612,4289,0.559,38,0,1656,11:25,Showers,9,16,NaN,NaN,NaN,NaN,17849
20200611,17518,2.284,7087,0,3012,11:40,Cloudy,11,20,NaN,NaN,NaN,NaN,17905
20200610,6702,0.874,321,0,2556,09:40,Showers,10,16,NaN,NaN,NaN,NaN,17966
20200609,17940,2.339,10817,0,3132,12:35,Cloudy,6,18,NaN,NaN,NaN,NaN,18033
20200608,17932,2.338,11725,0,3528,12:50,Cloudy,12,17,NaN,NaN,NaN,NaN,18107
20200607,11629,1.516,5652,0,3216,11:50,Cloudy,4,16,NaN,NaN,NaN,NaN,18186
20200606,20737,2.704,17550,0,3096,11:35,Mostly Cloudy,3,18,NaN,NaN,NaN,NaN,18270
20200605,21129,2.755,7421,0,3144,11:40,Mostly Cloudy,3,19,NaN,NaN,NaN,NaN,18361
20200604,14856,1.937,9386,0,2988,09:55,Cloudy,9,16,NaN,NaN,NaN,NaN,18457
20200603,20198,2.633,12311,0,3264,12:05,Mostly Cloudy,4,18,NaN,NaN,NaN,NaN,18559
20200602,7841,1.022,657,0,2208,11:50,Cloudy,6,16,NaN,NaN,NaN,NaN,18667
20200601,19048,2.483,13545,0,3204,11:35,Cloudy,9,22,NaN,NaN,NaN,NaN,18780
20200531,13808,1.800,6161,0,3240,12:40,Cloudy,8,21,NaN,NaN,NaN,NaN,18900
20200530,20155,2.628,13689,0,3312,12:05,Mostly Cloudy,6,20,NaN,NaN,NaN,NaN,19024
20200529,5492,0.716,0,0,1308,11:05,Showers,8,16,NaN,NaN,NaN,NaN,19155
20200528,20532,2.677,10623,0,3204,11:35,Mostly Cloudy,8,21,NaN,NaN,NaN,NaN,19290
20200527,15864,2.068,5825,0,3288,12:55,Cloudy,10,19,NaN,NaN,NaN,NaN,19432
20200526,11266,1.469,1179,0,2724,10:50,Cloudy,13,19,NaN,NaN,NaN,NaN,19579
20200525,7674,1.001,826,0,2160,11:05,Cloudy,12,16,NaN,NaN,NaN,NaN,19731
20200524,9986,1.302,2046,0,2700,12:05,Cloudy,13,17,NaN,NaN,NaN,NaN,19889
20200523,10962,1.429,4243,0,3192,09:55,Cloudy,11,17,NaN,NaN,NaN,NaN,20052
20200522,8619,1.124,942,0,2064,09:50,Cloudy,8,16,NaN,NaN,NaN,NaN,20221
20200521,6247,0.814,478,0,2268,13:55,Showers,12,18,NaN,NaN,NaN,NaN,20395
20200520,18591,2.424,8304,0,3492,10:50,Cloudy,8,24,NaN,NaN,NaN,NaN,20574
20200519,22289,2.906,8623,0,3468,12:35,Mostly Cloudy,11,21,NaN,NaN,NaN,NaN,20758
20200518,11209,1.461,3335,0,3960,10:50,Cloudy,7,19,NaN,NaN,NaN,NaN,20947
20200517,16907,2.204,9556,0,3540,11:35,Cloudy,5,20,NaN,NaN,NaN,NaN,21142
20200516,13752,1.793,6533,0,3552,11:20,Cloudy,7,19,NaN,NaN,NaN,NaN,21341
20200515,13286,1.732,2745,0,2916,11:40,Cloudy,5,16,NaN,NaN,NaN,NaN,21545
20200514,13037,1.700,4348,0,3024,13:35,Cloudy,6,18,NaN,NaN,NaN,NaN,21754
20200513,15113,1.970,4239,0,3372,11:35,Cloudy,6,19,NaN,NaN,NaN,NaN,21968
20200512,23821,3.106,10397,0,3588,11:20,Mostly Cloudy,4,20,NaN,NaN,NaN,NaN,22187
20200511,24708,3.221,17173,0,3612,11:50,Mostly Cloudy,6,18,NaN,NaN,NaN,NaN,22410
20200510,25595,3.337,21000,0,3732,11:40,Mostly Cloudy,8,18,NaN,NaN,NaN,NaN,22638
20200509,17840,2.326,10989,0,3612,11:35,Cloudy,9,26,NaN,NaN,NaN,NaN,22871
20200508,24069,3.138,14388,0,3576,12:10,Mostly Cloudy,9,27,NaN,NaN,NaN,NaN,23108
20200507,18870,2.460,14023,0,3408,12:55,Cloudy,7,24,NaN,NaN,NaN,NaN,23349
20200506,25586,3.336,20567,0,3768,12:05,Mostly Cloudy,7,23,NaN,NaN,NaN,NaN,23594
20200505,16859,2.198,11995,0,3804,13:05,Cloudy,11,19,NaN,NaN,NaN,NaN,23844
20200504,22081,2.879,14108,0,3636,11:10,Mostly Cloudy,7,19,NaN,NaN,NaN,NaN,24098
20200503,25950,3.383,21586,0,3888,12:10,Mostly Cloudy,7,19,NaN,NaN,NaN,NaN,24356
20200502,27397,3.572,22449,0,4056,11:50,Mostly Cloudy,12,18,NaN,NaN,NaN,NaN,24618
20200501,25752,3.357,19825,0,4224,11:55,Mostly Cloudy,8,17,NaN,NaN,NaN,NaN,24883
20200430,2926,0.381,52,0,1236,12:05,Showers,14,19,NaN,NaN,NaN,NaN,25153
20200429,18162,2.368,12464,0,4128,11:20,Cloudy,14,27,NaN,NaN,NaN,NaN,25426
20200428,11474,1.496,7834,0,2640,10:25,Cloudy,16,22,NaN,NaN,NaN,NaN,25703
20200427,11027,1.438,5562,0,2760,08:25,Cloudy,11,21,NaN,NaN,NaN,NaN,25983
20200426,16941,2.209,10590,0,3684,10:35,Cloudy,9,27,NaN,NaN,NaN,NaN,26266
20200425,26427,3.446,18026,0,3864,11:50,Mostly Cloudy,10,27,NaN,NaN,NaN,NaN,26553
20200424,26002,3.390,22067,0,3888,12:10,Mostly Cloudy,12,27,NaN,NaN,NaN,NaN,26843
20200423,27716,3.614,19513,0,4080,12:05,Mostly Cloudy,7,24,NaN,NaN,NaN,NaN,27136
20200422,27119,3.536,19682,0,4032,11:35,Mostly Cloudy,9,25,NaN,NaN,NaN,NaN,27432
20200421,27388,3.571,20244,0,4044,11:50,Mostly Cloudy,9,25,NaN,NaN,NaN,NaN,27731
20200420,8220,1.072,2459,0,1752,10:35,Cloudy,10,19,NaN,NaN,NaN,NaN,28033
20200419,23750,3.096,16727,0,4332,11:05,Mostly Cloudy,8,21,NaN,NaN,NaN,NaN,28337
20200418,29262,3.815,22464,0,4224,11:55,Mostly Cloudy,9,23,NaN,NaN,NaN,NaN,28644
20200417,29411,3.835,22213,0,4284,11:50,Mostly Cloudy,13,26,NaN,NaN,NaN,NaN,28953
20200416,9404,1.226,5263,0,2328,11:05,Cloudy,14,25,NaN,NaN,NaN,NaN,29264
20200415,27730,3.615,14572,0,4044,11:50,Mostly Cloudy,11,28,NaN,NaN,NaN,NaN,29578
20200414,29152,3.801,21237,0,4224,12:10,Mostly Cloudy,9,26,NaN,NaN,NaN,NaN,29893
20200413,25651,3.344,19637,0,4704,13:35,Mostly Cloudy,7,22,NaN,NaN,NaN,NaN,30211
20200412,31245,4.074,22660,0,4464,11:50,Partly Cloudy,10,21,NaN,NaN,NaN,NaN,30530
20200411,27579,3.596,20895,0,4488,12:20,Mostly Cloudy,9,26,NaN,NaN,NaN,NaN,30852
20200410,12265,1.599,6534,0,3720,14:10,Cloudy,14,23,NaN,NaN,NaN,NaN,31174
20200409,16660,2.172,9200,0,3312,11:25,Cloudy,15,22,NaN,NaN,NaN,NaN,31499
20200408,9902,1.291,2996,0,1932,14:25,Cloudy,13,19,NaN,NaN,NaN,NaN,31824
20200407,20887,2.723,14403,0,4164,12:20,Mostly Cloudy,15,20,NaN,NaN,NaN,NaN,32151
20200406,26530,3.459,18296,0,4572,12:40,Mostly Cloudy,9,24,NaN,NaN,NaN,NaN,32479
20200405,32959,4.297,27984,0,4680,12:10,Partly Cloudy,8,24,NaN,NaN,NaN,NaN,32480
20200404,28339,3.695,20724,0,4752,13:05,Mostly Cloudy,19,26,NaN,NaN,NaN,NaN,33138
20200403,18802,2.451,8870,0,3660,13:50,Cloudy,14,26,NaN,NaN,NaN,NaN,33468
20200402,12668,1.652,5303,0,3432,11:35,Cloudy,15,25,NaN,NaN,NaN,NaN,33800
20200401,9632,1.256,9632,0,3180,14:35,Cloudy,21,23,NaN,NaN,NaN,NaN,34131
20200329,0,0.000,0,0,NaN,NaN,Not Sure,NaN,NaN,NaN,NaN,NaN,NaN,35129
20200328,26936,3.512,16799,0,5256,11:50,Mostly Cloudy,13,24,NaN,NaN,NaN,NaN,35462
20200327,22062,2.876,15946,0,3828,14:25,Mostly Cloudy,15,22,NaN,NaN,NaN,NaN,35794
20200326,17612,2.296,10590,0,4464,12:40,Cloudy,16,22,NaN,NaN,NaN,NaN,36127
20200325,18545,2.418,11822,0,4308,13:10,Cloudy,15,25,NaN,NaN,NaN,NaN,36459
20200324,17438,2.274,10214,0,3432,13:50,Cloudy,14,22,NaN,NaN,NaN,NaN,36791
20200323,27679,3.609,22544,0,5640,13:50,Mostly Cloudy,17,21,NaN,NaN,NaN,NaN,37122
20200322,33113,4.317,21187,0,4740,12:55,Partly Cloudy,16,29,NaN,NaN,NaN,NaN,37452
20200321,29731,3.876,17983,0,5424,12:35,Mostly Cloudy,14,25,NaN,NaN,NaN,NaN,37782
20200322,33113,4.317,21187,0,4740,12:55,Partly Cloudy,16,29,NaN,NaN,NaN,NaN,37452
20200321,29731,3.876,17983,0,5424,12:35,Mostly Cloudy,14,25,NaN,NaN,NaN,NaN,37782
20200320,31429,4.098,15534,0,4728,12:55,Partly Cloudy,16,34,NaN,NaN,NaN,NaN,38111
20200319,34250,4.465,14127,0,4704,13:05,Partly Cloudy,13,32,NaN,NaN,NaN,NaN,38439
20200318,37151,4.844,28506,0,5088,12:55,Partly Cloudy,11,26,NaN,NaN,NaN,NaN,38766
20200317,24559,3.202,17855,0,4140,13:40,Mostly Cloudy,14,22,NaN,NaN,NaN,NaN,39091
20200316,21847,2.848,14555,0,4260,14:35,Mostly Cloudy,15,21,NaN,NaN,NaN,NaN,39416
20200315,21780,2.840,11696,0,3972,10:20,Mostly Cloudy,13,19,NaN,NaN,NaN,NaN,39738
20200314,3344,0.436,0,0,720,17:25,Showers,13,19,NaN,NaN,NaN,NaN,40060
20200313,37356,4.870,29479,0,5316,13:10,Partly Cloudy,12,26,NaN,NaN,NaN,NaN,40379
20200312,32274,4.208,25068,0,5592,14:05,Partly Cloudy,13,25,NaN,NaN,NaN,NaN,40697
20200311,31167,4.063,19157,0,4944,13:35,Partly Cloudy,12,24,NaN,NaN,NaN,NaN,41013
20200310,25545,3.331,18116,0,3696,10:35,Mostly Cloudy,14,22,NaN,NaN,NaN,NaN,41328
20200309,25632,3.342,18915,0,5244,13:35,Mostly Cloudy,16,22,NaN,NaN,NaN,NaN,41640
20200308,24970,3.256,15688,0,4884,12:50,Mostly Cloudy,16,22,NaN,NaN,NaN,NaN,41950
20200307,23008,3.000,12506,0,5340,12:50,Mostly Cloudy,19,23,NaN,NaN,NaN,NaN,42257
20200306,23459,3.059,11194,0,4416,12:05,Mostly Cloudy,20,26,NaN,NaN,NaN,NaN,42563
20200305,4771,0.622,278,0,1176,09:35,Showers,21,22,NaN,NaN,NaN,NaN,42866
20200304,16206,2.113,8769,0,4380,13:50,Cloudy,18,25,NaN,NaN,NaN,NaN,43166
20200303,6217,0.811,786,0,1080,10:20,Showers,19,21,NaN,NaN,NaN,NaN,43464
20200302,35846,4.674,16700,0,5340,12:50,Partly Cloudy,16,37,NaN,NaN,NaN,NaN,43759
20200301,39255,5.118,27442,0,5436,13:10,Fine,16,29,NaN,NaN,NaN,NaN,44052
20200229,32720,4.266,21305,0,5604,12:55,Partly Cloudy,15,26,NaN,NaN,NaN,NaN,44341
20200228,37182,4.848,29414,0,5664,13:05,Partly Cloudy,11,24,NaN,NaN,NaN,NaN,44628
20200227,24580,3.205,19214,0,3720,15:05,Mostly Cloudy,19,25,NaN,NaN,NaN,NaN,44911
20200226,28054,3.658,10622,0,4764,11:55,Mostly Cloudy,19,32,NaN,NaN,NaN,NaN,45192
20200225,39956,5.209,21884,0,5352,13:20,Fine,17,28,NaN,NaN,NaN,NaN,45469
20200224,40115,5.230,29809,0,5676,12:05,Fine,17,27,NaN,NaN,NaN,NaN,45743
20200223,18159,2.368,12462,0,3108,12:10,Cloudy,19,24,NaN,NaN,NaN,NaN,46014
20200222,15973,2.083,9421,0,3432,11:50,Cloudy,18,23,NaN,NaN,NaN,NaN,46282
20200221,22688,2.958,15787,0,4596,13:20,Mostly Cloudy,18,25,NaN,NaN,NaN,NaN,46546
20200220,36191,4.719,26107,0,5892,12:20,Partly Cloudy,15,23,NaN,NaN,NaN,NaN,46806
20200219,36437,4.751,24994,0,5844,13:50,Partly Cloudy,18,28,NaN,NaN,NaN,NaN,47063
20200218,32494,4.237,15460,0,5544,13:50,Partly Cloudy,18,31,NaN,NaN,NaN,NaN,47316
20200217,13835,1.804,5864,0,4188,13:20,Cloudy,20,25,NaN,NaN,NaN,NaN,47566
20200216,37234,4.854,27362,0,5628,13:10,Partly Cloudy,19,26,NaN,NaN,NaN,NaN,47812
20200215,31137,4.060,18698,0,4884,12:20,Partly Cloudy,17,26,NaN,NaN,NaN,NaN,48054
20200214,41492,5.410,32210,0,5964,13:20,Fine,21,26,NaN,NaN,NaN,NaN,48292
20200213,19878,2.592,9113,0,3612,14:35,Mostly Cloudy,21,26,NaN,NaN,NaN,NaN,48527
20200212,18916,2.466,9239,0,3792,12:35,Cloudy,22,26,NaN,NaN,NaN,NaN,48757
20200211,37565,4.898,21091,0,5652,13:35,Partly Cloudy,19,30,NaN,NaN,NaN,NaN,48984
20200210,27113,3.535,15782,0,4440,14:35,Mostly Cloudy,20,28,NaN,NaN,NaN,NaN,49206
20200209,2210,0.288,266,0,504,16:20,Showers,19,20,NaN,NaN,NaN,NaN,49425
20200208,11499,1.499,6577,0,2616,12:20,Cloudy,18,22,NaN,NaN,NaN,NaN,49639
20200207,6980,0.910,1073,0,1860,14:35,Showers,18,21,NaN,NaN,NaN,NaN,49850
20200206,13108,1.709,8102,0,2436,11:40,Cloudy,19,24,NaN,NaN,NaN,NaN,50056
20200205,34890,4.549,25395,0,5472,13:50,Partly Cloudy,14,25,NaN,NaN,NaN,NaN,50258
20200204,30145,3.930,22395,0,5940,12:50,Mostly Cloudy,17,22,NaN,NaN,NaN,NaN,50455
20200203,28829,3.759,14560,0,5868,13:55,Mostly Cloudy,22,32,NaN,NaN,NaN,NaN,50649
20200202,26269,3.425,14867,0,4980,12:50,Mostly Cloudy,24,27,NaN,NaN,NaN,NaN,50838
20200201,42336,5.520,9292,0,5304,13:35,Fine,23,40,NaN,NaN,NaN,NaN,51023
20200131,43236,5.637,18678,0,5592,13:05,Fine,20,32,NaN,NaN,NaN,NaN,51204
20200130,43371,5.655,25237,0,5568,12:35,Fine,16,30,NaN,NaN,NaN,NaN,51380
20200129,29790,3.884,18894,0,6000,12:50,Mostly Cloudy,22,27,NaN,NaN,NaN,NaN,51552
20200128,31659,4.128,12145,0,5184,12:20,Partly Cloudy,21,30,NaN,NaN,NaN,NaN,51719
20200127,33430,4.359,14575,0,5676,12:50,Partly Cloudy,22,28,NaN,NaN,NaN,NaN,51883
20200126,38211,4.982,12135,0,5424,13:05,Partly Cloudy,24,36,NaN,NaN,NaN,NaN,52041
20200125,29290,3.819,11225,0,6000,12:50,Mostly Cloudy,22,29,NaN,NaN,NaN,NaN,52196
20200124,18528,2.416,8912,0,3936,15:50,Cloudy,22,26,NaN,NaN,NaN,NaN,52346
20200123,34205,4.460,7612,0,5208,11:20,Partly Cloudy,17,41,NaN,NaN,NaN,NaN,52491
20200122,46904,6.115,23820,0,5808,13:10,Fine,17,30,NaN,NaN,NaN,NaN,52632
20200121,47219,6.156,28486,0,5724,13:35,Fine,15,30,NaN,NaN,NaN,NaN,52769
20200120,31604,4.120,17062,0,5772,13:05,Partly Cloudy,19,29,NaN,NaN,NaN,NaN,52901
20200119,30137,3.929,17313,0,5736,12:35,Mostly Cloudy,18,25,NaN,NaN,NaN,NaN,53029
20200118,14206,1.852,9039,0,2376,12:20,Cloudy,20,23,NaN,NaN,NaN,NaN,53152
20200117,8407,1.096,2997,0,2976,15:35,Cloudy,18,21,NaN,NaN,NaN,NaN,53271
20200116,12772,1.665,3483,0,2688,15:20,Cloudy,20,27,NaN,NaN,NaN,NaN,53385
20200115,35813,4.669,20510,0,5064,12:40,Partly Cloudy,15,28,NaN,NaN,NaN,NaN,53495
20200114,34751,4.531,21884,0,5904,12:25,Partly Cloudy,16,28,NaN,NaN,NaN,NaN,53601
20200113,32714,4.265,24472,0,5256,11:20,Partly Cloudy,14,26,NaN,NaN,NaN,NaN,53702
20200112,5107,0.666,1530,0,1128,09:20,Showers,19,21,NaN,NaN,NaN,NaN,53798
20200111,14266,1.860,10088,0,3552,14:35,Cloudy,18,22,NaN,NaN,NaN,NaN,53890
20200110,40118,5.231,21483,0,5712,13:05,Fine,21,30,NaN,NaN,NaN,NaN,53978
20200109,22288,2.906,11769,0,3792,15:10,Mostly Cloudy,21,25,NaN,NaN,NaN,NaN,54061
20200108,32146,4.191,20257,0,5688,13:50,Partly Cloudy,21,26,NaN,NaN,NaN,NaN,54139
20200107,25512,3.326,12118,0,4656,11:50,Mostly Cloudy,19,29,NaN,NaN,NaN,NaN,54213
20200106,13011,1.696,7996,0,3204,13:50,Cloudy,17,25,NaN,NaN,NaN,NaN,54283
20200105,27226,3.550,18065,0,4188,10:35,Mostly Cloudy,21,24,NaN,NaN,NaN,NaN,54348
20200104,35972,4.690,10434,0,5280,13:10,Partly Cloudy,19,45,NaN,NaN,NaN,NaN,54409
20200103,39517,5.152,22544,0,5604,12:35,Fine,21,31,NaN,NaN,NaN,NaN,54466
20200102,34407,4.486,22575,0,5424,13:20,Partly Cloudy,19,25,NaN,NaN,NaN,NaN,54518
20200101,33813,4.408,23013,0,5448,12:35,Partly Cloudy,19,25,NaN,NaN,NaN,NaN,54565
20191231,38694,5.045,14012,0,5220,12:55,Fine,17,42,NaN,NaN,NaN,NaN,54608
20191230,36160,4.714,23440,0,4656,12:20,Partly Cloudy,17,31,NaN,NaN,NaN,NaN,54647
20191229,24646,3.213,9864,0,3552,13:25,Mostly Cloudy,17,29,NaN,NaN,NaN,NaN,54681
20191228,46899,6.115,30999,0,5928,12:40,Fine,15,31,NaN,NaN,NaN,NaN,54711
20191227,46973,6.124,32282,0,5760,12:50,Fine,18,28,NaN,NaN,NaN,NaN,54736
20191226,46460,6.057,30633,0,5796,13:25,Fine,17,28,NaN,NaN,NaN,NaN,54757
20191225,37696,4.915,32254,0,6036,12:50,Partly Cloudy,19,27,NaN,NaN,NaN,NaN,54774
20191224,24087,3.140,12703,0,4980,12:20,Mostly Cloudy,19,27,NaN,NaN,NaN,NaN,54786
20191223,26317,3.431,19939,0,4644,14:50,Mostly Cloudy,16,24,NaN,NaN,NaN,NaN,54793
20191222,24051,3.136,16270,0,4464,14:25,Mostly Cloudy,18,22,NaN,NaN,NaN,NaN,54797
20191221,36322,4.736,20058,0,5256,13:10,Partly Cloudy,19,34,NaN,NaN,NaN,NaN,54795
20191220,39649,5.169,29883,0,5784,12:20,Fine,17,27,NaN,NaN,NaN,NaN,54790
20191219,27348,3.566,10493,0,4692,11:35,Mostly Cloudy,16,40,NaN,NaN,NaN,NaN,54780
20191218,45948,5.991,37956,0,5628,13:05,Fine,13,27,NaN,NaN,NaN,NaN,54765
20191217,46536,6.067,41995,0,5544,12:10,Fine,12,24,NaN,NaN,NaN,NaN,54747
20191216,33646,4.387,23778,0,4848,11:25,Partly Cloudy,19,22,NaN,NaN,NaN,NaN,54723
20191215,31724,4.136,15921,0,5028,11:05,Partly Cloudy,19,28,NaN,NaN,NaN,NaN,54696
20191214,33895,4.419,22637,0,5628,12:50,Partly Cloudy,16,28,NaN,NaN,NaN,NaN,54664
20191213,21034,2.742,15223,0,4572,14:50,Mostly Cloudy,17,23,NaN,NaN,NaN,NaN,54627
20191212,29212,3.809,25296,0,5964,12:20,Mostly Cloudy,18,22,NaN,NaN,NaN,NaN,54587
20191211,24919,3.249,18085,0,4860,14:10,Mostly Cloudy,17,22,NaN,NaN,NaN,NaN,54541
20191210,27568,3.594,23646,0,4572,11:05,Mostly Cloudy,16,36,NaN,NaN,NaN,NaN,54492
20191209,33683,4.392,28844,0,5568,13:20,Partly Cloudy,20,26,NaN,NaN,NaN,NaN,54438
20191208,32968,4.298,28814,0,5628,13:25,Partly Cloudy,18,25,NaN,NaN,NaN,NaN,54379
20191207,37323,4.866,28853,0,5628,12:05,Partly Cloudy,14,26,NaN,NaN,NaN,NaN,54316
20191206,23526,3.067,15965,0,3408,09:20,Mostly Cloudy,15,28,NaN,NaN,NaN,NaN,54249
20191205,35913,4.682,31272,0,5448,12:40,Partly Cloudy,11,33,NaN,NaN,NaN,NaN,54177
20191204,32674,4.260,25112,0,4584,11:35,Partly Cloudy,12,30,NaN,NaN,NaN,NaN,54101
20191203,40514,5.282,35868,0,5424,13:50,Fine,8,29,NaN,NaN,NaN,NaN,54021
20191202,30026,3.915,25773,0,6144,13:50,Mostly Cloudy,16,23,NaN,NaN,NaN,NaN,53934
20191201,34492,4.497,30478,0,5856,12:40,Partly Cloudy,17,23,NaN,NaN,NaN,NaN,53845
20191130,21723,2.832,16907,0,4368,10:20,Mostly Cloudy,16,22,NaN,NaN,NaN,NaN,53751
20191129,36039,4.699,27128,0,5664,13:10,Partly Cloudy,20,30,NaN,NaN,NaN,NaN,53653
20191128,48405,6.311,43091,0,5904,12:40,Fine,12,27,NaN,NaN,NaN,NaN,53551
20191127,50275,6.555,45992,0,6000,13:05,Fine,9,23,NaN,NaN,NaN,NaN,53444
20191126,33273,4.338,15357,0,5736,11:40,Partly Cloudy,17,35,NaN,NaN,NaN,NaN,53333
20191125,28010,3.652,21975,0,5640,13:50,Mostly Cloudy,17,31,NaN,NaN,NaN,NaN,53217
20191124,30659,3.997,26645,0,5472,14:25,Mostly Cloudy,18,23,NaN,NaN,NaN,NaN,53097
20191123,15116,1.971,9046,0,2784,11:55,Cloudy,17,22,NaN,NaN,NaN,NaN,52973
20191122,30005,3.912,26168,0,5316,11:20,Mostly Cloudy,17,23,NaN,NaN,NaN,NaN,52841
20191121,44253,5.770,35068,0,5724,12:20,Fine,14,28,NaN,NaN,NaN,NaN,52708
20191120,33653,4.388,29249,0,5376,12:20,Partly Cloudy,17,23,NaN,NaN,NaN,NaN,52571
20191119,45796,5.971,26595,0,5724,12:20,Fine,11,35,NaN,NaN,NaN,NaN,52429
20191118,39794,5.188,36744,0,5568,11:40,Fine,13,26,NaN,NaN,NaN,NaN,52283
20191117,21895,2.855,17107,0,4224,13:50,Mostly Cloudy,16,21,NaN,NaN,NaN,NaN,52133
20191116,34484,4.496,30208,0,5928,11:10,Partly Cloudy,16,22,NaN,NaN,NaN,NaN,51979
20191115,45519,5.935,40962,0,5808,12:25,Fine,10,32,NaN,NaN,NaN,NaN,51815
20191114,47065,6.136,43682,0,5928,12:35,Fine,10,25,NaN,NaN,NaN,NaN,51653
20191113,50373,6.568,43162,0,6072,12:20,Fine,12,22,NaN,NaN,NaN,NaN,51485
20191112,42421,5.531,32696,0,7296,13:35,Fine,11,35,NaN,NaN,NaN,NaN,51314
20191111,47038,6.133,44269,0,5832,13:05,Fine,11,26,NaN,NaN,NaN,NaN,51138
20191110,40364,5.263,35040,0,5676,13:50,Fine,13,23,NaN,NaN,NaN,NaN,50958
20191109,43514,5.673,38605,0,5988,12:10,Fine,12,19,NaN,NaN,NaN,NaN,50774
20191108,44020,5.739,34841,0,5916,12:25,Fine,14,30,NaN,NaN,NaN,NaN,50581
20191107,46922,6.118,42731,0,5964,12:40,Fine,15,30,NaN,NaN,NaN,NaN,50389
20191106,47668,6.215,40521,0,5928,12:05,Fine,9,28,NaN,NaN,NaN,NaN,50193
20191105,35963,4.689,32913,0,6024,13:25,Partly Cloudy,14,18,NaN,NaN,NaN,NaN,49992
20191104,37986,4.953,37986,0,5940,12:20,Partly Cloudy,18,23,NaN,NaN,NaN,NaN,49787
20191103,26243,3.422,0,0,5196,11:25,Mostly Cloudy,NaN,NaN,NaN,NaN,NaN,NaN,49579
20191102,39527,5.153,0,0,5808,12:20,Fine,NaN,NaN,NaN,NaN,NaN,NaN,49362
20191101,43939,5.729,0,0,5676,12:35,Fine,NaN,NaN,NaN,NaN,NaN,NaN,49145
20191031,40586,5.292,0,0,5460,12:50,Fine,NaN,NaN,NaN,NaN,NaN,NaN,48925
20191030,35690,4.653,0,0,5328,12:35,Partly Cloudy,NaN,NaN,NaN,NaN,NaN,NaN,48701
20191029,44117,5.752,0,0,5580,12:35,Fine,NaN,NaN,NaN,NaN,NaN,NaN,48473
20191028,23922,3.119,0,0,4716,09:35,Mostly Cloudy,NaN,NaN,NaN,NaN,NaN,NaN,48236
20191027,45737,5.963,0,0,5736,12:20,Fine,NaN,NaN,NaN,NaN,NaN,NaN,48001
20191026,36767,4.794,0,0,5664,13:20,Partly Cloudy,NaN,NaN,NaN,NaN,NaN,NaN,47762
20191025,35549,4.635,0,0,5484,12:40,Partly Cloudy,NaN,NaN,NaN,NaN,NaN,NaN,47519
20191024,39754,5.183,0,0,5508,12:50,Fine,NaN,NaN,NaN,NaN,NaN,NaN,47272
20191023,42404,5.529,0,0,5628,12:35,Fine,NaN,NaN,NaN,NaN,NaN,NaN,47022
20191022,44168,5.759,0,0,5640,12:20,Fine,NaN,NaN,NaN,NaN,NaN,NaN,46764
20191021,42749,5.574,0,0,5544,12:40,Fine,NaN,NaN,NaN,NaN,NaN,NaN,46508
20191020,44768,5.837,0,0,5736,12:35,Fine,NaN,NaN,NaN,NaN,NaN,NaN,46247
20191019,36454,4.753,0,0,5640,12:05,Partly Cloudy,NaN,NaN,NaN,NaN,NaN,NaN,45983
20191018,44359,5.783,0,0,5712,12:50,Fine,NaN,NaN,NaN,NaN,NaN,NaN,45716
20191017,40310,5.256,0,0,5628,13:05,Fine,NaN,NaN,NaN,NaN,NaN,NaN,45443
20191016,25733,3.355,0,0,5412,13:10,Mostly Cloudy,NaN,NaN,NaN,NaN,NaN,NaN,45170
20191015,39280,5.121,0,0,5520,12:20,Fine,NaN,NaN,NaN,NaN,NaN,NaN,44893
20191014,32050,4.179,0,0,5544,12:25,Partly Cloudy,NaN,NaN,NaN,NaN,NaN,NaN,44614
20191013,25203,3.286,0,0,4572,12:20,Mostly Cloudy,NaN,NaN,NaN,NaN,NaN,NaN,44331
20191012,18828,2.455,0,0,2868,10:35,Cloudy,NaN,NaN,NaN,NaN,NaN,NaN,44044
20191011,29427,3.837,0,0,5208,11:10,Mostly Cloudy,NaN,NaN,NaN,NaN,NaN,NaN,43756
20191010,35131,4.580,0,0,5856,12:40,Partly Cloudy,NaN,NaN,NaN,NaN,NaN,NaN,43465
20191009,37112,4.839,0,0,5820,12:35,Partly Cloudy,NaN,NaN,NaN,NaN,NaN,NaN,43172
20191008,21832,2.846,0,0,5544,12:25,Mostly Cloudy,NaN,NaN,NaN,NaN,NaN,NaN,42874
20191007,30199,3.937,0,0,5268,13:10,Mostly Cloudy,NaN,NaN,NaN,NaN,NaN,NaN,42576
20191006,26570,3.464,0,0,5424,13:40,Mostly Cloudy,NaN,NaN,NaN,NaN,NaN,NaN,42277
20191005,17435,2.273,0,0,3888,11:55,Cloudy,NaN,NaN,NaN,NaN,NaN,NaN,41973
20191004,35427,4.619,0,0,5100,12:10,Partly Cloudy,NaN,NaN,NaN,NaN,NaN,NaN,41668
20191003,37555,4.896,0,0,5064,12:10,Partly Cloudy,NaN,NaN,NaN,NaN,NaN,NaN,41359
20191002,37774,4.925,0,0,5172,11:50,Partly Cloudy,NaN,NaN,NaN,NaN,NaN,NaN,41050
20191001,29171,3.803,0,0,5136,12:20,Mostly Cloudy,NaN,NaN,NaN,NaN,NaN,NaN,40740
20190930,14990,1.954,0,0,2424,09:20,Cloudy,NaN,NaN,NaN,NaN,NaN,NaN,40427
20190929,35269,4.598,0,0,5124,12:35,Partly Cloudy,NaN,NaN,NaN,NaN,NaN,NaN,40112
20190928,35839,4.673,0,0,5292,11:55,Partly Cloudy,NaN,NaN,NaN,NaN,NaN,NaN,39795
20190927,35399,4.615,0,0,5136,11:55,Partly Cloudy,NaN,NaN,NaN,NaN,NaN,NaN,39478
20190926,27144,3.539,0,0,5520,11:35,Mostly Cloudy,NaN,NaN,NaN,NaN,NaN,NaN,39159
20190925,36652,4.779,0,0,5172,11:55,Partly Cloudy,NaN,NaN,NaN,NaN,NaN,NaN,38839
20190924,37713,4.917,0,0,5220,12:05,Partly Cloudy,NaN,NaN,NaN,NaN,NaN,NaN,38516
20190923,23244,3.031,0,0,5172,10:35,Mostly Cloudy,NaN,NaN,NaN,NaN,NaN,NaN,38194
20190922,25500,3.325,0,0,4668,12:50,Mostly Cloudy,NaN,NaN,NaN,NaN,NaN,NaN,37870
20190921,23974,3.126,0,0,4848,12:35,Mostly Cloudy,NaN,NaN,NaN,NaN,NaN,NaN,37546
20190920,21667,2.825,0,0,3708,14:20,Mostly Cloudy,NaN,NaN,NaN,NaN,NaN,NaN,37221
20190919,23080,3.009,0,0,4824,13:35,Mostly Cloudy,NaN,NaN,NaN,NaN,NaN,NaN,36895
20190904,18408,2.400,0,0,4440,12:05,Partly Cloudy,NaN,NaN,NaN,NaN,NaN,NaN,32004
20190903,30930,4.033,0,0,4428,11:50,Partly Cloudy,NaN,NaN,NaN,NaN,NaN,NaN,31683
20190902,27383,3.570,0,0,4608,12:05,Mostly Cloudy,NaN,NaN,NaN,NaN,NaN,NaN,31364
20190901,31104,4.055,0,0,4428,12:05,Partly Cloudy,NaN,NaN,NaN,NaN,NaN,NaN,31045
20190831,13726,1.790,0,0,3144,13:05,Cloudy,NaN,NaN,NaN,NaN,NaN,NaN,30728
20190830,5974,0.779,0,0,1236,12:10,Showers,NaN,NaN,NaN,NaN,NaN,NaN,30413
20190829,7876,1.027,0,0,1692,10:40,Cloudy,NaN,NaN,NaN,NaN,NaN,NaN,30100
20190828,25359,3.306,0,0,4596,11:25,Mostly Cloudy,NaN,NaN,NaN,NaN,NaN,NaN,29788
20190827,21482,2.801,0,0,4164,10:35,Mostly Cloudy,NaN,NaN,NaN,NaN,NaN,NaN,29478
20190826,12032,1.569,0,0,3384,14:20,Cloudy,NaN,NaN,NaN,NaN,NaN,NaN,29170
20190825,28919,3.770,0,0,4260,12:05,Mostly Cloudy,NaN,NaN,NaN,NaN,NaN,NaN,28865
20190824,29800,3.885,0,0,4272,12:05,Mostly Cloudy,NaN,NaN,NaN,NaN,NaN,NaN,28562
20190823,25428,3.315,0,0,4248,11:40,Mostly Cloudy,NaN,NaN,NaN,NaN,NaN,NaN,28261
20190822,18260,2.381,0,0,3096,09:50,Cloudy,NaN,NaN,NaN,NaN,NaN,NaN,27962
20190821,28914,3.770,0,0,4164,12:10,Mostly Cloudy,NaN,NaN,NaN,NaN,NaN,NaN,27667
20190820,29073,3.790,0,0,4212,12:05,Mostly Cloudy,NaN,NaN,NaN,NaN,NaN,NaN,27374
20190819,28622,3.732,0,0,4392,12:35,Mostly Cloudy,NaN,NaN,NaN,NaN,NaN,NaN,27083
20190818,27545,3.591,0,0,4404,11:25,Mostly Cloudy,NaN,NaN,NaN,NaN,NaN,NaN,26796
20190817,24041,3.134,0,0,4152,12:20,Mostly Cloudy,NaN,NaN,NaN,NaN,NaN,NaN,26512
20190816,27872,3.634,0,0,4032,11:35,Mostly Cloudy,NaN,NaN,NaN,NaN,NaN,NaN,26230
20190815,27796,3.624,0,0,4032,12:10,Mostly Cloudy,NaN,NaN,NaN,NaN,NaN,NaN,25952
20190814,27410,3.574,0,0,4044,12:20,Mostly Cloudy,NaN,NaN,NaN,NaN,NaN,NaN,25678
20190813,27013,3.522,0,0,3948,11:50,Mostly Cloudy,NaN,NaN,NaN,NaN,NaN,NaN,25406
20190812,20432,2.664,0,0,4080,11:35,Mostly Cloudy,NaN,NaN,NaN,NaN,NaN,NaN,25139
20190811,18946,2.470,0,0,3972,12:10,Cloudy,NaN,NaN,NaN,NaN,NaN,NaN,24874
20190810,22869,2.982,0,0,4104,11:50,Mostly Cloudy,NaN,NaN,NaN,NaN,NaN,NaN,24614
20190809,25270,3.295,0,0,4140,13:10,Mostly Cloudy,NaN,NaN,NaN,NaN,NaN,NaN,24357
20190808,21325,2.780,0,0,4152,12:25,Mostly Cloudy,NaN,NaN,NaN,NaN,NaN,NaN,24104
20190807,25927,3.380,0,0,3840,12:05,Mostly Cloudy,NaN,NaN,NaN,NaN,NaN,NaN,23855
20190806,26523,3.458,0,0,3840,11:35,Mostly Cloudy,NaN,NaN,NaN,NaN,NaN,NaN,23610
20190805,24170,3.151,0,0,3756,11:50,Mostly Cloudy,NaN,NaN,NaN,NaN,NaN,NaN,23370
20190804,19952,2.601,0,0,3804,12:20,Mostly Cloudy,NaN,NaN,NaN,NaN,NaN,NaN,23133
20190803,25629,3.341,0,0,3756,12:05,Mostly Cloudy,NaN,NaN,NaN,NaN,NaN,NaN,22901
20190802,15677,2.044,0,0,3696,11:05,Cloudy,NaN,NaN,NaN,NaN,NaN,NaN,22673
20190801,22325,2.911,0,0,3600,12:05,Mostly Cloudy,NaN,NaN,NaN,NaN,NaN,NaN,22450
20190731,15291,1.994,0,0,3504,12:40,Cloudy,NaN,NaN,NaN,NaN,NaN,NaN,22231
20190730,9841,1.283,0,0,1788,10:35,Cloudy,NaN,NaN,NaN,NaN,NaN,NaN,22016
20190729,21056,2.745,0,0,3648,12:50,Mostly Cloudy,NaN,NaN,NaN,NaN,NaN,NaN,21807
20190728,23852,3.110,0,0,3540,11:50,Mostly Cloudy,NaN,NaN,NaN,NaN,NaN,NaN,21602
20190727,18573,2.422,0,0,3564,11:20,Cloudy,NaN,NaN,NaN,NaN,NaN,NaN,21401
20190726,16134,2.104,0,0,3504,10:40,Cloudy,NaN,NaN,NaN,NaN,NaN,NaN,21206
20190725,23668,3.086,0,0,3492,12:10,Mostly Cloudy,NaN,NaN,NaN,NaN,NaN,NaN,21016
20190724,21335,2.782,0,0,3516,12:20,Mostly Cloudy,NaN,NaN,NaN,NaN,NaN,NaN,20830
20190723,23696,3.089,0,0,3504,11:55,Mostly Cloudy,NaN,NaN,NaN,NaN,NaN,NaN,20650
20190722,14228,1.855,0,0,3348,11:40,Cloudy,NaN,NaN,NaN,NaN,NaN,NaN,20475
20190721,23003,2.999,0,0,3336,11:50,Mostly Cloudy,NaN,NaN,NaN,NaN,NaN,NaN,20305
20190720,23590,3.076,0,0,3456,12:10,Mostly Cloudy,NaN,NaN,NaN,NaN,NaN,NaN,20140
20190719,23077,3.009,0,0,3408,12:05,Mostly Cloudy,NaN,NaN,NaN,NaN,NaN,NaN,19980
20190718,23331,3.042,0,0,3444,11:50,Mostly Cloudy,NaN,NaN,NaN,NaN,NaN,NaN,19826
20190717,23056,3.006,0,0,3420,12:05,Mostly Cloudy,NaN,NaN,NaN,NaN,NaN,NaN,19677
20190716,23030,3.003,0,0,3396,12:05,Mostly Cloudy,NaN,NaN,NaN,NaN,NaN,NaN,19533
20190715,20838,2.717,0,0,3492,11:55,Mostly Cloudy,NaN,NaN,NaN,NaN,NaN,NaN,19395
20190714,23551,3.071,0,0,3480,12:05,Mostly Cloudy,NaN,NaN,NaN,NaN,NaN,NaN,19263
20190713,21838,2.847,0,0,3564,11:55,Mostly Cloudy,NaN,NaN,NaN,NaN,NaN,NaN,19135
20190712,20385,2.658,0,0,3648,11:40,Mostly Cloudy,NaN,NaN,NaN,NaN,NaN,NaN,19014
20190711,22377,2.917,0,0,3360,11:50,Mostly Cloudy,NaN,NaN,NaN,NaN,NaN,NaN,18898
20190710,22525,2.937,0,0,3348,12:05,Mostly Cloudy,NaN,NaN,NaN,NaN,NaN,NaN,18788
20190709,21830,2.846,0,0,3300,12:05,Mostly Cloudy,NaN,NaN,NaN,NaN,NaN,NaN,18683
20190708,15581,2.031,0,0,4008,10:35,Cloudy,NaN,NaN,NaN,NaN,NaN,NaN,18584
20190707,15735,2.051,0,0,3264,10:50,Cloudy,NaN,NaN,NaN,NaN,NaN,NaN,18491
20190706,19002,2.477,0,0,3996,10:20,Cloudy,NaN,NaN,NaN,NaN,NaN,NaN,18403
20190705,11132,1.451,0,0,2520,11:35,Cloudy,NaN,NaN,NaN,NaN,NaN,NaN,18322
20190704,7337,0.957,0,0,1740,11:50,Showers,NaN,NaN,NaN,NaN,NaN,NaN,18246
20190703,16406,2.139,0,0,3408,13:20,Cloudy,NaN,NaN,NaN,NaN,NaN,NaN,18176
20190702,18628,2.429,0,0,3372,11:55,Cloudy,NaN,NaN,NaN,NaN,NaN,NaN,18111
20190701,19620,2.558,0,0,3240,10:20,Mostly Cloudy,NaN,NaN,NaN,NaN,NaN,NaN,18053
20190630,21262,2.772,0,0,3312,12:10,Mostly Cloudy,NaN,NaN,NaN,NaN,NaN,NaN,18000
20190629,19562,2.550,0,0,3276,11:35,Mostly Cloudy,NaN,NaN,NaN,NaN,NaN,NaN,17954
20190628,20119,2.623,0,0,3528,12:20,Mostly Cloudy,NaN,NaN,NaN,NaN,NaN,NaN,17913
20190627,19368,2.525,0,0,3480,13:40,Mostly Cloudy,NaN,NaN,NaN,NaN,NaN,NaN,17878
20190626,14517,1.893,0,0,3516,12:55,Cloudy,NaN,NaN,NaN,NaN,NaN,NaN,17850
20190625,11714,1.527,0,0,2556,08:50,Cloudy,NaN,NaN,NaN,NaN,NaN,NaN,17827
20190624,9335,1.217,0,0,3264,12:40,Cloudy,NaN,NaN,NaN,NaN,NaN,NaN,17810
20190623,16805,2.191,0,0,3804,12:40,Cloudy,NaN,NaN,NaN,NaN,NaN,NaN,17799
20190622,15846,2.066,0,0,3768,11:55,Cloudy,NaN,NaN,NaN,NaN,NaN,NaN,17794
20190621,21474,2.800,0,0,3276,11:40,Mostly Cloudy,NaN,NaN,NaN,NaN,NaN,NaN,17795
20190620,16405,2.139,0,0,3276,11:35,Cloudy,NaN,NaN,NaN,NaN,NaN,NaN,17802
20190619,20859,2.720,0,0,3456,11:40,Mostly Cloudy,NaN,NaN,NaN,NaN,NaN,NaN,17815
20190618,13278,1.731,0,0,4368,09:50,Cloudy,NaN,NaN,NaN,NaN,NaN,NaN,17834
20190617,4844,0.632,0,0,2652,12:50,Showers,NaN,NaN,NaN,NaN,NaN,NaN,17859
20190616,4848,0.632,0,0,1140,12:10,Showers,NaN,NaN,NaN,NaN,NaN,NaN,17889
20190615,20971,2.734,0,0,3240,13:35,Mostly Cloudy,NaN,NaN,NaN,NaN,NaN,NaN,17926
20190614,16155,2.106,0,0,3204,12:10,Cloudy,NaN,NaN,NaN,NaN,NaN,NaN,17969
20190613,8442,1.101,0,0,2880,10:50,Cloudy,NaN,NaN,NaN,NaN,NaN,NaN,18018
20190612,12188,1.589,0,0,2700,09:50,Cloudy,NaN,NaN,NaN,NaN,NaN,NaN,18072
20190611,20650,2.692,0,0,3132,11:40,Mostly Cloudy,NaN,NaN,NaN,NaN,NaN,NaN,18133
20190610,16305,2.126,0,0,3180,10:40,Cloudy,NaN,NaN,NaN,NaN,NaN,NaN,18199
20190609,21055,2.745,0,0,3204,11:05,Mostly Cloudy,NaN,NaN,NaN,NaN,NaN,NaN,18272
20190608,5153,0.672,0,0,996,14:25,Showers,NaN,NaN,NaN,NaN,NaN,NaN,18350
20190607,4262,0.556,0,0,1776,09:35,Showers,NaN,NaN,NaN,NaN,NaN,NaN,18434
20190606,22010,2.870,0,0,3240,11:35,Mostly Cloudy,NaN,NaN,NaN,NaN,NaN,NaN,18524
20190605,11513,1.501,0,0,3756,11:35,Cloudy,NaN,NaN,NaN,NaN,NaN,NaN,18620
20190604,7612,0.992,0,0,2784,13:35,Showers,NaN,NaN,NaN,NaN,NaN,NaN,18722
20190603,11966,1.560,0,0,2904,10:50,Cloudy,NaN,NaN,NaN,NaN,NaN,NaN,18829
20190602,15474,2.017,0,0,3660,12:10,Cloudy,NaN,NaN,NaN,NaN,NaN,NaN,18943
20190601,14167,1.847,0,0,2760,09:55,Cloudy,NaN,NaN,NaN,NaN,NaN,NaN,19061
20190531,21802,2.843,0,0,3348,11:35,Mostly Cloudy,NaN,NaN,NaN,NaN,NaN,NaN,19186
20190530,23103,3.012,0,0,3480,11:50,Mostly Cloudy,NaN,NaN,NaN,NaN,NaN,NaN,19316
20190529,22985,2.997,0,0,3516,11:35,Mostly Cloudy,NaN,NaN,NaN,NaN,NaN,NaN,19452
20190528,23248,3.031,0,0,3456,11:35,Mostly Cloudy,NaN,NaN,NaN,NaN,NaN,NaN,19594
20190527,16241,2.117,0,0,3420,11:25,Cloudy,NaN,NaN,NaN,NaN,NaN,NaN,19741
20190526,16168,2.108,0,0,3420,11:35,Cloudy,NaN,NaN,NaN,NaN,NaN,NaN,19894
20190525,22249,2.901,0,0,3372,11:55,Mostly Cloudy,NaN,NaN,NaN,NaN,NaN,NaN,20052
20190524,19688,2.567,0,0,3468,11:55,Mostly Cloudy,NaN,NaN,NaN,NaN,NaN,NaN,20215
20190523,18394,2.398,0,0,3828,11:40,Cloudy,NaN,NaN,NaN,NaN,NaN,NaN,20384
20190522,19344,2.522,14166,0,3372,12:05,Mostly Cloudy,NaN,NaN,NaN,NaN,NaN,NaN,20558
20190521,21045,2.744,12538,0,NaN,NaN,Not Sure,NaN,NaN,NaN,NaN,NaN,NaN,20738
20190520,16492,2.150,12223,0,NaN,NaN,Not Sure,NaN,NaN,NaN,NaN,NaN,NaN,20922
20190519,19554,2.549,13918,0,NaN,NaN,Not Sure,NaN,NaN,NaN,NaN,NaN,NaN,21113
20190518,22917,2.988,13325,0,NaN,NaN,Not Sure,NaN,NaN,NaN,NaN,NaN,NaN,21308
20190517,22187,2.893,14618,0,NaN,NaN,Not Sure,NaN,NaN,NaN,NaN,NaN,NaN,21508
20190516,6829,0.890,5249,0,NaN,NaN,Not Sure,NaN,NaN,NaN,NaN,NaN,NaN,21713
20190527,16241,2.117,0,0,3420,11:25,Cloudy,NaN,NaN,NaN,NaN,NaN,NaN,19741
20190526,16168,2.108,0,0,3420,11:35,Cloudy,NaN,NaN,NaN,NaN,NaN,NaN,19894
20190525,22249,2.901,0,0,3372,11:55,Mostly Cloudy,NaN,NaN,NaN,NaN,NaN,NaN,20052
20190524,19688,2.567,0,0,3468,11:55,Mostly Cloudy,NaN,NaN,NaN,NaN,NaN,NaN,20215
20190523,18394,2.398,0,0,3828,11:40,Cloudy,NaN,NaN,NaN,NaN,NaN,NaN,20384
20190522,19344,2.522,14166,0,3372,12:05,Mostly Cloudy,NaN,NaN,NaN,NaN,NaN,NaN,20558
20190521,21045,2.744,12538,0,NaN,NaN,Not Sure,NaN,NaN,NaN,NaN,NaN,NaN,20738
20190520,16492,2.150,12223,0,NaN,NaN,Not Sure,NaN,NaN,NaN,NaN,NaN,NaN,20922
20190519,19554,2.549,13918,0,NaN,NaN,Not Sure,NaN,NaN,NaN,NaN,NaN,NaN,21113
20190518,22917,2.988,13325,0,NaN,NaN,Not Sure,NaN,NaN,NaN,NaN,NaN,NaN,21308
20190517,22187,2.893,14618,0,NaN,NaN,Not Sure,NaN,NaN,NaN,NaN,NaN,NaN,21508
20190516,6829,0.890,5249,0,NaN,NaN,Not Sure,NaN,NaN,NaN,NaN,NaN,NaN,21713
