Date,Energy Generated,Efficiency,Energy Exported,Energy Used,Peak Power,Peak Time,Condition,Min. Temperature,Max. Temperature,Peak Energy Import,Off-Peak Energy Import,Shoulder Energy Import,High-Shoulder Energy Import,Insolation
20220410,40108,3.820,31594,0,10044,12:25,Mostly Cloudy,14,25,NaN,NaN,NaN,NaN,53168
20220409,32209,3.068,27522,0,10059,12:35,Mostly Cloudy,14,23,NaN,NaN,NaN,NaN,53431
20220408,23525,2.240,17445,0,10074,12:20,Cloudy,17,23,NaN,NaN,NaN,NaN,53692
20220407,6503,0.619,2784,0,1617,13:05,Showers,16,19,NaN,NaN,NaN,NaN,53951
20220406,6253,0.596,1494,0,1559,12:20,Showers,17,18,NaN,NaN,NaN,NaN,54207
20220405,57595,5.485,49195,0,9570,12:30,Fine,11,25,NaN,NaN,NaN,NaN,54460
20220404,58816,5.602,47074,0,8949,12:00,Fine,9,27,NaN,NaN,NaN,NaN,54710
20220403,51284,4.884,40044,0,9929,11:00,Partly Cloudy,12,26,NaN,NaN,NaN,NaN,54255
20220402,35251,3.357,26060,0,10039,15:00,Mostly Cloudy,15,22,NaN,NaN,NaN,NaN,55200
20220401,18891,1.799,10019,0,8368,12:10,Cloudy,13,19,NaN,NaN,NaN,NaN,55441
20220331,15804,1.505,6933,0,7583,10:45,Cloudy,17,20,NaN,NaN,NaN,NaN,55678
20220330,37831,3.603,20631,0,10034,13:05,Mostly Cloudy,15,24,NaN,NaN,NaN,NaN,55911
20220329,13138,1.251,5139,0,8135,14:00,Cloudy,19,23,NaN,NaN,NaN,NaN,56141
20220328,32842,3.128,18322,0,10057,13:30,Mostly Cloudy,16,25,NaN,NaN,NaN,NaN,56367
20220327,15677,1.493,10938,0,4539,09:50,Cloudy,14,22,NaN,NaN,NaN,NaN,56590
20220326,15082,1.436,9639,0,4782,13:15,Cloudy,17,22,NaN,NaN,NaN,NaN,56808
20220325,26408,2.515,21965,0,10052,13:40,Mostly Cloudy,16,23,NaN,NaN,NaN,NaN,57022
20220324,9043,0.861,3974,0,3338,16:35,Showers,18,19,NaN,NaN,NaN,NaN,57233
20220323,30087,2.865,17095,0,8517,11:40,Mostly Cloudy,17,24,NaN,NaN,NaN,NaN,57439
20220322,60551,5.767,46738,0,8497,12:35,Fine,13,28,NaN,NaN,NaN,NaN,57641
20220321,35391,3.371,26031,0,10043,13:00,Mostly Cloudy,17,24,NaN,NaN,NaN,NaN,57839
20220320,61250,5.833,55450,0,9847,11:15,Fine,15,25,NaN,NaN,NaN,NaN,58032
20220319,22386,2.132,16870,0,10031,14:10,Cloudy,19,21,NaN,NaN,NaN,NaN,58221
20220318,49075,4.674,43443,0,8888,13:05,Partly Cloudy,18,28,NaN,NaN,NaN,NaN,58406
20220317,43210,4.115,30180,0,9950,11:45,Partly Cloudy,15,27,NaN,NaN,NaN,NaN,58586
20220316,23293,2.218,12648,0,8369,11:30,Cloudy,17,24,NaN,NaN,NaN,NaN,58761
20220315,54944,5.233,38194,0,10052,13:45,Fine,12,24,NaN,NaN,NaN,NaN,58932
20220314,32705,3.115,17348,0,10077,13:10,Mostly Cloudy,14,24,NaN,NaN,NaN,NaN,59098
20220313,34013,3.239,19214,0,9259,15:20,Mostly Cloudy,14,23,NaN,NaN,NaN,NaN,59260
20220312,60472,5.759,42811,0,10070,13:20,Fine,14,25,NaN,NaN,NaN,NaN,59417
20220311,51272,4.883,41331,0,10076,11:30,Partly Cloudy,14,23,NaN,NaN,NaN,NaN,59569
20220310,57120,5.440,38102,0,10074,12:45,Fine,15,22,NaN,NaN,NaN,NaN,59717
20220309,27487,2.618,17301,0,10077,14:35,Mostly Cloudy,18,24,NaN,NaN,NaN,NaN,59860
20220308,4670,0.445,125,0,1184,12:20,Showers,20,22,NaN,NaN,NaN,NaN,59997
20220307,19659,1.872,7841,0,9457,14:40,Cloudy,22,26,NaN,NaN,NaN,NaN,60131
20220306,24522,2.335,8363,0,10078,12:40,Cloudy,19,25,NaN,NaN,NaN,NaN,60259
20220305,35342,3.366,25654,0,9359,13:40,Mostly Cloudy,20,28,NaN,NaN,NaN,NaN,60383
20220304,41876,3.988,36409,0,10077,11:55,Mostly Cloudy,21,25,NaN,NaN,NaN,NaN,60502
20220303,27918,2.659,17656,0,10051,13:00,Mostly Cloudy,19,24,NaN,NaN,NaN,NaN,60616
20220302,7692,0.733,1098,0,2616,09:15,Showers,19,22,NaN,NaN,NaN,NaN,60726
20220301,27226,2.593,21748,0,10026,13:10,Mostly Cloudy,18,23,NaN,NaN,NaN,NaN,60831
20220228,24685,2.351,19442,0,6348,11:00,Cloudy,19,25,NaN,NaN,NaN,NaN,60932
20220227,32389,3.085,27457,0,9971,11:20,Mostly Cloudy,18,25,NaN,NaN,NaN,NaN,61028
20220226,13997,1.333,9353,0,2903,15:45,Cloudy,19,22,NaN,NaN,NaN,NaN,61119
20220225,14344,1.366,9188,0,5067,16:10,Cloudy,20,23,NaN,NaN,NaN,NaN,61206
20220224,31159,2.968,14787,0,10062,14:40,Mostly Cloudy,20,27,NaN,NaN,NaN,NaN,61288
20220223,33764,3.216,16308,0,10064,14:40,Mostly Cloudy,19,26,NaN,NaN,NaN,NaN,61366
20220222,4809,0.458,978,0,1723,16:15,Showers,19,22,NaN,NaN,NaN,NaN,61439
20220221,49043,4.671,33217,0,10059,12:30,Partly Cloudy,20,31,NaN,NaN,NaN,NaN,61508
20220220,63969,6.092,34086,0,10067,12:25,Fine,17,28,NaN,NaN,NaN,NaN,61573
20220219,17170,1.635,5613,0,5760,13:30,Cloudy,19,23,NaN,NaN,NaN,NaN,61634
20220218,63295,6.028,33135,0,9006,13:05,Fine,18,30,NaN,NaN,NaN,NaN,61691
20220217,57098,5.438,29794,0,9902,12:30,Fine,16,32,NaN,NaN,NaN,NaN,61743
20220216,55409,5.277,50477,0,10056,13:25,Fine,16,27,NaN,NaN,NaN,NaN,61792
20220215,62158,5.920,54237,0,10045,12:40,Fine,16,27,NaN,NaN,NaN,NaN,61837
20220214,60074,5.721,55049,0,10064,13:10,Fine,13,27,NaN,NaN,NaN,NaN,61878
20220213,38442,3.661,27605,0,10007,14:40,Mostly Cloudy,17,25,NaN,NaN,NaN,NaN,61915
20220212,20701,1.972,12143,0,10052,12:00,Cloudy,20,23,NaN,NaN,NaN,NaN,61949
20220211,31047,2.957,17839,0,10063,12:10,Mostly Cloudy,19,24,NaN,NaN,NaN,NaN,61980
20220210,57897,5.514,51653,0,8620,13:50,Fine,15,33,NaN,NaN,NaN,NaN,62007
20220209,65096,6.200,46977,0,9222,12:55,Fine,13,31,NaN,NaN,NaN,NaN,62031
20220208,43265,4.120,29993,0,10069,13:40,Partly Cloudy,15,25,NaN,NaN,NaN,NaN,62052
20220207,36262,3.454,27579,0,10052,12:55,Mostly Cloudy,16,23,NaN,NaN,NaN,NaN,62070
20220206,54673,5.207,42733,0,10070,11:00,Fine,18,24,NaN,NaN,NaN,NaN,62085
20220205,50062,4.768,32894,0,10070,12:50,Partly Cloudy,16,24,NaN,NaN,NaN,NaN,62097
20220204,39922,3.802,30707,0,10071,12:25,Mostly Cloudy,15,23,NaN,NaN,NaN,NaN,62106
20220203,54381,5.179,38867,0,10047,11:30,Fine,18,23,NaN,NaN,NaN,NaN,62113
20220202,10892,1.037,4149,0,3194,12:45,Cloudy,20,21,NaN,NaN,NaN,NaN,62117
20220201,53681,5.112,13219,0,8466,14:30,Fine,19,35,NaN,NaN,NaN,NaN,62119
20220131,47296,4.504,18232,0,10007,13:35,Partly Cloudy,19,30,NaN,NaN,NaN,NaN,62119
20220130,60919,5.802,55686,0,10067,11:05,Fine,20,28,NaN,NaN,NaN,NaN,62117
20220129,59669,5.683,53977,0,8989,13:05,Fine,21,28,NaN,NaN,NaN,NaN,62112
20220128,64238,6.118,54217,0,10049,12:05,Fine,22,28,NaN,NaN,NaN,NaN,62106
20220127,49635,4.727,44919,0,10049,13:35,Partly Cloudy,17,27,NaN,NaN,NaN,NaN,62098
20220126,54380,5.179,46350,0,10042,12:30,Fine,18,26,NaN,NaN,NaN,NaN,62089
20220125,41595,3.961,34141,0,10052,13:15,Mostly Cloudy,20,26,NaN,NaN,NaN,NaN,62078
20220124,39525,3.764,34027,0,10065,14:15,Mostly Cloudy,18,25,NaN,NaN,NaN,NaN,62066
20220123,55054,5.243,47090,0,10035,11:35,Fine,18,24,NaN,NaN,NaN,NaN,62052
20220122,61100,5.819,51028,0,10070,12:10,Fine,14,24,NaN,NaN,NaN,NaN,62037
20220121,36492,3.475,30088,0,10075,11:45,Mostly Cloudy,18,24,NaN,NaN,NaN,NaN,62022
20220120,40034,3.813,33753,0,10048,13:50,Mostly Cloudy,19,23,NaN,NaN,NaN,NaN,62006
20220119,20543,1.956,12667,0,7863,13:45,Cloudy,18,23,NaN,NaN,NaN,NaN,61989
20220118,21049,2.005,12989,0,4766,12:05,Cloudy,22,23,NaN,NaN,NaN,NaN,61972
20220117,53407,5.086,35634,0,10040,12:30,Fine,19,30,NaN,NaN,NaN,NaN,61954
20220116,51491,4.904,34239,0,10067,10:35,Partly Cloudy,20,27,NaN,NaN,NaN,NaN,61935
20220115,34389,3.275,25959,0,10068,13:05,Mostly Cloudy,20,30,NaN,NaN,NaN,NaN,61917
20220114,54653,5.205,41635,0,10047,12:50,Fine,18,28,NaN,NaN,NaN,NaN,61898
20220113,27366,2.606,21706,0,4864,16:15,Mostly Cloudy,19,24,NaN,NaN,NaN,NaN,61879
20220112,34313,3.268,29130,0,10057,13:00,Mostly Cloudy,21,26,NaN,NaN,NaN,NaN,61860
20220111,38667,3.683,31351,0,9967,11:50,Mostly Cloudy,22,28,NaN,NaN,NaN,NaN,61842
20220110,40912,3.896,35019,0,10006,13:10,Mostly Cloudy,20,28,NaN,NaN,NaN,NaN,61823
20220109,20513,1.954,13757,0,6123,09:15,Cloudy,21,24,NaN,NaN,NaN,NaN,61805
20220108,55533,5.289,46166,0,10030,13:20,Fine,19,32,NaN,NaN,NaN,NaN,61788
20220107,22130,2.108,13164,0,9602,14:40,Cloudy,22,26,NaN,NaN,NaN,NaN,61771
20220106,40837,3.889,25026,0,10072,12:10,Mostly Cloudy,21,27,NaN,NaN,NaN,NaN,61754
20220105,26985,2.570,14355,0,10046,11:20,Mostly Cloudy,19,25,NaN,NaN,NaN,NaN,61739
20220104,60029,5.717,49022,0,10049,13:10,Fine,18,27,NaN,NaN,NaN,NaN,61724
20220103,66446,6.328,38834,0,9065,10:45,Fine,18,27,NaN,NaN,NaN,NaN,61710
20220102,66408,6.325,46351,0,8678,12:45,Fine,18,28,NaN,NaN,NaN,NaN,61697
20220101,59733,5.689,34815,0,10029,14:25,Fine,16,27,NaN,NaN,NaN,NaN,61685
20211231,68360,6.510,40527,0,8851,11:55,Fine,14,27,NaN,NaN,NaN,NaN,61674
20211230,62418,5.945,47582,0,10056,11:20,Fine,12,26,NaN,NaN,NaN,NaN,61665
20211229,40637,3.870,30003,0,10024,15:25,Mostly Cloudy,13,23,NaN,NaN,NaN,NaN,61656
20211228,47200,4.495,31675,0,10070,14:05,Partly Cloudy,15,21,NaN,NaN,NaN,NaN,61649
20211227,38295,3.647,25623,0,10050,15:10,Mostly Cloudy,18,22,NaN,NaN,NaN,NaN,61643
20211226,40340,3.842,28700,0,10067,12:40,Mostly Cloudy,18,26,NaN,NaN,NaN,NaN,61638
20211225,63039,6.004,32851,0,8479,12:35,Fine,18,29,NaN,NaN,NaN,NaN,61634
20211224,44245,4.214,26802,0,10046,12:55,Partly Cloudy,19,26,NaN,NaN,NaN,NaN,61631
20211223,27467,2.616,15631,0,9305,12:40,Mostly Cloudy,20,27,NaN,NaN,NaN,NaN,61631
20211222,44543,4.242,30070,0,10058,12:00,Partly Cloudy,21,25,NaN,NaN,NaN,NaN,61631
20211221,66463,6.330,41750,0,8659,12:35,Fine,19,28,NaN,NaN,NaN,NaN,61633
20211220,56884,5.418,37297,0,10040,13:00,Fine,17,28,NaN,NaN,NaN,NaN,61636
20211219,41320,3.935,12357,0,8726,12:40,Mostly Cloudy,21,34,NaN,NaN,NaN,NaN,61641
20211218,55408,5.277,33967,0,9363,14:05,Fine,16,33,NaN,NaN,NaN,NaN,61647
20211217,41016,3.906,26095,0,10046,13:40,Mostly Cloudy,17,25,NaN,NaN,NaN,NaN,61654
20211216,38676,3.683,29062,0,10064,12:45,Mostly Cloudy,19,24,NaN,NaN,NaN,NaN,61662
20211215,65316,6.221,52959,0,8501,12:05,Fine,13,29,NaN,NaN,NaN,NaN,61672
20211214,63203,6.019,41206,0,9181,11:50,Fine,12,24,NaN,NaN,NaN,NaN,61682
20211213,64731,6.165,59086,0,8840,12:40,Fine,16,22,NaN,NaN,NaN,NaN,61695
20211212,54958,5.234,48420,0,10065,12:00,Fine,14,21,NaN,NaN,NaN,NaN,61708
20211211,37579,3.579,28879,0,10044,13:40,Mostly Cloudy,15,21,NaN,NaN,NaN,NaN,61723
20211210,31295,2.980,23127,0,9390,10:55,Mostly Cloudy,13,22,NaN,NaN,NaN,NaN,61738
20211209,52614,5.011,41336,0,10055,11:45,Fine,16,23,NaN,NaN,NaN,NaN,61755
20211208,15842,1.509,10056,0,4488,10:55,Cloudy,17,19,NaN,NaN,NaN,NaN,61772
20211207,44650,4.252,30819,0,10025,10:45,Partly Cloudy,16,28,NaN,NaN,NaN,NaN,61790
20211206,24104,2.296,11789,0,6729,11:45,Cloudy,14,22,NaN,NaN,NaN,NaN,61809
20211205,17590,1.675,10073,0,4632,10:05,Cloudy,16,19,NaN,NaN,NaN,NaN,61828
20211204,26526,2.526,20284,0,6365,14:25,Mostly Cloudy,17,21,NaN,NaN,NaN,NaN,61848
20211203,54133,5.156,49683,0,9836,12:30,Fine,16,29,NaN,NaN,NaN,NaN,61870
20211202,63134,6.013,58553,0,10029,11:15,Fine,15,26,NaN,NaN,NaN,NaN,61891
20211201,51627,4.917,46250,0,10044,11:35,Partly Cloudy,18,26,NaN,NaN,NaN,NaN,61913
20211130,20689,1.970,15505,0,3512,09:45,Cloudy,17,21,NaN,NaN,NaN,NaN,61935
20211129,42126,4.012,36571,0,10041,10:55,Partly Cloudy,14,21,NaN,NaN,NaN,NaN,61957
20211128,32109,3.058,24625,0,8851,12:55,Mostly Cloudy,15,20,NaN,NaN,NaN,NaN,61979
20211127,20595,1.961,15789,0,4779,16:20,Cloudy,15,18,NaN,NaN,NaN,NaN,62001
20211126,13508,1.286,7540,0,8089,13:30,Cloudy,16,18,NaN,NaN,NaN,NaN,62023
20211125,21248,2.024,12824,0,5326,12:15,Cloudy,20,25,NaN,NaN,NaN,NaN,62044
20211124,42296,4.028,31954,0,10036,13:35,Partly Cloudy,17,26,NaN,NaN,NaN,NaN,62065
20211123,31386,2.989,20189,0,9434,14:40,Mostly Cloudy,16,21,NaN,NaN,NaN,NaN,62086
20211122,40395,3.847,27664,0,10051,12:10,Mostly Cloudy,15,20,NaN,NaN,NaN,NaN,62106
20211121,10965,1.044,4307,0,2355,13:20,Cloudy,15,15,NaN,NaN,NaN,NaN,62126
20211120,18586,1.770,13393,0,5424,12:45,Cloudy,17,20,NaN,NaN,NaN,NaN,62145
20211119,31351,2.986,26609,0,9083,12:05,Mostly Cloudy,16,29,NaN,NaN,NaN,NaN,62163
20211118,67351,6.414,55966,0,9574,12:00,Fine,12,25,NaN,NaN,NaN,NaN,62179
20211117,45495,4.333,37060,0,10075,10:45,Partly Cloudy,10,20,NaN,NaN,NaN,NaN,62195
20211116,69125,6.583,57992,0,10051,11:50,Fine,10,19,NaN,NaN,NaN,NaN,62209
20211115,66284,6.313,51233,0,10040,14:50,Fine,8,22,NaN,NaN,NaN,NaN,62222
20211114,52722,5.021,35107,0,10066,11:10,Fine,8,22,NaN,NaN,NaN,NaN,62233
20211113,48513,4.620,29292,0,10048,10:15,Partly Cloudy,13,20,NaN,NaN,NaN,NaN,62242
20211112,36628,3.488,20953,0,10050,12:30,Mostly Cloudy,12,20,NaN,NaN,NaN,NaN,62250
20211111,16364,1.558,9002,0,4104,12:05,Cloudy,17,18,NaN,NaN,NaN,NaN,62256
20211110,10654,1.015,4328,0,2496,11:15,Cloudy,18,21,NaN,NaN,NaN,NaN,62259
20211109,52402,4.991,37459,0,10052,12:40,Partly Cloudy,16,24,NaN,NaN,NaN,NaN,62261
20211108,45701,4.352,29786,0,10061,13:55,Partly Cloudy,17,22,NaN,NaN,NaN,NaN,62260
20211107,18991,1.809,10715,0,8542,11:25,Cloudy,15,23,NaN,NaN,NaN,NaN,62257
20211106,64944,6.185,52886,0,9559,11:15,Fine,13,24,NaN,NaN,NaN,NaN,62251
20211105,32420,3.088,16991,0,10033,14:20,Mostly Cloudy,16,23,NaN,NaN,NaN,NaN,62242
20211104,15530,1.479,4624,0,2552,13:45,Cloudy,17,20,NaN,NaN,NaN,NaN,62231
20211103,63470,6.045,53891,0,10075,10:55,Fine,14,23,NaN,NaN,NaN,NaN,62217
20211102,62171,5.921,49549,0,9130,11:50,Fine,12,24,NaN,NaN,NaN,NaN,62200
20211101,43488,4.142,30978,0,8792,11:00,Partly Cloudy,9,23,NaN,NaN,NaN,NaN,62180
20211031,52134,4.965,45820,0,10056,11:50,Partly Cloudy,9,21,NaN,NaN,NaN,NaN,62157
20211030,48803,4.648,44367,0,10072,10:45,Partly Cloudy,15,18,NaN,NaN,NaN,NaN,62131
20211029,50030,4.765,45316,0,9107,11:45,Partly Cloudy,15,32,NaN,NaN,NaN,NaN,62101
20211028,54935,5.232,44887,0,10042,11:30,Fine,14,31,NaN,NaN,NaN,NaN,62066
20211027,64319,6.126,57408,0,9145,11:00,Fine,14,24,NaN,NaN,NaN,NaN,62030
20211026,52972,5.045,43932,0,10064,13:50,Fine,9,20,NaN,NaN,NaN,NaN,61990
20211025,68478,6.522,59078,0,9194,12:10,Fine,11,21,NaN,NaN,NaN,NaN,61946
20211024,58895,5.609,50702,0,10055,11:55,Fine,16,20,NaN,NaN,NaN,NaN,61898
20211023,62314,5.935,57176,0,8703,12:05,Fine,12,28,NaN,NaN,NaN,NaN,61847
20211022,47718,4.545,42667,0,10059,13:40,Partly Cloudy,13,23,NaN,NaN,NaN,NaN,61788
20211021,57753,5.500,53094,0,10055,13:50,Fine,11,22,NaN,NaN,NaN,NaN,61729
20211020,58974,5.617,51678,0,10057,11:40,Fine,8,21,NaN,NaN,NaN,NaN,61665
20211019,52809,5.029,48506,0,10045,13:10,Fine,11,23,NaN,NaN,NaN,NaN,61598
20211018,66801,6.362,59707,0,9012,12:10,Fine,9,26,NaN,NaN,NaN,NaN,61526
20211017,67448,6.424,55092,0,9221,12:25,Fine,6,21,NaN,NaN,NaN,NaN,61446
20211016,59251,5.643,45822,0,10075,12:10,Fine,12,22,NaN,NaN,NaN,NaN,61366
20211015,44578,4.246,35452,0,10067,12:55,Partly Cloudy,13,22,NaN,NaN,NaN,NaN,61281
20211014,44256,4.215,32212,0,10068,13:30,Partly Cloudy,15,24,NaN,NaN,NaN,NaN,61192
20211013,18512,1.763,11248,0,4099,13:50,Cloudy,13,18,NaN,NaN,NaN,NaN,61099
20211012,19573,1.864,12103,0,5792,12:45,Cloudy,12,17,NaN,NaN,NaN,NaN,60997
20211011,14037,1.337,6923,0,2924,10:45,Cloudy,10,13,NaN,NaN,NaN,NaN,60895
20211010,35792,3.409,25882,0,10027,12:10,Mostly Cloudy,12,26,NaN,NaN,NaN,NaN,60788
20211009,59354,5.653,46636,0,9296,11:20,Fine,10,27,NaN,NaN,NaN,NaN,60676
20211008,62257,5.929,50078,0,10054,12:00,Fine,14,20,NaN,NaN,NaN,NaN,60555
20211007,54594,5.199,45709,0,9027,10:10,Fine,8,29,NaN,NaN,NaN,NaN,60435
20211006,67193,6.399,60885,0,9052,11:55,Fine,9,24,NaN,NaN,NaN,NaN,60310
20211005,67708,6.448,59782,0,9559,12:10,Fine,9,21,NaN,NaN,NaN,NaN,60180
20211004,61918,5.897,53201,0,9467,13:20,Fine,13,26,NaN,NaN,NaN,NaN,60046
20211003,57036,5.432,41759,0,10056,13:35,Fine,10,24,NaN,NaN,NaN,NaN,59907
20211002,47638,4.537,36565,0,10052,13:05,Partly Cloudy,9,23,NaN,NaN,NaN,NaN,59759
20211001,42383,4.036,34119,0,10028,10:35,Partly Cloudy,13,25,NaN,NaN,NaN,NaN,59611
20210930,46265,4.406,32389,0,9582,10:40,Partly Cloudy,12,23,NaN,NaN,NaN,NaN,59458
20210929,20646,1.966,14384,0,8333,08:40,Cloudy,11,21,NaN,NaN,NaN,NaN,59300
20210928,51755,4.929,41390,0,10053,12:00,Partly Cloudy,6,22,NaN,NaN,NaN,NaN,59134
20210927,43179,4.112,30931,0,10056,11:25,Partly Cloudy,7,18,NaN,NaN,NaN,NaN,58968
20210926,33191,3.161,19583,0,8199,14:10,Mostly Cloudy,10,15,NaN,NaN,NaN,NaN,58797
20210925,59940,5.709,52757,0,10067,13:05,Fine,7,20,NaN,NaN,NaN,NaN,58621
20210924,61223,5.831,45307,0,10036,11:50,Fine,7,26,NaN,NaN,NaN,NaN,58438
20210923,63288,6.027,57173,0,8762,11:20,Fine,7,27,NaN,NaN,NaN,NaN,58254
20210922,64983,6.189,53073,0,10055,10:35,Fine,7,18,NaN,NaN,NaN,NaN,58065
20210921,54942,5.233,46039,0,10043,10:55,Fine,8,16,NaN,NaN,NaN,NaN,57872
20210920,63550,6.052,53028,0,8912,12:10,Fine,7,25,NaN,NaN,NaN,NaN,57674
20210919,64314,6.125,46028,0,9088,11:10,Fine,5,23,NaN,NaN,NaN,NaN,57471
20210918,16857,1.605,10599,0,3800,11:40,Cloudy,12,23,NaN,NaN,NaN,NaN,57266
20210917,63179,6.017,53681,0,8942,11:40,Fine,5,21,NaN,NaN,NaN,NaN,57056
20210916,51528,4.907,40169,0,10066,11:05,Partly Cloudy,7,16,NaN,NaN,NaN,NaN,56842
20210915,55275,5.264,41548,0,10017,12:05,Fine,7,17,NaN,NaN,NaN,NaN,56625
20210914,42390,4.037,29444,0,10060,10:15,Partly Cloudy,9,15,NaN,NaN,NaN,NaN,56403
20210913,31788,3.027,25570,0,9233,12:15,Mostly Cloudy,11,17,NaN,NaN,NaN,NaN,56178
20210912,61815,5.887,52036,0,8662,11:20,Fine,9,29,NaN,NaN,NaN,NaN,55950
20210911,61498,5.857,47314,0,8790,11:25,Fine,7,28,NaN,NaN,NaN,NaN,55718
20210910,48733,4.641,40410,0,10049,11:10,Partly Cloudy,9,24,NaN,NaN,NaN,NaN,55482
20210909,55342,5.271,45966,0,9695,11:40,Fine,6,27,NaN,NaN,NaN,NaN,55244
20210908,60475,5.760,49943,0,8666,11:50,Fine,5,22,NaN,NaN,NaN,NaN,55002
20210907,62674,5.969,56120,0,8896,11:35,Fine,4,23,NaN,NaN,NaN,NaN,54757
20210906,59173,5.636,47279,0,10042,12:05,Fine,8,18,NaN,NaN,NaN,NaN,54510
20210905,48110,4.582,33285,0,10038,11:30,Partly Cloudy,13,18,NaN,NaN,NaN,NaN,54259
20210904,17762,1.692,12187,0,6257,11:55,Cloudy,12,22,NaN,NaN,NaN,NaN,54006
20210903,56374,5.369,39722,0,8216,11:50,Fine,9,24,NaN,NaN,NaN,NaN,53750
20210902,40027,3.812,30204,0,9691,11:25,Mostly Cloudy,9,22,NaN,NaN,NaN,NaN,53492
20210901,56854,5.415,42286,0,8215,11:15,Fine,4,24,NaN,NaN,NaN,NaN,53232
20210831,57589,5.485,49604,0,8338,11:25,Fine,4,22,NaN,NaN,NaN,NaN,52970
20210830,52156,4.967,36203,0,8729,11:40,Partly Cloudy,3,19,NaN,NaN,NaN,NaN,52705
20210829,26465,2.520,14299,0,8649,12:20,Mostly Cloudy,4,17,NaN,NaN,NaN,NaN,52439
20210828,23461,2.234,11592,0,10034,11:30,Cloudy,6,17,NaN,NaN,NaN,NaN,52171
20210827,43033,4.098,29645,0,10051,12:50,Partly Cloudy,3,20,NaN,NaN,NaN,NaN,51902
20210826,48319,4.602,30226,0,10060,12:05,Partly Cloudy,4,17,NaN,NaN,NaN,NaN,51631
20210825,26079,2.484,13422,0,10037,12:05,Cloudy,8,15,NaN,NaN,NaN,NaN,51359
20210824,3717,0.354,272,0,2432,11:50,Showers,9,10,NaN,NaN,NaN,NaN,51086
20210823,24777,2.360,12650,0,8716,10:35,Cloudy,9,24,NaN,NaN,NaN,NaN,50812
20210822,51125,4.869,36722,0,8031,11:35,Partly Cloudy,6,26,NaN,NaN,NaN,NaN,50537
20210821,32123,3.059,15752,0,8848,12:15,Mostly Cloudy,9,23,NaN,NaN,NaN,NaN,50262
20210820,53743,5.118,42144,0,8180,12:05,Fine,7,23,NaN,NaN,NaN,NaN,49986
20210819,48732,4.641,39212,0,8684,12:05,Partly Cloudy,4,21,NaN,NaN,NaN,NaN,49710
20210818,49920,4.754,38723,0,8866,12:25,Partly Cloudy,6,19,NaN,NaN,NaN,NaN,49434
20210817,55641,5.299,41387,0,8359,11:15,Fine,5,18,NaN,NaN,NaN,NaN,49159
20210816,54400,5.181,43038,0,8411,11:55,Fine,2,22,NaN,NaN,NaN,NaN,48883
20210815,55135,5.251,48099,0,8506,11:45,Fine,4,20,NaN,NaN,NaN,NaN,48608
20210814,51719,4.926,39431,0,8090,11:45,Partly Cloudy,3,20,NaN,NaN,NaN,NaN,48334
20210813,54156,5.158,37911,0,8320,11:20,Fine,3,19,NaN,NaN,NaN,NaN,48060
20210812,53154,5.062,43164,0,8420,11:35,Fine,19,19,NaN,NaN,NaN,NaN,47788
20210811,49417,4.706,41857,0,8289,13:55,Partly Cloudy,23,23,NaN,NaN,NaN,NaN,47517
20210810,44995,4.285,31445,0,8122,12:30,Partly Cloudy,5,21,NaN,NaN,NaN,NaN,47247
20210809,41067,3.911,28712,0,9212,11:10,Mostly Cloudy,6,18,NaN,NaN,NaN,NaN,46978
20210808,16217,1.544,6605,0,7345,10:05,Cloudy,9,16,NaN,NaN,NaN,NaN,46712
20210807,52190,4.970,43174,0,8264,11:40,Partly Cloudy,4,19,NaN,NaN,NaN,NaN,46447
20210806,51051,4.862,43809,0,8163,11:50,Partly Cloudy,4,20,NaN,NaN,NaN,NaN,46184
20210805,50348,4.795,40049,0,8535,12:10,Partly Cloudy,4,19,NaN,NaN,NaN,NaN,45924
20210804,50918,4.849,36521,0,8787,11:55,Partly Cloudy,4,15,NaN,NaN,NaN,NaN,45666
20210803,48157,4.586,34148,0,8450,11:55,Partly Cloudy,9,19,NaN,NaN,NaN,NaN,45411
20210802,39127,3.726,28860,0,10049,12:00,Mostly Cloudy,4,18,NaN,NaN,NaN,NaN,45158
20210801,24558,2.339,16371,0,9448,12:25,Cloudy,11,25,NaN,NaN,NaN,NaN,44909
20210731,33935,3.232,21958,0,9959,12:50,Mostly Cloudy,3,22,NaN,NaN,NaN,NaN,44663
20210730,49697,4.733,39034,0,8134,11:35,Partly Cloudy,1,18,NaN,NaN,NaN,NaN,44420
20210729,49013,4.668,36019,0,8224,12:00,Partly Cloudy,10,17,NaN,NaN,NaN,NaN,44181
20210728,38123,3.631,25833,0,8116,12:35,Mostly Cloudy,7,25,NaN,NaN,NaN,NaN,43945
20210727,44211,4.211,30735,0,8823,12:20,Partly Cloudy,5,20,NaN,NaN,NaN,NaN,43714
20210726,29102,2.772,19612,0,9417,11:50,Mostly Cloudy,4,19,NaN,NaN,NaN,NaN,43486
20210725,46769,4.454,31054,0,8828,12:25,Partly Cloudy,10,15,NaN,NaN,NaN,NaN,43263
20210724,37816,3.602,20962,0,8785,11:35,Mostly Cloudy,8,18,NaN,NaN,NaN,NaN,43044
20210723,19821,1.888,8748,0,8520,12:05,Cloudy,7,16,NaN,NaN,NaN,NaN,42830
20210722,45906,4.372,32050,0,7961,11:55,Partly Cloudy,2,17,NaN,NaN,NaN,NaN,42620
20210721,39505,3.762,17252,0,10011,11:25,Mostly Cloudy,8,14,NaN,NaN,NaN,NaN,42415
20210720,26964,2.568,11053,0,8817,10:45,Mostly Cloudy,3,15,NaN,NaN,NaN,NaN,42216
20210719,34009,3.239,19967,0,10050,11:35,Mostly Cloudy,2,15,NaN,NaN,NaN,NaN,42021
20210718,45089,4.294,34039,0,7887,11:30,Partly Cloudy,8,18,NaN,NaN,NaN,NaN,41832
20210717,41477,3.950,30826,0,10015,11:20,Mostly Cloudy,12,15,NaN,NaN,NaN,NaN,41649
20210716,38832,3.698,20531,0,9036,11:15,Mostly Cloudy,7,18,NaN,NaN,NaN,NaN,41471
20210715,36294,3.457,20985,0,8781,12:05,Mostly Cloudy,9,22,NaN,NaN,NaN,NaN,41299
20210714,4297,0.409,872,0,1478,10:40,Showers,6,14,NaN,NaN,NaN,NaN,41133
20210713,36236,3.451,21776,0,8280,12:00,Mostly Cloudy,3,19,NaN,NaN,NaN,NaN,40973
20210712,31460,2.996,14881,0,7723,13:05,Mostly Cloudy,5,17,NaN,NaN,NaN,NaN,40819
20210711,26901,2.562,12790,0,9071,11:55,Mostly Cloudy,7,17,NaN,NaN,NaN,NaN,40672
20210710,10381,0.989,4779,0,2404,10:20,Showers,10,14,NaN,NaN,NaN,NaN,40531
20210709,5404,0.515,985,0,1653,10:30,Showers,5,12,NaN,NaN,NaN,NaN,40397
20210708,31622,3.012,14802,0,6840,10:30,Mostly Cloudy,2,17,NaN,NaN,NaN,NaN,40269
20210707,34163,3.254,17847,0,7872,11:00,Mostly Cloudy,2,17,NaN,NaN,NaN,NaN,40148
20210706,37547,3.576,13941,0,7694,11:35,Mostly Cloudy,4,16,NaN,NaN,NaN,NaN,40034
20210705,40664,3.873,22918,0,7682,11:50,Mostly Cloudy,2,16,NaN,NaN,NaN,NaN,39927
20210704,42277,4.026,23859,0,7879,11:50,Partly Cloudy,3,15,NaN,NaN,NaN,NaN,39827
20210703,38377,3.655,19760,0,7425,11:30,Mostly Cloudy,4,19,NaN,NaN,NaN,NaN,39734
20210702,27782,2.646,15257,0,9406,11:05,Mostly Cloudy,9,19,NaN,NaN,NaN,NaN,39649
20210701,15680,1.493,6391,0,8606,12:20,Cloudy,9,17,NaN,NaN,NaN,NaN,39571
20210630,19875,1.893,9781,0,8081,11:30,Cloudy,9,18,NaN,NaN,NaN,NaN,39500
20210629,18017,1.716,3766,0,8092,12:45,Cloudy,5,16,NaN,NaN,NaN,NaN,39436
20210628,14133,1.346,6314,0,7159,10:30,Cloudy,4,16,NaN,NaN,NaN,NaN,39381
20210627,40104,3.819,28804,0,7606,11:40,Mostly Cloudy,2,19,NaN,NaN,NaN,NaN,39332
20210626,38562,3.673,31866,0,7830,12:45,Mostly Cloudy,4,18,NaN,NaN,NaN,NaN,39292
20210625,40166,3.825,32285,0,7630,11:45,Mostly Cloudy,8,19,NaN,NaN,NaN,NaN,39259
20210624,19479,1.855,8431,0,9108,13:00,Cloudy,9,21,NaN,NaN,NaN,NaN,39233
20210623,23184,2.208,11806,0,7632,12:20,Cloudy,7,18,NaN,NaN,NaN,NaN,39216
20210622,18193,1.733,11696,0,8640,10:35,Cloudy,7,17,NaN,NaN,NaN,NaN,39206
20210621,19495,1.857,13908,0,7570,11:15,Cloudy,8,16,NaN,NaN,NaN,NaN,39203
20210620,13720,1.307,8917,0,8720,12:50,Cloudy,11,15,NaN,NaN,NaN,NaN,39209
20210619,6560,0.625,1304,0,1668,11:25,Showers,10,15,NaN,NaN,NaN,NaN,39222
20210618,36615,3.487,28302,0,8785,12:20,Mostly Cloudy,3,18,NaN,NaN,NaN,NaN,39243
20210617,41231,3.927,17234,0,7671,12:05,Mostly Cloudy,8,17,NaN,NaN,NaN,NaN,39272
20210616,37100,3.533,21874,0,7347,11:30,Mostly Cloudy,4,19,NaN,NaN,NaN,NaN,39308
20210615,12031,1.146,3946,0,5440,12:15,Cloudy,8,17,NaN,NaN,NaN,NaN,39353
20210614,19540,1.861,8004,0,7204,10:40,Cloudy,6,17,NaN,NaN,NaN,NaN,39404
20210613,40259,3.834,33715,0,7549,11:25,Mostly Cloudy,3,18,NaN,NaN,NaN,NaN,39464
20210612,39048,3.719,24934,0,8352,11:40,Mostly Cloudy,4,17,NaN,NaN,NaN,NaN,39530
20210611,29109,2.772,10521,0,8289,12:35,Mostly Cloudy,3,15,NaN,NaN,NaN,NaN,39605
20210610,6384,0.608,1726,0,1518,09:50,Showers,2,10,NaN,NaN,NaN,NaN,39687
20210609,38232,3.641,22486,0,8464,11:30,Mostly Cloudy,8,15,NaN,NaN,NaN,NaN,39776
20210608,16150,1.538,6622,0,7566,13:35,Cloudy,NaN,NaN,NaN,NaN,NaN,NaN,39873
20210607,36929,3.517,15928,0,7719,11:15,Mostly Cloudy,NaN,NaN,NaN,NaN,NaN,NaN,39977
20210606,40816,3.887,37861,0,7525,11:35,Mostly Cloudy,NaN,NaN,NaN,NaN,NaN,NaN,40088
20210605,41785,3.980,37599,0,7649,11:45,Mostly Cloudy,NaN,NaN,NaN,NaN,NaN,NaN,40206
20210604,30775,2.931,27446,0,8009,12:45,Mostly Cloudy,NaN,NaN,NaN,NaN,NaN,NaN,40331
20210603,4387,0.418,333,0,1465,12:05,Showers,NaN,NaN,NaN,NaN,NaN,NaN,40463
20210602,40856,3.891,27566,0,7474,11:30,Mostly Cloudy,NaN,NaN,NaN,NaN,NaN,NaN,40601
20210601,35238,3.356,22686,0,8979,11:10,Mostly Cloudy,NaN,NaN,NaN,NaN,NaN,NaN,40747
20210531,35671,3.397,23549,0,7532,11:25,Mostly Cloudy,NaN,NaN,NaN,NaN,NaN,NaN,40898
20210530,18228,1.736,6607,0,8176,13:30,Cloudy,NaN,NaN,NaN,NaN,NaN,NaN,41056
20210529,25894,2.466,18487,0,9224,12:05,Cloudy,NaN,NaN,NaN,NaN,NaN,NaN,41221
20210528,44922,4.278,28259,0,7972,11:20,Partly Cloudy,NaN,NaN,NaN,NaN,NaN,NaN,41391
20210527,27508,2.620,17497,0,7891,11:40,Mostly Cloudy,NaN,NaN,NaN,NaN,NaN,NaN,41570
20210526,44137,4.204,39946,0,7890,11:35,Partly Cloudy,11,21,NaN,NaN,NaN,NaN,41753
20210525,38467,3.664,21053,0,7609,12:00,Mostly Cloudy,7,21,NaN,NaN,NaN,NaN,41941
20210524,13857,1.320,8178,0,7694,10:15,Cloudy,9,19,NaN,NaN,NaN,NaN,42136
20210523,23915,2.278,13580,0,8872,11:40,Cloudy,7,20,NaN,NaN,NaN,NaN,42335
20210522,38411,3.658,29275,0,7599,11:35,Mostly Cloudy,5,20,NaN,NaN,NaN,NaN,42540
20210521,9731,0.927,2915,0,3693,11:10,Showers,5,17,NaN,NaN,NaN,NaN,42750
20210520,38647,3.681,25814,0,9269,11:15,Mostly Cloudy,4,21,NaN,NaN,NaN,NaN,42964
20210519,46667,4.444,34633,0,7859,11:35,Partly Cloudy,4,20,NaN,NaN,NaN,NaN,43187
20210518,46294,4.409,38282,0,7740,11:20,Partly Cloudy,4,19,NaN,NaN,NaN,NaN,43412
20210517,36030,3.431,27597,0,9228,12:45,Mostly Cloudy,8,18,NaN,NaN,NaN,NaN,43641
20210516,49281,4.693,40931,0,8119,11:50,Partly Cloudy,5,18,NaN,NaN,NaN,NaN,43874
20210515,31008,2.953,21976,0,9641,10:20,Mostly Cloudy,5,18,NaN,NaN,NaN,NaN,44112
20210514,50791,4.837,38109,0,8378,11:30,Partly Cloudy,9,19,NaN,NaN,NaN,NaN,44353
20210513,46935,4.470,41774,0,7800,11:35,Partly Cloudy,11,23,NaN,NaN,NaN,NaN,44598
20210512,42339,4.032,33506,0,9247,10:40,Partly Cloudy,10,20,NaN,NaN,NaN,NaN,44850
20210511,32112,3.058,22179,0,8595,13:05,Mostly Cloudy,11,22,NaN,NaN,NaN,NaN,45103
20210510,46348,4.414,35793,0,8156,13:20,Partly Cloudy,10,24,NaN,NaN,NaN,NaN,45359
20210509,11133,1.060,6080,0,2428,12:25,Cloudy,13,20,NaN,NaN,NaN,NaN,45618
20210508,38264,3.644,27363,0,9073,11:10,Mostly Cloudy,12,25,NaN,NaN,NaN,NaN,45880
20210507,27079,2.579,23522,0,10035,12:05,Mostly Cloudy,17,22,NaN,NaN,NaN,NaN,46144
20210506,17671,1.683,9600,0,9630,12:55,Cloudy,16,21,NaN,NaN,NaN,NaN,46413
20210505,13892,1.323,6579,0,7133,14:05,Cloudy,14,20,NaN,NaN,NaN,NaN,46683
20210504,4233,0.403,215,0,1283,13:15,Showers,11,16,NaN,NaN,NaN,NaN,46955
20210503,45603,4.343,32406,0,7680,12:00,Partly Cloudy,10,25,NaN,NaN,NaN,NaN,47229
20210502,39948,3.805,24942,0,8314,12:10,Mostly Cloudy,10,23,NaN,NaN,NaN,NaN,47504
20210501,31192,2.971,27720,0,9759,11:40,Mostly Cloudy,10,23,NaN,NaN,NaN,NaN,47781
20210430,34784,3.313,31239,0,9294,12:15,Mostly Cloudy,8,22,NaN,NaN,NaN,NaN,48061
20210429,46554,4.434,31369,0,7408,11:35,Partly Cloudy,9,23,NaN,NaN,NaN,NaN,48341
20210428,35812,3.411,26543,0,9604,11:25,Mostly Cloudy,10,22,NaN,NaN,NaN,NaN,48622
20210427,40287,3.837,32688,0,8705,12:10,Mostly Cloudy,NaN,NaN,NaN,NaN,NaN,NaN,48903
20210426,51394,4.895,46335,0,8020,12:20,Partly Cloudy,8,22,NaN,NaN,NaN,NaN,49185
20210425,44116,4.202,34889,0,8978,11:55,Partly Cloudy,6,21,NaN,NaN,NaN,NaN,49469
20210424,51491,4.904,36502,0,9070,11:35,Partly Cloudy,6,22,NaN,NaN,NaN,NaN,49752
20210423,55833,5.317,45144,0,8478,11:35,Fine,6,21,NaN,NaN,NaN,NaN,50035
20210422,54699,5.209,47336,0,8726,13:10,Fine,6,19,NaN,NaN,NaN,NaN,50319
20210421,57040,5.432,51247,0,9191,11:40,Fine,8,20,NaN,NaN,NaN,NaN,50601
20210420,39951,3.805,30978,0,8386,10:45,Mostly Cloudy,6,22,NaN,NaN,NaN,NaN,50884
20210419,55758,5.310,49850,0,8237,12:05,Fine,8,24,NaN,NaN,NaN,NaN,51166
20210418,43654,4.158,29315,0,9611,12:30,Partly Cloudy,7,22,NaN,NaN,NaN,NaN,51447
20210417,10263,0.977,4286,0,3740,11:10,Showers,12,19,NaN,NaN,NaN,NaN,51727
20210416,35024,3.336,24430,0,10040,11:00,Mostly Cloudy,15,21,NaN,NaN,NaN,NaN,52006
20210415,56154,5.348,45251,0,8843,13:00,Fine,9,25,NaN,NaN,NaN,NaN,52284
20210414,45870,4.369,39363,0,10053,11:55,Partly Cloudy,7,27,NaN,NaN,NaN,NaN,52561
20210413,60005,5.715,51642,0,8671,11:55,Fine,8,22,NaN,NaN,NaN,NaN,52835
20210412,61561,5.863,55247,0,8879,11:50,Fine,8,19,NaN,NaN,NaN,NaN,53108
20210411,63277,6.026,56093,0,9325,11:30,Fine,9,18,NaN,NaN,NaN,NaN,53379
20210410,51917,4.944,43221,0,9398,10:10,Partly Cloudy,15,23,NaN,NaN,NaN,NaN,53648
20210409,35762,3.406,31797,0,8267,13:35,Mostly Cloudy,14,28,NaN,NaN,NaN,NaN,53915
20210408,45896,4.371,41286,0,9673,12:15,Partly Cloudy,16,25,NaN,NaN,NaN,NaN,54179
20210407,17514,1.668,13355,0,9960,13:55,Cloudy,16,24,NaN,NaN,NaN,NaN,54440
20210406,44605,4.248,40486,0,10045,11:40,Partly Cloudy,16,26,NaN,NaN,NaN,NaN,54699
20210405,0,0.000,0,0,0,20:15,Not Sure,14,26,NaN,NaN,NaN,NaN,54956
20210401,50912,4.849,46339,0,10037,13:05,Partly Cloudy,13,24,NaN,NaN,NaN,NaN,55950
20210331,57897,5.514,53671,0,10037,13:20,Fine,14,23,NaN,NaN,NaN,NaN,56190
20210330,33720,3.211,30594,0,10043,12:55,Mostly Cloudy,15,22,NaN,NaN,NaN,NaN,56427
20210329,52887,5.037,48514,0,9950,13:35,Fine,13,25,NaN,NaN,NaN,NaN,56660
20210328,58850,5.605,54172,0,9874,13:20,Fine,13,24,NaN,NaN,NaN,NaN,56889
20210327,57437,5.470,52601,0,9556,13:00,Fine,14,27,NaN,NaN,NaN,NaN,57115
20210326,53887,5.132,49422,0,10033,11:55,Fine,13,23,NaN,NaN,NaN,NaN,57337
20210325,48778,4.646,38747,0,10014,13:10,Partly Cloudy,14,27,NaN,NaN,NaN,NaN,57554
20210324,58139,5.537,48114,0,10046,12:00,Fine,14,28,NaN,NaN,NaN,NaN,57768
20210323,6459,0.615,629,0,2020,15:10,Showers,17,20,NaN,NaN,NaN,NaN,57977
20210322,7043,0.671,1943,0,1618,11:20,Showers,17,20,NaN,NaN,NaN,NaN,58182
20210321,5985,0.570,1571,0,1902,12:15,Showers,19,20,NaN,NaN,NaN,NaN,58383
20210320,3139,0.299,419,0,1119,12:10,Showers,18,20,NaN,NaN,NaN,NaN,58580
20210319,18245,1.738,13030,0,5651,13:30,Cloudy,17,23,NaN,NaN,NaN,NaN,58771
20210318,3428,0.326,59,0,842,13:35,Showers,17,21,NaN,NaN,NaN,NaN,58959
20210317,20908,1.991,12922,0,10027,14:00,Cloudy,16,22,NaN,NaN,NaN,NaN,59142
20210316,21238,2.023,14254,0,10025,12:10,Cloudy,14,21,NaN,NaN,NaN,NaN,59320
20210315,65705,6.258,54885,0,9964,12:45,Fine,11,22,NaN,NaN,NaN,NaN,59494
20210314,6845,0.652,2334,0,2606,13:05,Showers,19,20,NaN,NaN,NaN,NaN,59663
20210313,51647,4.919,22096,0,9692,14:20,Partly Cloudy,17,30,NaN,NaN,NaN,NaN,59828
20210312,24703,2.353,10518,0,8905,15:30,Cloudy,20,27,NaN,NaN,NaN,NaN,59987
20210311,28624,2.726,21943,0,10041,12:05,Mostly Cloudy,17,26,NaN,NaN,NaN,NaN,60142
20210310,29689,2.828,20600,0,10050,12:25,Mostly Cloudy,18,25,NaN,NaN,NaN,NaN,60292
20210309,52537,5.004,40169,0,10031,12:30,Fine,16,27,NaN,NaN,NaN,NaN,60438
20210308,37236,3.546,22349,0,10032,13:10,Mostly Cloudy,16,31,NaN,NaN,NaN,NaN,60578
20210307,53099,5.057,47908,0,10046,13:50,Fine,14,25,NaN,NaN,NaN,NaN,60714
20210306,49335,4.699,44892,0,10047,14:35,Partly Cloudy,17,23,NaN,NaN,NaN,NaN,60845
20210305,53253,5.072,48013,0,10044,12:10,Fine,13,24,NaN,NaN,NaN,NaN,60971
20210304,66156,6.301,58714,0,9621,12:45,Fine,14,28,NaN,NaN,NaN,NaN,61092
20210303,38663,3.682,28682,0,10042,11:35,Mostly Cloudy,17,22,NaN,NaN,NaN,NaN,61209
20210302,59259,5.644,45204,0,10039,12:35,Fine,17,23,NaN,NaN,NaN,NaN,61321
20210301,61095,5.819,39510,0,8689,12:45,Fine,17,30,NaN,NaN,NaN,NaN,61428
20210228,60365,5.749,53322,0,9343,11:35,Fine,17,26,NaN,NaN,NaN,NaN,61531
20210227,14095,1.342,4981,0,2997,14:10,Cloudy,19,23,NaN,NaN,NaN,NaN,61629
20210226,65535,6.241,57521,0,9024,12:45,Fine,15,25,NaN,NaN,NaN,NaN,61722
20210225,15649,1.490,8897,0,7836,13:20,Cloudy,15,23,NaN,NaN,NaN,NaN,61811
20210224,23721,2.259,17869,0,10042,11:55,Cloudy,16,22,NaN,NaN,NaN,NaN,61895
20210223,14008,1.334,6099,0,4259,14:45,Cloudy,19,21,NaN,NaN,NaN,NaN,61975
20210222,57879,5.512,28316,0,9938,12:15,Fine,18,27,NaN,NaN,NaN,NaN,62050
20210221,63045,6.004,55982,0,9379,13:50,Fine,19,27,NaN,NaN,NaN,NaN,62121
20210220,47356,4.510,42482,0,10070,12:05,Partly Cloudy,18,28,NaN,NaN,NaN,NaN,62188
20210219,43784,4.170,38406,0,10065,12:15,Partly Cloudy,17,27,NaN,NaN,NaN,NaN,62250
20210218,35189,3.351,21958,0,8854,13:05,Mostly Cloudy,15,24,NaN,NaN,NaN,NaN,62308
20210217,47091,4.485,39270,0,10065,13:35,Partly Cloudy,16,24,NaN,NaN,NaN,NaN,62362
20210216,39935,3.803,30749,0,10046,13:25,Mostly Cloudy,18,25,NaN,NaN,NaN,NaN,62412
20210215,34002,3.238,25720,0,10013,15:00,Mostly Cloudy,18,23,NaN,NaN,NaN,NaN,62458
20210214,57259,5.453,41985,0,10050,12:15,Fine,16,23,NaN,NaN,NaN,NaN,62501
20210213,9809,0.934,4623,0,3661,13:20,Showers,20,22,NaN,NaN,NaN,NaN,62540
20210212,43381,4.132,25469,0,10035,14:20,Partly Cloudy,17,33,NaN,NaN,NaN,NaN,62575
20210211,64868,6.178,57372,0,9461,11:10,Fine,15,27,NaN,NaN,NaN,NaN,62607
20210210,51242,4.880,42640,0,10060,13:20,Partly Cloudy,15,24,NaN,NaN,NaN,NaN,62635
20210209,39392,3.752,24023,0,10053,13:30,Mostly Cloudy,17,24,NaN,NaN,NaN,NaN,62660
20210208,29284,2.789,14459,0,8572,15:15,Mostly Cloudy,19,23,NaN,NaN,NaN,NaN,62682
20210207,61217,5.830,33275,0,10052,12:05,Fine,17,26,NaN,NaN,NaN,NaN,62700
20210206,15539,1.480,1831,0,3296,12:25,Cloudy,21,25,NaN,NaN,NaN,NaN,62716
20210205,66803,6.362,43250,0,9201,13:20,Fine,18,28,NaN,NaN,NaN,NaN,62729
20210204,63084,6.008,53158,0,9004,12:50,Fine,15,28,NaN,NaN,NaN,NaN,62739
20210203,61659,5.872,50394,0,10069,13:35,Fine,16,24,NaN,NaN,NaN,NaN,62746
20210202,41641,3.966,29863,0,10070,11:35,Mostly Cloudy,17,23,NaN,NaN,NaN,NaN,62751
20210201,42395,4.038,30090,0,10055,13:25,Partly Cloudy,20,27,NaN,NaN,NaN,NaN,62754
20210131,14811,1.411,8909,0,3376,16:05,Cloudy,21,23,NaN,NaN,NaN,NaN,62754
20210130,33725,3.212,18422,0,10048,15:00,Mostly Cloudy,20,29,NaN,NaN,NaN,NaN,62752
20210129,14527,1.384,3364,0,3134,10:35,Cloudy,18,21,NaN,NaN,NaN,NaN,62749
20210128,18495,1.761,10222,0,4159,11:55,Cloudy,18,22,NaN,NaN,NaN,NaN,62743
20210127,13453,1.281,6009,0,4137,12:25,Cloudy,21,23,NaN,NaN,NaN,NaN,62735
20210126,59097,5.628,40416,0,9947,13:55,Fine,19,39,NaN,NaN,NaN,NaN,62726
20210125,66676,6.350,33278,0,10044,13:30,Fine,21,32,NaN,NaN,NaN,NaN,62715
20210124,62954,5.996,13662,0,8523,12:50,Fine,20,35,NaN,NaN,NaN,NaN,62703
20210123,64329,6.127,49191,0,8618,12:40,Fine,20,32,NaN,NaN,NaN,NaN,62690
20210122,63875,6.083,40975,0,8535,12:45,Fine,15,34,NaN,NaN,NaN,NaN,62675
20210121,67289,6.408,57761,0,9904,11:30,Fine,11,27,NaN,NaN,NaN,NaN,62659
20210120,26321,2.507,18041,0,7580,14:35,Mostly Cloudy,16,22,NaN,NaN,NaN,NaN,62643
20210119,36060,3.434,27021,0,10047,11:50,Mostly Cloudy,18,23,NaN,NaN,NaN,NaN,62627
20210118,66653,6.348,41334,0,8986,12:05,Fine,15,29,NaN,NaN,NaN,NaN,62609
20210117,66240,6.309,54948,0,10058,12:45,Fine,12,25,NaN,NaN,NaN,NaN,62591
20210116,70484,6.713,60616,0,9209,12:30,Fine,17,26,NaN,NaN,NaN,NaN,62573
20210115,64309,6.125,22103,0,10030,14:55,Fine,20,28,NaN,NaN,NaN,NaN,62554
20210114,60594,5.771,23234,0,8450,12:30,Fine,20,33,NaN,NaN,NaN,NaN,62535
20210113,67110,6.391,23982,0,9633,12:30,Fine,18,29,NaN,NaN,NaN,NaN,62516
20210115,64309,6.125,22103,0,10030,14:55,Fine,20,28,NaN,NaN,NaN,NaN,62554
20210114,60594,5.771,23234,0,8450,12:30,Fine,20,33,NaN,NaN,NaN,NaN,62535
20210113,67110,6.391,23982,0,9633,12:30,Fine,18,29,NaN,NaN,NaN,NaN,62516
20210112,60558,5.767,34348,0,10045,12:25,Fine,16,30,NaN,NaN,NaN,NaN,62497
20210111,67847,6.462,53109,0,9020,13:05,Fine,15,27,NaN,NaN,NaN,NaN,62478
20210110,68776,6.550,52997,0,9281,13:25,Fine,14,27,NaN,NaN,NaN,NaN,62459
20210109,63175,6.017,53201,0,10043,12:00,Fine,13,24,NaN,NaN,NaN,NaN,62441
20210108,37933,3.613,27366,0,10027,14:55,Mostly Cloudy,17,22,NaN,NaN,NaN,NaN,62423
20210107,46063,4.387,37224,0,10043,11:25,Partly Cloudy,18,22,NaN,NaN,NaN,NaN,62406
20210106,31621,3.012,23762,0,10051,13:45,Mostly Cloudy,19,24,NaN,NaN,NaN,NaN,62389
20210105,49032,4.670,32205,0,10036,14:05,Partly Cloudy,17,28,NaN,NaN,NaN,NaN,62373
20210104,29069,2.768,14821,0,7052,11:15,Mostly Cloudy,18,28,NaN,NaN,NaN,NaN,62358
20210103,31726,3.022,17664,0,10028,14:10,Mostly Cloudy,19,26,NaN,NaN,NaN,NaN,62344
20210102,24308,2.315,11112,0,6756,12:45,Cloudy,16,22,NaN,NaN,NaN,NaN,62331
20210101,18464,1.758,9313,0,3188,13:25,Cloudy,17,21,NaN,NaN,NaN,NaN,62318
20201231,31760,3.025,17713,0,6199,12:25,Mostly Cloudy,15,23,NaN,NaN,NaN,NaN,62307
20201230,31322,2.983,19416,0,10063,13:55,Mostly Cloudy,17,23,NaN,NaN,NaN,NaN,62297
20201229,11199,1.067,3785,0,3870,10:05,Cloudy,16,19,NaN,NaN,NaN,NaN,62288
20201228,42852,4.081,31749,0,10055,12:35,Partly Cloudy,19,27,NaN,NaN,NaN,NaN,62280
20201227,66170,6.302,45840,0,8694,12:40,Fine,15,30,NaN,NaN,NaN,NaN,62274
20201226,31262,2.977,20133,0,10048,13:45,Mostly Cloudy,17,25,NaN,NaN,NaN,NaN,62268
20201225,23119,2.202,10148,0,6241,13:15,Cloudy,17,21,NaN,NaN,NaN,NaN,62264
20201224,58982,5.617,40539,0,9782,12:40,Fine,15,26,NaN,NaN,NaN,NaN,62261
20201223,66172,6.302,53489,0,10030,11:30,Fine,15,24,NaN,NaN,NaN,NaN,62260
20201222,39189,3.732,26316,0,9993,13:20,Mostly Cloudy,17,27,NaN,NaN,NaN,NaN,62260
20201221,18799,1.790,11301,0,3867,10:30,Cloudy,17,23,NaN,NaN,NaN,NaN,62262
20201220,26206,2.496,10161,0,8772,14:50,Cloudy,17,23,NaN,NaN,NaN,NaN,62265
20201219,11899,1.133,4529,0,2617,11:15,Cloudy,19,19,NaN,NaN,NaN,NaN,62269
20201218,30841,2.937,16529,0,10040,14:55,Mostly Cloudy,20,32,NaN,NaN,NaN,NaN,62275
20201217,52238,4.975,43531,0,10026,13:15,Partly Cloudy,21,31,NaN,NaN,NaN,NaN,62282
20201216,41109,3.915,22866,0,10033,10:30,Mostly Cloudy,21,27,NaN,NaN,NaN,NaN,62290
20201215,27981,2.665,14136,0,10052,13:15,Mostly Cloudy,18,26,NaN,NaN,NaN,NaN,62299
20201214,30406,2.896,15582,0,10033,10:55,Mostly Cloudy,17,24,NaN,NaN,NaN,NaN,62309
20201213,42649,4.062,29826,0,10063,13:50,Partly Cloudy,13,24,NaN,NaN,NaN,NaN,62322
20201212,53267,5.073,41543,0,10056,12:25,Fine,16,24,NaN,NaN,NaN,NaN,62335
20201211,54020,5.145,44730,0,10052,12:35,Fine,16,21,NaN,NaN,NaN,NaN,62349
20201210,59392,5.656,47733,0,10042,12:50,Fine,14,27,NaN,NaN,NaN,NaN,62364
20201209,68841,6.556,56467,0,9319,11:45,Fine,12,25,NaN,NaN,NaN,NaN,62381
20201208,60721,5.783,50053,0,10059,13:15,Fine,15,22,NaN,NaN,NaN,NaN,62398
20201207,69768,6.645,50056,0,9182,12:50,Fine,13,29,NaN,NaN,NaN,NaN,62416
20201206,69479,6.617,31462,0,9140,12:25,Fine,20,29,NaN,NaN,NaN,NaN,62435
20201205,16912,1.611,4472,0,4290,13:05,Cloudy,19,24,NaN,NaN,NaN,NaN,62455
20201204,67095,6.390,20355,0,8835,12:10,Fine,16,33,NaN,NaN,NaN,NaN,62475
20201203,13113,1.249,5617,0,2996,10:40,Cloudy,16,21,NaN,NaN,NaN,NaN,62496
20201202,35683,3.398,29046,0,10046,11:45,Mostly Cloudy,19,22,NaN,NaN,NaN,NaN,62518
20201201,57022,5.431,38891,0,8838,10:00,Fine,17,28,NaN,NaN,NaN,NaN,62540
20201130,33408,3.182,22332,0,10042,13:10,Mostly Cloudy,18,23,NaN,NaN,NaN,NaN,62562
20201129,49393,4.704,30542,0,9008,12:25,Partly Cloudy,25,40,NaN,NaN,NaN,NaN,62584
20201128,61763,5.882,52977,0,8789,11:55,Fine,18,40,NaN,NaN,NaN,NaN,62606
20201127,56734,5.403,47317,0,9959,10:50,Fine,18,27,NaN,NaN,NaN,NaN,62628
20201126,64767,6.168,55698,0,8477,12:15,Fine,14,33,NaN,NaN,NaN,NaN,62650
20201125,37759,3.596,32121,0,10040,12:45,Mostly Cloudy,16,24,NaN,NaN,NaN,NaN,62672
20201124,56371,5.369,50694,0,10039,12:40,Fine,17,22,NaN,NaN,NaN,NaN,62693
20201123,18441,1.756,13031,0,6239,10:50,Cloudy,19,25,NaN,NaN,NaN,NaN,62714
20201122,42210,4.020,30071,0,10045,11:45,Partly Cloudy,16,27,NaN,NaN,NaN,NaN,62735
20201121,46139,4.394,35857,0,10047,13:05,Partly Cloudy,18,23,NaN,NaN,NaN,NaN,62755
20201120,59225,5.640,46301,0,8454,12:25,Fine,16,32,NaN,NaN,NaN,NaN,62774
20201119,65115,6.201,55729,0,10035,11:35,Fine,12,25,NaN,NaN,NaN,NaN,62792
20201118,57896,5.514,49315,0,10062,11:25,Fine,16,23,NaN,NaN,NaN,NaN,62810
20201117,45272,4.312,35813,0,10062,11:45,Partly Cloudy,18,22,NaN,NaN,NaN,NaN,62826
20201116,56474,5.378,32939,0,10045,12:30,Fine,15,38,NaN,NaN,NaN,NaN,62840
20201115,67374,6.417,45163,0,8759,12:00,Fine,13,29,NaN,NaN,NaN,NaN,62854
20201114,64910,6.182,53533,0,9633,13:35,Fine,14,26,NaN,NaN,NaN,NaN,62865
20201113,44841,4.271,34575,0,10052,11:55,Partly Cloudy,19,29,NaN,NaN,NaN,NaN,62875
20201112,47969,4.568,39435,0,10059,12:30,Partly Cloudy,15,31,NaN,NaN,NaN,NaN,62883
20201111,66484,6.332,57996,0,8995,12:40,Fine,11,24,NaN,NaN,NaN,NaN,62889
20201110,64473,6.140,51609,0,10048,10:55,Fine,9,22,NaN,NaN,NaN,NaN,62894
20201109,40227,3.831,30312,0,10049,12:00,Mostly Cloudy,11,21,NaN,NaN,NaN,NaN,62896
20201108,65379,6.227,51856,0,10049,10:15,Fine,14,20,NaN,NaN,NaN,NaN,62895
20201107,52786,5.027,46538,0,10059,12:50,Fine,10,20,NaN,NaN,NaN,NaN,62893
20201106,57506,5.477,44261,0,10062,12:05,Fine,12,19,NaN,NaN,NaN,NaN,62887
20201105,9536,0.908,5415,0,3993,13:05,Showers,15,19,NaN,NaN,NaN,NaN,62879
20201104,64427,6.136,54272,0,9107,12:20,Fine,10,25,NaN,NaN,NaN,NaN,62869
20201103,66152,6.300,55563,0,10024,11:35,Fine,11,21,NaN,NaN,NaN,NaN,62855
20201102,45377,4.322,38395,0,10036,13:35,Partly Cloudy,12,21,NaN,NaN,NaN,NaN,62839
20201101,23225,2.212,13603,0,10045,13:35,Cloudy,13,19,NaN,NaN,NaN,NaN,62819
20201031,36021,3.431,31210,0,10048,12:15,Mostly Cloudy,16,23,NaN,NaN,NaN,NaN,62797
20201030,57846,5.509,46585,0,10068,12:00,Fine,9,22,NaN,NaN,NaN,NaN,62771
20201029,37939,3.613,32604,0,10041,13:55,Mostly Cloudy,14,20,NaN,NaN,NaN,NaN,62742
20201028,33243,3.166,21751,0,9835,14:45,Mostly Cloudy,12,20,NaN,NaN,NaN,NaN,62709
20201027,33887,3.227,22353,0,10053,12:35,Mostly Cloudy,13,19,NaN,NaN,NaN,NaN,62671
20201026,19283,1.836,11804,0,3966,12:30,Cloudy,12,16,NaN,NaN,NaN,NaN,62632
20201025,10506,1.001,4501,0,2527,13:40,Cloudy,13,14,NaN,NaN,NaN,NaN,62588
20201024,19798,1.886,13678,0,9929,12:15,Cloudy,18,25,NaN,NaN,NaN,NaN,62541
20201023,61265,5.835,48997,0,9067,12:50,Fine,15,27,NaN,NaN,NaN,NaN,62490
20201022,47218,4.497,39722,0,10064,12:25,Partly Cloudy,12,23,NaN,NaN,NaN,NaN,62435
20201021,66410,6.325,57187,0,10071,11:20,Fine,11,23,NaN,NaN,NaN,NaN,62373
20201020,32095,3.057,23634,0,10036,14:10,Mostly Cloudy,16,22,NaN,NaN,NaN,NaN,62310
20201019,40491,3.856,28174,0,10051,12:05,Mostly Cloudy,15,20,NaN,NaN,NaN,NaN,62243
20201018,35138,3.346,26168,0,10050,12:50,Mostly Cloudy,16,25,NaN,NaN,NaN,NaN,62171
20201017,42549,4.052,36035,0,10012,11:40,Partly Cloudy,15,26,NaN,NaN,NaN,NaN,62095
20201016,20994,1.999,13696,0,8258,13:30,Cloudy,14,20,NaN,NaN,NaN,NaN,62011
20201015,62307,5.934,56252,0,8781,12:00,Fine,12,27,NaN,NaN,NaN,NaN,61927
20201014,47430,4.517,39395,0,10042,13:35,Partly Cloudy,15,21,NaN,NaN,NaN,NaN,61838
20201013,65001,6.191,56685,0,8690,12:20,Fine,11,29,NaN,NaN,NaN,NaN,61745
20201012,47964,4.568,39596,0,10045,12:00,Partly Cloudy,15,24,NaN,NaN,NaN,NaN,61647
20201011,55390,5.275,43606,0,10051,13:30,Fine,9,28,NaN,NaN,NaN,NaN,61541
20201010,67249,6.405,53692,0,9052,12:50,Fine,11,26,NaN,NaN,NaN,NaN,61434
20201009,68990,6.570,57382,0,10047,11:30,Fine,8,23,NaN,NaN,NaN,NaN,61322
20201008,41504,3.953,33870,0,10042,14:00,Mostly Cloudy,13,28,NaN,NaN,NaN,NaN,61206
20201007,17172,1.635,9017,0,6869,10:25,Cloudy,16,21,NaN,NaN,NaN,NaN,61081
20201006,18460,1.758,11427,0,4477,14:25,Cloudy,15,19,NaN,NaN,NaN,NaN,60956
20201005,63588,6.056,54533,0,8950,12:05,Fine,11,32,NaN,NaN,NaN,NaN,60826
20201004,64704,6.162,57945,0,8821,11:55,Fine,12,30,NaN,NaN,NaN,NaN,60692
20201003,64172,6.112,53259,0,8815,11:35,Fine,9,28,NaN,NaN,NaN,NaN,60551
20201002,65648,6.252,55590,0,8988,11:25,Fine,7,27,NaN,NaN,NaN,NaN,60403
20201001,54917,5.230,47252,0,10047,12:10,Fine,12,25,NaN,NaN,NaN,NaN,60255
20200930,28533,2.717,21351,0,5946,08:20,Mostly Cloudy,8,21,NaN,NaN,NaN,NaN,60101
20200929,41481,3.951,34793,0,10036,10:15,Mostly Cloudy,8,19,NaN,NaN,NaN,NaN,59943
20200928,66354,6.319,51075,0,9585,11:10,Fine,5,20,NaN,NaN,NaN,NaN,59780
20200927,51129,4.869,44980,0,10050,11:10,Partly Cloudy,8,17,NaN,NaN,NaN,NaN,59610
20200926,69171,6.588,63279,0,9716,11:10,Fine,9,17,NaN,NaN,NaN,NaN,59438
20200925,52905,5.039,48647,0,10044,11:50,Fine,7,23,NaN,NaN,NaN,NaN,59261
20200924,65222,6.212,59468,0,9756,11:05,Fine,9,21,NaN,NaN,NaN,NaN,59080
20200923,60187,5.732,51111,0,9653,11:10,Fine,8,23,NaN,NaN,NaN,NaN,58892
20200922,64774,6.169,56246,0,9111,11:25,Fine,19,26,NaN,NaN,NaN,NaN,58703
20200921,50368,4.797,36725,0,10037,11:40,Partly Cloudy,11,28,NaN,NaN,NaN,NaN,58509
20200920,21700,2.067,15659,0,10030,11:50,Cloudy,16,21,NaN,NaN,NaN,NaN,58310
20200919,31808,3.029,23392,0,10033,11:05,Mostly Cloudy,15,22,NaN,NaN,NaN,NaN,58107
20200918,9464,0.901,2465,0,2303,08:40,Showers,13,17,NaN,NaN,NaN,NaN,57899
20200917,54041,5.147,44802,0,9287,11:40,Fine,10,30,NaN,NaN,NaN,NaN,57689
20200916,60520,5.764,51664,0,8666,12:40,Fine,9,27,NaN,NaN,NaN,NaN,57474
20200915,40452,3.853,33334,0,10043,11:25,Mostly Cloudy,12,22,NaN,NaN,NaN,NaN,57255
20200914,62445,5.947,51173,0,9128,11:10,Fine,7,20,NaN,NaN,NaN,NaN,57032
20200913,36187,3.446,31113,0,10030,11:00,Mostly Cloudy,8,25,NaN,NaN,NaN,NaN,56806
20200912,62726,5.974,56213,0,8894,11:25,Fine,6,23,NaN,NaN,NaN,NaN,56576
20200911,43757,4.167,39672,0,10042,11:10,Partly Cloudy,10,19,NaN,NaN,NaN,NaN,56342
20200910,51613,4.916,44718,0,10031,11:30,Partly Cloudy,12,17,NaN,NaN,NaN,NaN,56105
20200909,7040,0.670,1310,0,2205,11:10,Showers,12,16,NaN,NaN,NaN,NaN,55865
20200908,57209,5.448,47178,0,8852,11:05,Fine,6,23,NaN,NaN,NaN,NaN,55621
20200907,61058,5.815,51941,0,8815,11:25,Fine,6,22,NaN,NaN,NaN,NaN,55375
20200906,52929,5.041,43426,0,10036,11:35,Fine,7,20,NaN,NaN,NaN,NaN,55125
20200905,59402,5.657,53100,0,9175,11:40,Fine,9,21,NaN,NaN,NaN,NaN,54873
20200904,5967,0.568,1920,0,3411,08:35,Showers,12,18,NaN,NaN,NaN,NaN,54618
20200903,51889,4.942,38991,0,8933,12:50,Partly Cloudy,9,30,NaN,NaN,NaN,NaN,54360
20200902,48369,4.607,42922,0,9030,11:55,Partly Cloudy,5,24,NaN,NaN,NaN,NaN,54100
20200901,33228,3.165,24183,0,8280,11:55,Mostly Cloudy,8,17,NaN,NaN,NaN,NaN,53838
20200831,53206,5.067,44698,0,9527,12:50,Fine,9,22,NaN,NaN,NaN,NaN,53573
20200830,58505,5.572,49124,0,8559,11:40,Fine,3,25,NaN,NaN,NaN,NaN,53306
20200829,59300,5.648,46622,0,8608,11:40,Fine,3,22,NaN,NaN,NaN,NaN,53038
20200828,59740,5.690,54734,0,8761,11:25,Fine,8,18,NaN,NaN,NaN,NaN,52768
20200827,56761,5.406,45620,0,8753,11:30,Fine,2,21,NaN,NaN,NaN,NaN,52496
20200826,58410,5.563,50271,0,8635,11:30,Fine,2,19,NaN,NaN,NaN,NaN,52222
20200825,46968,4.473,35160,0,9695,12:30,Partly Cloudy,1,15,NaN,NaN,NaN,NaN,51948
20200824,58635,5.584,48635,0,8711,11:05,Fine,7,17,NaN,NaN,NaN,NaN,51672
20200823,57114,5.439,52018,0,8965,11:30,Fine,4,16,NaN,NaN,NaN,NaN,51396
20200822,53395,5.085,46043,0,10051,11:45,Fine,8,15,NaN,NaN,NaN,NaN,51118
20200821,45805,4.362,41177,0,10039,12:55,Partly Cloudy,4,18,NaN,NaN,NaN,NaN,50841
20200820,58716,5.592,53326,0,9144,12:30,Fine,7,17,NaN,NaN,NaN,NaN,50562
20200819,44030,4.193,37659,0,10031,11:50,Partly Cloudy,6,21,NaN,NaN,NaN,NaN,50284
20200818,48278,4.598,37392,0,9065,12:00,Partly Cloudy,8,20,NaN,NaN,NaN,NaN,50005
20200817,55855,5.320,49214,0,8491,11:40,Fine,9,19,NaN,NaN,NaN,NaN,49726
20200816,52325,4.983,41037,0,9364,12:30,Partly Cloudy,9,19,NaN,NaN,NaN,NaN,49448
20200815,46815,4.459,36560,0,9839,11:35,Partly Cloudy,11,19,NaN,NaN,NaN,NaN,49170
20200814,16985,1.618,11780,0,5687,08:50,Cloudy,7,18,NaN,NaN,NaN,NaN,48893
20200813,52614,5.011,45466,0,8185,11:50,Fine,6,22,NaN,NaN,NaN,NaN,48616
20200812,20176,1.922,11732,0,8760,10:10,Cloudy,7,18,NaN,NaN,NaN,NaN,48340
20200811,29854,2.843,20806,0,9466,09:55,Mostly Cloudy,10,18,NaN,NaN,NaN,NaN,48066
20200810,22645,2.157,14934,0,10065,11:05,Cloudy,9,16,NaN,NaN,NaN,NaN,47793
20200809,16008,1.525,12466,0,8276,09:35,Cloudy,5,13,NaN,NaN,NaN,NaN,47522
20200808,18345,1.747,13093,0,8465,10:30,Cloudy,9,16,NaN,NaN,NaN,NaN,47252
20200807,3646,0.347,319,0,954,10:20,Showers,6,13,NaN,NaN,NaN,NaN,46984
20200806,52261,4.977,30601,0,8448,11:15,Partly Cloudy,4,15,NaN,NaN,NaN,NaN,46718
20200805,53430,5.089,34199,0,8460,11:15,Fine,4,17,NaN,NaN,NaN,NaN,46454
20200804,40294,3.838,28344,0,8422,11:30,Mostly Cloudy,3,21,NaN,NaN,NaN,NaN,46193
20200803,42630,4.060,30244,0,8866,12:05,Partly Cloudy,3,21,NaN,NaN,NaN,NaN,45935
20200802,43444,4.138,36835,0,8906,12:00,Partly Cloudy,3,20,NaN,NaN,NaN,NaN,45679
20200801,48345,4.604,42883,0,8623,12:55,Partly Cloudy,3,20,NaN,NaN,NaN,NaN,45427
20200731,39574,3.769,35347,0,9138,12:10,Mostly Cloudy,5,17,NaN,NaN,NaN,NaN,45177
20200730,42918,4.087,31268,0,9368,11:25,Partly Cloudy,7,17,NaN,NaN,NaN,NaN,44931
20200729,40454,3.853,31221,0,9554,12:25,Mostly Cloudy,7,18,NaN,NaN,NaN,NaN,44688
20200728,22026,2.098,9595,0,9235,12:50,Cloudy,12,18,NaN,NaN,NaN,NaN,44449
20200727,7717,0.735,2113,0,2062,12:20,Showers,14,17,NaN,NaN,NaN,NaN,44214
20200726,2823,0.269,310,0,1064,13:05,Showers,10,15,NaN,NaN,NaN,NaN,43984
20200725,20325,1.936,13969,0,9630,13:30,Cloudy,4,18,NaN,NaN,NaN,NaN,43757
20200724,43998,4.190,37740,0,8114,12:45,Partly Cloudy,4,19,NaN,NaN,NaN,NaN,43535
20200723,45449,4.328,30476,0,7764,11:40,Partly Cloudy,3,19,NaN,NaN,NaN,NaN,43317
20200722,40367,3.844,30394,0,8619,11:30,Mostly Cloudy,4,18,NaN,NaN,NaN,NaN,43104
20200721,44250,4.214,31651,0,8119,11:50,Partly Cloudy,7,16,NaN,NaN,NaN,NaN,42896
20200720,47261,4.501,34935,0,8073,11:25,Partly Cloudy,4,18,NaN,NaN,NaN,NaN,42693
20200719,34995,3.333,27476,0,8758,12:15,Mostly Cloudy,3,19,NaN,NaN,NaN,NaN,42496
20200718,22183,2.113,15698,0,8360,12:40,Cloudy,8,18,NaN,NaN,NaN,NaN,42304
20200717,11150,1.062,6283,0,2741,10:15,Cloudy,9,15,NaN,NaN,NaN,NaN,42117
20200716,18418,1.754,8370,0,8237,10:35,Cloudy,9,16,NaN,NaN,NaN,NaN,41936
20200715,14790,1.409,6221,0,7454,11:10,Cloudy,11,16,NaN,NaN,NaN,NaN,41761
20200714,21997,2.095,11362,0,9391,12:55,Cloudy,10,16,NaN,NaN,NaN,NaN,41591
20200713,31467,2.997,22411,0,10018,11:40,Mostly Cloudy,4,17,NaN,NaN,NaN,NaN,41428
20200712,31886,3.037,22569,0,8223,12:05,Mostly Cloudy,5,18,NaN,NaN,NaN,NaN,41271
20200711,11231,1.070,4166,0,2624,14:55,Cloudy,11,15,NaN,NaN,NaN,NaN,41121
20200710,18933,1.803,6383,0,8545,11:10,Cloudy,6,17,NaN,NaN,NaN,NaN,40977
20200709,37824,3.602,25751,0,7729,12:15,Mostly Cloudy,4,18,NaN,NaN,NaN,NaN,40840
20200708,529,0.050,1,0,810,15:05,Showers,10,15,NaN,NaN,NaN,NaN,40709
20200707,18475,1.760,10547,0,6940,10:20,Cloudy,NaN,NaN,NaN,NaN,NaN,NaN,40585
20200706,41286,3.932,30286,0,7549,11:55,Mostly Cloudy,7,18,NaN,NaN,NaN,NaN,40468
20200705,40354,3.843,25900,0,7699,11:50,Mostly Cloudy,5,18,NaN,NaN,NaN,NaN,40358
20200704,40459,3.853,20870,0,7818,11:40,Mostly Cloudy,6,16,NaN,NaN,NaN,NaN,40256
20200703,39833,3.794,25354,0,7655,11:40,Mostly Cloudy,5,17,NaN,NaN,NaN,NaN,40160
20200702,36132,3.441,23442,0,7099,11:45,Mostly Cloudy,4,23,NaN,NaN,NaN,NaN,40072
20200701,38886,3.703,25822,0,7421,11:40,Mostly Cloudy,4,21,NaN,NaN,NaN,NaN,39991
20200630,38540,3.670,26543,0,7319,12:05,Mostly Cloudy,4,18,NaN,NaN,NaN,NaN,39918
20200629,21477,2.045,13777,0,8758,11:25,Cloudy,6,16,NaN,NaN,NaN,NaN,39852
20200628,22453,2.138,11315,0,9585,11:25,Cloudy,7,16,NaN,NaN,NaN,NaN,39794
20200627,24837,2.365,11434,0,8182,11:30,Cloudy,7,16,NaN,NaN,NaN,NaN,39743
20200626,32925,3.136,22787,0,8265,12:45,Mostly Cloudy,5,18,NaN,NaN,NaN,NaN,39700
20200625,39890,3.799,26598,0,7566,11:45,Mostly Cloudy,8,18,NaN,NaN,NaN,NaN,39665
20200624,28300,2.695,12085,0,9875,12:35,Mostly Cloudy,3,18,NaN,NaN,NaN,NaN,39638
20200623,39927,3.803,23353,0,7646,11:45,Mostly Cloudy,4,16,NaN,NaN,NaN,NaN,39618
20200622,28592,2.723,11379,0,8865,11:35,Mostly Cloudy,4,17,NaN,NaN,NaN,NaN,39606
20200621,25174,2.398,9826,0,8078,11:40,Cloudy,9,18,NaN,NaN,NaN,NaN,39602
20200620,36631,3.489,19323,0,7421,12:00,Mostly Cloudy,5,20,NaN,NaN,NaN,NaN,39606
20200619,37622,3.583,28181,0,8120,11:55,Mostly Cloudy,4,19,NaN,NaN,NaN,NaN,39617
20200618,30425,2.898,19827,0,8001,11:30,Mostly Cloudy,12,18,NaN,NaN,NaN,NaN,39636
20200617,13219,1.259,6129,0,5927,09:35,Cloudy,5,17,NaN,NaN,NaN,NaN,39664
20200616,40079,3.817,28000,0,7565,12:05,Mostly Cloudy,4,21,NaN,NaN,NaN,NaN,39698
20200615,39642,3.775,26068,0,7520,11:35,Mostly Cloudy,4,20,NaN,NaN,NaN,NaN,39741
20200614,35361,3.368,26751,0,7599,12:00,Mostly Cloudy,11,21,NaN,NaN,NaN,NaN,39792
20200613,28881,2.751,22871,0,7228,11:25,Mostly Cloudy,8,20,NaN,NaN,NaN,NaN,39850
20200612,6653,0.634,4064,0,3358,11:30,Showers,9,16,NaN,NaN,NaN,NaN,39915
20200611,11742,1.118,7549,0,6954,10:45,Cloudy,11,20,NaN,NaN,NaN,NaN,39989
20200610,9666,0.921,5402,0,4358,10:00,Showers,10,16,NaN,NaN,NaN,NaN,40069
20200609,34187,3.256,24602,0,8999,11:25,Mostly Cloudy,6,18,NaN,NaN,NaN,NaN,40157
20200608,35138,3.346,32339,0,8573,12:05,Mostly Cloudy,12,17,NaN,NaN,NaN,NaN,40253
20200607,20660,1.968,18129,0,7970,12:15,Cloudy,4,16,NaN,NaN,NaN,NaN,40357
20200606,40228,3.831,37530,0,7471,11:25,Mostly Cloudy,3,18,NaN,NaN,NaN,NaN,40467
20200605,41724,3.974,38951,0,7637,11:30,Mostly Cloudy,3,19,NaN,NaN,NaN,NaN,40585
20200604,28892,2.752,16929,0,10036,12:00,Mostly Cloudy,9,16,NaN,NaN,NaN,NaN,40709
20200603,40457,3.853,31204,0,9247,11:40,Mostly Cloudy,4,18,NaN,NaN,NaN,NaN,40841
20200602,16813,1.601,7851,0,8993,11:55,Cloudy,6,16,NaN,NaN,NaN,NaN,40979
20200601,39185,3.732,34780,0,7632,11:40,Mostly Cloudy,9,22,NaN,NaN,NaN,NaN,41125
20200531,25385,2.418,18195,0,9343,12:35,Cloudy,8,21,NaN,NaN,NaN,NaN,41276
20200530,41301,3.933,32250,0,7946,12:20,Mostly Cloudy,6,20,NaN,NaN,NaN,NaN,41434
20200529,8767,0.835,4065,0,3515,10:10,Showers,8,16,NaN,NaN,NaN,NaN,41599
20200528,40651,3.872,32330,0,7636,11:30,Mostly Cloudy,8,21,NaN,NaN,NaN,NaN,41769
20200527,29543,2.814,24227,0,10030,11:55,Mostly Cloudy,10,19,NaN,NaN,NaN,NaN,41946
20200526,21538,2.051,14741,0,8622,13:25,Cloudy,13,19,NaN,NaN,NaN,NaN,42132
20200525,11560,1.101,8434,0,7460,10:25,Cloudy,12,16,NaN,NaN,NaN,NaN,42321
20200524,16698,1.590,10228,0,9552,12:30,Cloudy,13,17,NaN,NaN,NaN,NaN,42516
20200523,15986,1.522,13341,0,7971,10:05,Cloudy,11,17,NaN,NaN,NaN,NaN,42716
20200522,15657,1.491,11940,0,7291,11:00,Cloudy,8,16,NaN,NaN,NaN,NaN,42921
20200521,12473,1.188,8345,0,8002,14:05,Cloudy,12,18,NaN,NaN,NaN,NaN,43132
20200520,41789,3.980,35656,0,8244,13:35,Mostly Cloudy,8,24,NaN,NaN,NaN,NaN,43348
20200519,42980,4.093,31092,0,8613,12:15,Partly Cloudy,11,21,NaN,NaN,NaN,NaN,43568
20200518,18314,1.744,9129,0,8530,10:35,Cloudy,7,19,NaN,NaN,NaN,NaN,43797
20200517,34975,3.331,31062,0,8998,11:55,Mostly Cloudy,5,20,NaN,NaN,NaN,NaN,44028
20200516,27270,2.597,23131,0,8605,10:15,Mostly Cloudy,7,19,NaN,NaN,NaN,NaN,44263
20200515,22705,2.162,12719,0,8863,12:05,Cloudy,5,16,NaN,NaN,NaN,NaN,44502
20200514,31136,2.965,19065,0,9795,11:10,Mostly Cloudy,6,18,NaN,NaN,NaN,NaN,44744
20200513,21666,2.063,15954,0,8760,11:55,Cloudy,6,19,NaN,NaN,NaN,NaN,44991
20200512,47712,4.544,39820,0,8163,11:40,Partly Cloudy,4,20,NaN,NaN,NaN,NaN,45241
20200511,49896,4.752,37605,0,8218,11:25,Partly Cloudy,6,18,NaN,NaN,NaN,NaN,45499
20200510,52386,4.989,43493,0,8543,11:20,Partly Cloudy,8,18,NaN,NaN,NaN,NaN,45757
20200509,32209,3.068,26573,0,8490,11:35,Mostly Cloudy,9,26,NaN,NaN,NaN,NaN,46018
20200508,48700,4.638,40226,0,7895,11:50,Partly Cloudy,9,27,NaN,NaN,NaN,NaN,46281
20200507,33404,3.181,22617,0,7537,13:25,Mostly Cloudy,7,24,NaN,NaN,NaN,NaN,46548
20200506,51930,4.946,44080,0,8312,11:35,Partly Cloudy,7,23,NaN,NaN,NaN,NaN,46816
20200505,33133,3.156,26295,0,10033,11:15,Mostly Cloudy,11,19,NaN,NaN,NaN,NaN,47091
20200504,46897,4.466,43818,0,9167,12:35,Partly Cloudy,7,19,NaN,NaN,NaN,NaN,47365
20200503,54106,5.153,46360,0,9270,11:55,Fine,7,19,NaN,NaN,NaN,NaN,47641
20200502,54760,5.215,50502,0,8849,11:20,Fine,12,18,NaN,NaN,NaN,NaN,47919
20200501,55626,5.298,51020,0,9507,12:45,Fine,8,17,NaN,NaN,NaN,NaN,48198
20200430,4599,0.438,1745,0,4445,12:25,Showers,14,19,NaN,NaN,NaN,NaN,48478
20200429,32855,3.129,24523,0,9221,12:20,Mostly Cloudy,14,27,NaN,NaN,NaN,NaN,48763
20200428,13956,1.329,5132,0,4092,10:25,Cloudy,16,22,NaN,NaN,NaN,NaN,49046
20200427,16581,1.579,8867,0,7800,09:20,Cloudy,11,21,NaN,NaN,NaN,NaN,49331
20200426,31397,2.990,28032,0,10053,12:45,Mostly Cloudy,9,27,NaN,NaN,NaN,NaN,49615
20200425,43716,4.163,39712,0,8095,11:30,Partly Cloudy,10,27,NaN,NaN,NaN,NaN,49901
20200424,53030,5.050,42402,0,8147,11:45,Fine,12,27,NaN,NaN,NaN,NaN,50188
20200423,56058,5.339,49795,0,8477,12:00,Fine,7,24,NaN,NaN,NaN,NaN,50474
20200422,54556,5.196,45785,0,8397,11:30,Fine,9,25,NaN,NaN,NaN,NaN,50760
20200421,54873,5.226,44601,0,8318,11:50,Fine,9,25,NaN,NaN,NaN,NaN,51046
20200420,11385,1.084,7021,0,2811,10:55,Cloudy,10,19,NaN,NaN,NaN,NaN,51331
20200419,42070,4.007,36127,0,9771,11:15,Partly Cloudy,8,21,NaN,NaN,NaN,NaN,51616
20200418,58282,5.551,53904,0,8706,11:20,Fine,9,23,NaN,NaN,NaN,NaN,51901
20200417,59051,5.624,54126,0,8623,11:40,Fine,13,26,NaN,NaN,NaN,NaN,52184
20200416,13408,1.277,9162,0,3638,11:25,Cloudy,14,25,NaN,NaN,NaN,NaN,52466
20200415,54836,5.222,45188,0,8117,11:20,Fine,11,28,NaN,NaN,NaN,NaN,52747
20200414,57769,5.502,47114,0,8452,11:40,Fine,9,26,NaN,NaN,NaN,NaN,53026
20200413,46136,4.394,35783,0,9061,11:50,Partly Cloudy,7,22,NaN,NaN,NaN,NaN,53304
20200412,61301,5.838,46888,0,8852,11:25,Fine,10,21,NaN,NaN,NaN,NaN,53580
20200411,58841,5.604,47344,0,9534,13:00,Fine,9,26,NaN,NaN,NaN,NaN,53854
20200410,21457,2.044,11823,0,9286,13:35,Cloudy,14,23,NaN,NaN,NaN,NaN,54127
20200409,26062,2.482,17203,0,8893,10:25,Cloudy,15,22,NaN,NaN,NaN,NaN,54396
20200408,11985,1.141,6371,0,2875,14:40,Cloudy,13,19,NaN,NaN,NaN,NaN,54664
20200407,30594,2.914,21410,0,6825,15:05,Mostly Cloudy,15,20,NaN,NaN,NaN,NaN,54929
20200406,55677,5.303,44634,0,9768,11:40,Fine,9,24,NaN,NaN,NaN,NaN,55191
20200405,63105,6.010,54515,0,9027,11:40,Fine,8,24,NaN,NaN,NaN,NaN,54620
20200404,54272,5.169,45468,0,9224,13:00,Fine,19,26,NaN,NaN,NaN,NaN,55707
20200403,32030,3.050,25527,0,9901,14:35,Mostly Cloudy,14,26,NaN,NaN,NaN,NaN,55961
20200402,18845,1.795,12862,0,9541,11:45,Cloudy,15,25,NaN,NaN,NaN,NaN,56211
20200401,12024,1.145,3133,0,5155,15:05,Cloudy,15,23,NaN,NaN,NaN,NaN,56458
20200331,53210,5.068,42608,0,10046,13:00,Fine,14,25,NaN,NaN,NaN,NaN,56701
20200330,16836,1.603,5538,0,7328,14:55,Cloudy,16,25,NaN,NaN,NaN,NaN,56941
20200329,33530,3.193,26467,0,10033,11:00,Mostly Cloudy,16,25,NaN,NaN,NaN,NaN,57178
20200328,40728,3.879,30038,0,10049,11:35,Mostly Cloudy,13,24,NaN,NaN,NaN,NaN,57410
20200327,33428,3.184,25713,0,8120,10:35,Mostly Cloudy,15,22,NaN,NaN,NaN,NaN,57639
20200326,28094,2.676,18250,0,10037,12:40,Mostly Cloudy,16,22,NaN,NaN,NaN,NaN,57864
20200325,31035,2.956,26276,0,10037,13:25,Mostly Cloudy,15,25,NaN,NaN,NaN,NaN,58085
20200324,26413,2.516,18006,0,10002,14:10,Mostly Cloudy,14,22,NaN,NaN,NaN,NaN,58301
20200323,44481,4.236,37888,0,10047,14:30,Partly Cloudy,17,21,NaN,NaN,NaN,NaN,58514
20200322,60256,5.739,45018,0,8930,13:40,Fine,16,29,NaN,NaN,NaN,NaN,58722
20200321,48749,4.643,43446,0,10045,13:05,Partly Cloudy,14,25,NaN,NaN,NaN,NaN,58926
20200320,52598,5.009,43250,0,9888,11:25,Fine,16,34,NaN,NaN,NaN,NaN,59126
20200319,61641,5.871,53209,0,8576,12:50,Fine,13,32,NaN,NaN,NaN,NaN,59320
20200318,66179,6.303,53469,0,9115,12:15,Fine,11,26,NaN,NaN,NaN,NaN,59511
20200317,33795,3.219,28059,0,10032,12:45,Mostly Cloudy,14,22,NaN,NaN,NaN,NaN,59697
20200316,36747,3.500,29201,0,10041,13:45,Mostly Cloudy,15,21,NaN,NaN,NaN,NaN,59878
20200315,34846,3.319,23690,0,9118,11:20,Mostly Cloudy,13,19,NaN,NaN,NaN,NaN,60055
20200314,5170,0.492,445,0,1087,12:25,Showers,13,19,NaN,NaN,NaN,NaN,60227
20200313,65600,6.248,58036,0,10034,12:35,Fine,12,26,NaN,NaN,NaN,NaN,60394
20200312,58927,5.612,51701,0,10049,11:15,Fine,13,25,NaN,NaN,NaN,NaN,60556
20200311,55940,5.328,49642,0,10051,12:50,Fine,12,24,NaN,NaN,NaN,NaN,60714
20200310,36474,3.474,27465,0,9669,10:45,Mostly Cloudy,14,22,NaN,NaN,NaN,NaN,60867
20200309,38136,3.632,34668,0,10063,11:45,Mostly Cloudy,16,22,NaN,NaN,NaN,NaN,61015
20200308,34233,3.260,30240,0,10032,11:30,Mostly Cloudy,16,22,NaN,NaN,NaN,NaN,61158
20200307,40234,3.832,35501,0,10053,13:05,Mostly Cloudy,19,23,NaN,NaN,NaN,NaN,61296
20200306,39070,3.721,35182,0,10050,12:50,Mostly Cloudy,20,26,NaN,NaN,NaN,NaN,61429
20200305,7914,0.754,3979,0,1909,11:50,Showers,21,22,NaN,NaN,NaN,NaN,61558
20200304,22131,2.108,11642,0,7972,13:55,Cloudy,18,25,NaN,NaN,NaN,NaN,61682
20200303,8360,0.796,3253,0,2200,09:45,Showers,19,21,NaN,NaN,NaN,NaN,61801
20200302,60238,5.737,42139,0,9775,12:10,Fine,16,37,NaN,NaN,NaN,NaN,61915
20200301,65501,6.238,52518,0,9225,12:35,Fine,16,29,NaN,NaN,NaN,NaN,62025
20200229,56596,5.390,45656,0,10043,11:15,Fine,15,26,NaN,NaN,NaN,NaN,62129
20200228,60464,5.758,51103,0,10044,13:30,Fine,11,24,NaN,NaN,NaN,NaN,62230
20200227,33911,3.230,24790,0,9909,11:15,Mostly Cloudy,19,25,NaN,NaN,NaN,NaN,62325
20200226,40410,3.849,33723,0,8646,14:45,Mostly Cloudy,19,32,NaN,NaN,NaN,NaN,62416
20200225,63673,6.064,53803,0,8852,13:15,Fine,17,28,NaN,NaN,NaN,NaN,62502
20200224,59431,5.660,51800,0,10042,12:15,Fine,17,27,NaN,NaN,NaN,NaN,62583
20200223,23400,2.229,15728,0,8134,12:10,Cloudy,19,24,NaN,NaN,NaN,NaN,62660
20200222,22830,2.174,14381,0,6732,12:05,Cloudy,18,23,NaN,NaN,NaN,NaN,62733
20200221,36109,3.439,29188,0,9602,14:05,Mostly Cloudy,18,25,NaN,NaN,NaN,NaN,62801
20200220,56068,5.340,49544,0,10049,13:25,Fine,15,23,NaN,NaN,NaN,NaN,62865
20200219,62721,5.973,56455,0,10038,13:35,Fine,18,28,NaN,NaN,NaN,NaN,62925
20200218,51113,4.868,39207,0,9987,14:15,Partly Cloudy,18,31,NaN,NaN,NaN,NaN,62981
20200217,20080,1.912,15665,0,7125,09:45,Cloudy,20,25,NaN,NaN,NaN,NaN,63032
20200216,54993,5.237,50599,0,10037,12:20,Fine,19,26,NaN,NaN,NaN,NaN,63080
20200215,49986,4.761,45655,0,10067,12:55,Partly Cloudy,17,26,NaN,NaN,NaN,NaN,63123
20200214,65702,6.257,60753,0,10043,13:25,Fine,21,26,NaN,NaN,NaN,NaN,63164
20200213,33406,3.182,25707,0,10037,11:20,Mostly Cloudy,21,26,NaN,NaN,NaN,NaN,63200
20200212,26329,2.508,19484,0,10044,12:50,Mostly Cloudy,22,26,NaN,NaN,NaN,NaN,63233
20200211,58109,5.534,43553,0,9089,12:15,Fine,19,30,NaN,NaN,NaN,NaN,63262
20200210,42531,4.051,35648,0,9570,12:10,Partly Cloudy,20,28,NaN,NaN,NaN,NaN,63288
20200209,3597,0.343,126,0,986,15:35,Showers,19,20,NaN,NaN,NaN,NaN,63311
20200208,16804,1.600,11907,0,4791,12:35,Cloudy,18,22,NaN,NaN,NaN,NaN,63331
20200207,10761,1.025,4657,0,3287,14:55,Cloudy,18,21,NaN,NaN,NaN,NaN,63347
20200206,17121,1.631,9115,0,4026,14:25,Cloudy,19,24,NaN,NaN,NaN,NaN,63361
20200205,52695,5.019,44056,0,10042,12:10,Fine,14,25,NaN,NaN,NaN,NaN,63372
20200204,37750,3.595,30011,0,9310,12:25,Mostly Cloudy,17,22,NaN,NaN,NaN,NaN,63380
20200203,45745,4.357,39704,0,10025,11:50,Partly Cloudy,22,32,NaN,NaN,NaN,NaN,63385
20200202,43044,4.099,20573,0,8159,14:50,Partly Cloudy,24,27,NaN,NaN,NaN,NaN,63389
20200201,62629,5.965,41144,0,8178,13:10,Fine,23,40,NaN,NaN,NaN,NaN,63389
20200131,63847,6.081,46698,0,8545,12:50,Fine,20,32,NaN,NaN,NaN,NaN,63388
20200130,60763,5.787,46164,0,8562,12:35,Fine,16,30,NaN,NaN,NaN,NaN,63385
20200129,46706,4.448,38399,0,10055,13:40,Partly Cloudy,22,27,NaN,NaN,NaN,NaN,63379
20200128,46244,4.404,33884,0,10020,13:40,Partly Cloudy,21,30,NaN,NaN,NaN,NaN,63372
20200127,52221,4.973,23458,0,10023,11:55,Partly Cloudy,22,28,NaN,NaN,NaN,NaN,63363
20200126,55540,5.290,39599,0,9179,13:45,Fine,24,36,NaN,NaN,NaN,NaN,63353
20200125,41767,3.978,33884,0,10032,12:50,Mostly Cloudy,22,29,NaN,NaN,NaN,NaN,63341
20200124,26657,2.539,15678,0,8301,15:25,Mostly Cloudy,22,26,NaN,NaN,NaN,NaN,63327
20200123,52803,5.029,28548,0,9211,11:55,Fine,17,41,NaN,NaN,NaN,NaN,63313
20200122,65930,6.279,54193,0,8766,13:00,Fine,17,30,NaN,NaN,NaN,NaN,63297
20200121,62843,5.985,50702,0,8684,12:10,Fine,15,30,NaN,NaN,NaN,NaN,63281
20200120,47287,4.504,38735,0,10049,11:45,Partly Cloudy,19,29,NaN,NaN,NaN,NaN,63264
20200119,33733,3.213,23314,0,8354,12:45,Mostly Cloudy,18,25,NaN,NaN,NaN,NaN,63247
20200118,19851,1.891,9930,0,3563,14:50,Cloudy,20,23,NaN,NaN,NaN,NaN,63229
20200117,13363,1.273,7705,0,4735,16:00,Cloudy,18,21,NaN,NaN,NaN,NaN,63210
20200116,18319,1.745,12121,0,4527,16:40,Cloudy,20,27,NaN,NaN,NaN,NaN,63191
20200115,50041,4.766,33209,0,7516,12:45,Partly Cloudy,15,28,NaN,NaN,NaN,NaN,63172
20200114,55359,5.272,47325,0,9566,13:15,Fine,16,28,NaN,NaN,NaN,NaN,63153
20200113,49618,4.726,37478,0,10052,11:40,Partly Cloudy,14,26,NaN,NaN,NaN,NaN,63134
20200112,7091,0.675,1852,0,1692,09:45,Showers,19,21,NaN,NaN,NaN,NaN,63115
20200111,18808,1.791,8999,0,5492,15:00,Cloudy,18,22,NaN,NaN,NaN,NaN,63096
20200110,56633,5.394,32538,0,8883,11:00,Fine,21,30,NaN,NaN,NaN,NaN,63077
20200109,28307,2.696,16419,0,5049,14:50,Mostly Cloudy,21,25,NaN,NaN,NaN,NaN,63059
20200108,40631,3.870,30497,0,8347,13:45,Mostly Cloudy,21,26,NaN,NaN,NaN,NaN,63041
20200107,34309,3.268,21484,0,10010,12:00,Mostly Cloudy,19,29,NaN,NaN,NaN,NaN,63024
20200106,17294,1.647,8787,0,7262,14:25,Cloudy,17,25,NaN,NaN,NaN,NaN,63008
20200105,35561,3.387,27976,0,9178,11:50,Mostly Cloudy,21,24,NaN,NaN,NaN,NaN,62992
20200104,57823,5.507,9520,0,8188,14:05,Fine,NaN,NaN,NaN,NaN,NaN,NaN,62978
20200103,54003,5.143,36083,0,9355,12:05,Fine,23,31,NaN,NaN,NaN,NaN,62964
20200102,46473,4.426,10209,0,10029,13:05,Partly Cloudy,NaN,NaN,NaN,NaN,NaN,NaN,62951
20200101,53554,5.100,3718,0,8259,12:15,Fine,NaN,NaN,NaN,NaN,NaN,NaN,62940
20191231,54906,5.229,7090,0,7836,12:50,Fine,NaN,NaN,NaN,NaN,NaN,NaN,62929
20191230,49166,4.682,3877,0,6539,12:40,Partly Cloudy,NaN,NaN,NaN,NaN,NaN,NaN,62920
20191229,33450,3.186,3824,0,5502,13:40,Mostly Cloudy,NaN,NaN,NaN,NaN,NaN,NaN,62912
20191228,65637,6.251,3972,0,8716,12:40,Fine,NaN,NaN,NaN,NaN,NaN,NaN,62905
20191227,63446,6.042,3843,0,8403,12:40,Fine,NaN,NaN,NaN,NaN,NaN,NaN,62899
20191226,65146,6.204,18834,0,8570,13:00,Fine,NaN,NaN,NaN,NaN,NaN,NaN,62895
20191225,61228,5.831,28063,0,9399,11:50,Fine,NaN,NaN,NaN,NaN,NaN,NaN,62891
20191224,34294,3.266,0,0,9747,12:45,Mostly Cloudy,NaN,NaN,NaN,NaN,NaN,NaN,62890
20191223,34487,3.284,29683,0,9313,13:50,Mostly Cloudy,NaN,NaN,NaN,NaN,NaN,NaN,62890
20191222,32404,3.086,0,0,10077,12:50,Mostly Cloudy,NaN,NaN,NaN,NaN,NaN,NaN,62891
