Date,Energy Generated,Efficiency,Energy Exported,Energy Used,Peak Power,Peak Time,Condition,Min. Temperature,Max. Temperature,Peak Energy Import,Off-Peak Energy Import,Shoulder Energy Import,High-Shoulder Energy Import,Insolation
20220410,14999,3.378,6326,0,3725,11:30,Mostly Cloudy,14,25,NaN,NaN,NaN,NaN,16140
20220409,12587,2.835,5425,0,3900,12:15,Mostly Cloudy,14,23,NaN,NaN,NaN,NaN,16310
20220408,11035,2.485,4966,0,3908,11:40,Cloudy,17,23,NaN,NaN,NaN,NaN,16481
20220407,2953,0.665,0,0,870,13:25,Showers,16,19,NaN,NaN,NaN,NaN,16653
20220406,2420,0.545,0,0,601,12:20,Showers,17,18,NaN,NaN,NaN,NaN,16825
20220405,19907,4.484,13568,0,3091,11:55,Partly Cloudy,11,25,NaN,NaN,NaN,NaN,16998
20220404,19520,4.396,12953,0,3225,12:35,Partly Cloudy,9,27,NaN,NaN,NaN,NaN,17172
20220403,17634,3.972,12015,0,3640,10:50,Mostly Cloudy,12,26,NaN,NaN,NaN,NaN,17210
20220402,13959,3.144,5411,0,2929,14:05,Mostly Cloudy,15,22,NaN,NaN,NaN,NaN,17520
20220401,9409,2.119,2794,0,3311,14:15,Cloudy,13,19,NaN,NaN,NaN,NaN,17694
20220331,6468,1.457,1172,0,2852,13:40,Cloudy,17,20,NaN,NaN,NaN,NaN,17869
20220330,14838,3.342,6882,0,3882,14:55,Mostly Cloudy,15,24,NaN,NaN,NaN,NaN,18044
20220329,6073,1.368,1795,0,3123,13:40,Cloudy,19,23,NaN,NaN,NaN,NaN,18219
20220328,5802,1.307,1968,0,3682,14:05,Cloudy,16,25,NaN,NaN,NaN,NaN,18394
20220327,7223,1.627,859,0,1835,11:05,Cloudy,14,22,NaN,NaN,NaN,NaN,18569
20220326,7265,1.636,2144,0,2701,14:35,Cloudy,17,22,NaN,NaN,NaN,NaN,18744
20220325,2823,0.636,1483,0,3091,10:40,Cloudy,17,21,NaN,NaN,NaN,NaN,18919
20220324,4103,0.924,543,0,1608,16:15,Showers,18,19,NaN,NaN,NaN,NaN,19093
20220323,11856,2.670,4589,0,3447,11:40,Mostly Cloudy,17,24,NaN,NaN,NaN,NaN,19268
20220322,21861,4.924,14392,0,3166,13:55,Partly Cloudy,13,28,NaN,NaN,NaN,NaN,19441
20220321,15921,3.586,8582,0,3930,13:25,Mostly Cloudy,17,24,NaN,NaN,NaN,NaN,19615
20220320,21135,4.760,12653,0,3570,12:40,Partly Cloudy,15,25,NaN,NaN,NaN,NaN,19788
20220319,7694,1.733,1323,0,2513,14:25,Cloudy,19,21,NaN,NaN,NaN,NaN,19961
20220318,17919,4.036,8950,0,3632,13:30,Partly Cloudy,18,28,NaN,NaN,NaN,NaN,20133
20220317,19782,4.455,11135,0,3779,13:00,Partly Cloudy,15,27,NaN,NaN,NaN,NaN,20304
20220316,12424,2.798,4952,0,3884,13:00,Mostly Cloudy,17,24,NaN,NaN,NaN,NaN,20475
20220315,17616,3.968,9908,0,3942,14:00,Mostly Cloudy,12,24,NaN,NaN,NaN,NaN,20645
20220314,14221,3.203,6255,0,4002,12:50,Mostly Cloudy,14,24,NaN,NaN,NaN,NaN,20814
20220313,13289,2.993,5449,0,2901,15:35,Mostly Cloudy,14,23,NaN,NaN,NaN,NaN,20982
20220312,24459,5.509,16384,0,4048,13:05,Fine,14,25,NaN,NaN,NaN,NaN,21150
20220311,22943,5.167,18273,0,3932,13:10,Fine,14,23,NaN,NaN,NaN,NaN,21316
20220310,22737,5.121,16161,0,3972,14:00,Fine,15,22,NaN,NaN,NaN,NaN,21482
20220309,14448,3.254,7044,0,3722,14:55,Mostly Cloudy,18,24,NaN,NaN,NaN,NaN,21646
20220308,1648,0.371,0,0,586,09:55,Showers,20,22,NaN,NaN,NaN,NaN,21810
20220307,8408,1.894,3079,0,4110,15:15,Cloudy,22,26,NaN,NaN,NaN,NaN,21972
20220306,10008,2.254,1562,0,3491,13:00,Cloudy,19,25,NaN,NaN,NaN,NaN,22133
20220305,4733,1.066,2444,0,3652,15:45,Cloudy,20,28,NaN,NaN,NaN,NaN,22292
20220304,13300,2.995,8569,0,4036,12:45,Mostly Cloudy,21,25,NaN,NaN,NaN,NaN,22451
20220303,12605,2.839,5237,0,3716,13:10,Mostly Cloudy,19,24,NaN,NaN,NaN,NaN,22608
20220302,3986,0.898,753,0,1087,09:15,Showers,19,22,NaN,NaN,NaN,NaN,22763
20220301,12402,2.793,6223,0,3848,13:15,Mostly Cloudy,18,23,NaN,NaN,NaN,NaN,22917
20220228,10758,2.423,3625,0,2381,10:50,Cloudy,19,25,NaN,NaN,NaN,NaN,23070
20220227,14266,3.213,5361,0,3898,11:35,Mostly Cloudy,18,25,NaN,NaN,NaN,NaN,23221
20220226,5948,1.340,606,0,1317,15:45,Cloudy,19,22,NaN,NaN,NaN,NaN,23371
20220225,6736,1.517,1213,0,3073,16:00,Cloudy,20,23,NaN,NaN,NaN,NaN,23519
20220224,13524,3.046,6527,0,3819,13:45,Mostly Cloudy,20,27,NaN,NaN,NaN,NaN,23665
20220223,14749,3.322,6951,0,3969,13:45,Mostly Cloudy,19,26,NaN,NaN,NaN,NaN,23809
20220222,588,0.132,0,0,465,08:05,Showers,20,22,NaN,NaN,NaN,NaN,23952
20220221,22311,5.025,14649,0,3670,12:20,Fine,20,31,NaN,NaN,NaN,NaN,24093
20220220,21942,4.942,12636,0,3886,12:15,Partly Cloudy,18,28,NaN,NaN,NaN,NaN,24233
20220219,7620,1.716,3021,0,2695,13:35,Cloudy,19,23,NaN,NaN,NaN,NaN,24370
20220218,25567,5.758,16573,0,3746,14:00,Fine,18,30,NaN,NaN,NaN,NaN,24506
20220217,23366,5.263,14495,0,3860,14:50,Fine,16,32,NaN,NaN,NaN,NaN,24639
20220216,26936,6.067,19107,0,3900,13:20,Fine,16,27,NaN,NaN,NaN,NaN,24771
20220215,24842,5.595,16821,0,3907,11:40,Fine,16,27,NaN,NaN,NaN,NaN,24901
20220214,27032,6.088,15935,0,3886,13:20,Fine,13,27,NaN,NaN,NaN,NaN,25029
20220213,20208,4.551,9204,0,4106,13:00,Partly Cloudy,17,25,NaN,NaN,NaN,NaN,25154
20220212,9189,2.070,3220,0,2803,11:35,Cloudy,20,23,NaN,NaN,NaN,NaN,25278
20220211,11855,2.670,4835,0,3740,15:00,Mostly Cloudy,19,24,NaN,NaN,NaN,NaN,25400
20220210,23893,5.381,12530,0,3709,14:00,Fine,15,33,NaN,NaN,NaN,NaN,25520
20220209,27191,6.124,15712,0,3823,15:25,Fine,13,31,NaN,NaN,NaN,NaN,25637
20220208,17946,4.042,9383,0,4200,12:55,Partly Cloudy,15,25,NaN,NaN,NaN,NaN,25752
20220207,17757,3.999,10000,0,4053,12:50,Mostly Cloudy,16,23,NaN,NaN,NaN,NaN,25866
20220206,16284,3.668,8681,0,4205,14:15,Mostly Cloudy,18,24,NaN,NaN,NaN,NaN,25977
20220205,18945,4.267,11743,0,4084,12:50,Partly Cloudy,16,24,NaN,NaN,NaN,NaN,26085
20220204,19680,4.432,12053,0,4210,11:40,Partly Cloudy,15,23,NaN,NaN,NaN,NaN,26192
20220203,25054,5.643,18043,0,4014,14:20,Fine,18,23,NaN,NaN,NaN,NaN,26296
20220202,5291,1.192,1032,0,1547,13:40,Cloudy,20,21,NaN,NaN,NaN,NaN,26399
20220201,21881,4.928,9897,0,3668,14:40,Partly Cloudy,19,35,NaN,NaN,NaN,NaN,26499
20220131,21485,4.839,10887,0,3977,12:15,Partly Cloudy,19,30,NaN,NaN,NaN,NaN,26596
20220130,28374,6.391,16199,0,3993,15:10,Fine,20,28,NaN,NaN,NaN,NaN,26692
20220129,25745,5.798,16504,0,3824,14:20,Fine,21,28,NaN,NaN,NaN,NaN,26785
20220128,28174,6.345,16988,0,3910,12:30,Fine,22,28,NaN,NaN,NaN,NaN,26875
20220127,25974,5.850,15993,0,4079,13:20,Fine,17,27,NaN,NaN,NaN,NaN,26964
20220126,26147,5.889,15632,0,4009,11:50,Fine,18,26,NaN,NaN,NaN,NaN,27050
20220125,21542,4.852,10653,0,4177,12:55,Partly Cloudy,20,26,NaN,NaN,NaN,NaN,27134
20220124,18964,4.271,9734,0,4077,15:15,Partly Cloudy,18,25,NaN,NaN,NaN,NaN,27215
20220123,25235,5.684,14490,0,4115,14:30,Fine,18,24,NaN,NaN,NaN,NaN,27294
20220122,25393,5.719,14122,0,4075,12:15,Fine,14,24,NaN,NaN,NaN,NaN,27371
20220121,15593,3.512,7376,0,4244,11:25,Mostly Cloudy,18,24,NaN,NaN,NaN,NaN,27445
20220120,21270,4.791,12693,0,3983,13:30,Partly Cloudy,19,23,NaN,NaN,NaN,NaN,27517
20220119,9964,2.244,4145,0,3434,13:15,Cloudy,18,23,NaN,NaN,NaN,NaN,27587
20220118,10275,2.314,2812,0,2261,12:10,Cloudy,22,23,NaN,NaN,NaN,NaN,27654
20220117,24088,5.425,12044,0,3783,13:25,Fine,19,30,NaN,NaN,NaN,NaN,27719
20220116,29391,6.620,14558,0,3929,12:25,Fine,20,27,NaN,NaN,NaN,NaN,27782
20220115,17597,3.963,7799,0,4113,14:45,Mostly Cloudy,20,30,NaN,NaN,NaN,NaN,27842
20220114,25450,5.732,15622,0,3921,13:10,Fine,18,28,NaN,NaN,NaN,NaN,27900
20220113,11936,2.688,5071,0,3112,09:35,Mostly Cloudy,19,24,NaN,NaN,NaN,NaN,27955
20220112,19850,4.471,12447,0,4089,11:55,Partly Cloudy,21,26,NaN,NaN,NaN,NaN,28008
20220111,18431,4.151,10471,0,3787,11:15,Partly Cloudy,22,28,NaN,NaN,NaN,NaN,28059
20220110,21567,4.857,14072,0,4127,13:25,Partly Cloudy,20,28,NaN,NaN,NaN,NaN,28107
20220109,12626,2.844,6517,0,3582,15:30,Mostly Cloudy,21,24,NaN,NaN,NaN,NaN,28153
20220108,24743,5.573,16766,0,3975,14:25,Fine,19,32,NaN,NaN,NaN,NaN,28197
20220107,11385,2.564,5525,0,3526,14:40,Mostly Cloudy,22,26,NaN,NaN,NaN,NaN,28238
20220106,344,0.077,0,0,561,18:40,Showers,21,27,NaN,NaN,NaN,NaN,28276
20220105,13536,3.049,7512,0,3932,11:10,Mostly Cloudy,19,25,NaN,NaN,NaN,NaN,28313
20220104,22016,4.959,14893,0,4074,13:40,Partly Cloudy,18,27,NaN,NaN,NaN,NaN,28347
20220103,25596,5.765,17789,0,3971,13:10,Fine,18,27,NaN,NaN,NaN,NaN,28378
20220102,32150,7.241,18672,0,3804,12:50,Fine,18,28,NaN,NaN,NaN,NaN,28407
20220101,24989,5.628,14876,0,3836,12:05,Fine,16,27,NaN,NaN,NaN,NaN,28434
20211231,33097,7.454,22330,0,3871,13:55,Fine,14,27,NaN,NaN,NaN,NaN,28459
20211230,28425,6.402,18446,0,3849,11:20,Fine,12,26,NaN,NaN,NaN,NaN,28481
20211229,17227,3.880,6125,0,4098,12:30,Mostly Cloudy,13,23,NaN,NaN,NaN,NaN,28500
20211228,20315,4.575,13297,0,4186,13:45,Partly Cloudy,15,21,NaN,NaN,NaN,NaN,28517
20211227,16992,3.827,9632,0,3484,12:45,Mostly Cloudy,18,22,NaN,NaN,NaN,NaN,28532
20211226,18316,4.125,9720,0,3976,12:15,Partly Cloudy,18,26,NaN,NaN,NaN,NaN,28545
20211225,29105,6.555,17134,0,3770,14:15,Fine,18,29,NaN,NaN,NaN,NaN,28555
20211224,27571,6.210,18433,0,4022,12:50,Fine,19,26,NaN,NaN,NaN,NaN,28563
20211223,14661,3.302,7597,0,4077,12:55,Mostly Cloudy,20,27,NaN,NaN,NaN,NaN,28568
20211222,20846,4.695,12751,0,4047,12:45,Partly Cloudy,21,25,NaN,NaN,NaN,NaN,28571
20211221,31887,7.182,19181,0,3720,13:20,Fine,19,28,NaN,NaN,NaN,NaN,28572
20211220,27699,6.239,17632,0,4003,13:05,Fine,17,28,NaN,NaN,NaN,NaN,28570
20211219,19273,4.341,9099,0,3918,13:55,Partly Cloudy,21,34,NaN,NaN,NaN,NaN,28566
20211218,25750,5.800,15055,0,3814,13:45,Fine,16,33,NaN,NaN,NaN,NaN,28560
20211217,22301,5.023,12792,0,4029,13:35,Fine,17,25,NaN,NaN,NaN,NaN,28551
20211216,19073,4.296,8907,0,4071,12:40,Partly Cloudy,19,24,NaN,NaN,NaN,NaN,28540
20211215,30653,6.904,21694,0,3724,14:05,Fine,13,29,NaN,NaN,NaN,NaN,28526
20211214,30328,6.831,22014,0,3854,11:55,Fine,12,24,NaN,NaN,NaN,NaN,28510
20211213,31363,7.064,23122,0,3806,13:15,Fine,16,22,NaN,NaN,NaN,NaN,28492
20211212,29363,6.613,22314,0,4069,12:25,Fine,14,21,NaN,NaN,NaN,NaN,28471
20211211,0,0.000,0,0,NaN,NaN,Not Sure,15,21,NaN,NaN,NaN,NaN,28448
20211210,14886,3.353,5408,0,3765,10:45,Mostly Cloudy,13,22,NaN,NaN,NaN,NaN,28423
20211209,26201,5.901,18378,0,4003,14:05,Fine,16,23,NaN,NaN,NaN,NaN,28395
20211208,8194,1.845,2804,0,2183,10:55,Cloudy,17,19,NaN,NaN,NaN,NaN,28365
20211207,19652,4.426,12352,0,4006,10:55,Partly Cloudy,16,28,NaN,NaN,NaN,NaN,28333
20211206,11827,2.664,4183,0,2287,11:35,Mostly Cloudy,14,22,NaN,NaN,NaN,NaN,28298
20211205,8177,1.842,957,0,2224,11:35,Cloudy,16,19,NaN,NaN,NaN,NaN,28261
20211204,13873,3.125,4550,0,3244,15:05,Mostly Cloudy,17,21,NaN,NaN,NaN,NaN,28221
20211203,22044,4.965,14189,0,3950,13:45,Partly Cloudy,16,29,NaN,NaN,NaN,NaN,28179
20211202,30578,6.887,21597,0,3770,13:20,Fine,15,26,NaN,NaN,NaN,NaN,28134
20211201,27406,6.173,17305,0,4020,13:30,Fine,18,26,NaN,NaN,NaN,NaN,28088
20211130,8999,2.027,2452,0,2527,12:25,Cloudy,17,21,NaN,NaN,NaN,NaN,28039
20211129,2570,0.579,1099,0,1772,09:05,Cloudy,13,17,NaN,NaN,NaN,NaN,27988
20211128,17644,3.974,8225,0,4025,13:10,Mostly Cloudy,15,20,NaN,NaN,NaN,NaN,27934
20211127,10292,2.318,2843,0,2707,14:30,Cloudy,15,18,NaN,NaN,NaN,NaN,27878
20211126,7499,1.689,2195,0,2510,12:45,Cloudy,16,18,NaN,NaN,NaN,NaN,27820
20211125,10673,2.404,2670,0,2716,11:30,Cloudy,20,25,NaN,NaN,NaN,NaN,27759
20211124,19852,4.471,9987,0,3995,13:25,Partly Cloudy,17,26,NaN,NaN,NaN,NaN,27696
20211123,14414,3.246,5833,0,3889,13:10,Mostly Cloudy,16,21,NaN,NaN,NaN,NaN,27631
20211122,20289,4.570,11707,0,4230,14:20,Partly Cloudy,15,20,NaN,NaN,NaN,NaN,27562
20211121,4987,1.123,89,0,1130,10:35,Cloudy,15,15,NaN,NaN,NaN,NaN,27492
20211120,8922,2.009,2274,0,2011,12:45,Cloudy,17,20,NaN,NaN,NaN,NaN,27420
20211119,14465,3.258,8455,0,3775,13:50,Mostly Cloudy,16,29,NaN,NaN,NaN,NaN,27345
20211118,30567,6.884,20549,0,3862,13:50,Fine,12,25,NaN,NaN,NaN,NaN,27268
20211117,21269,4.790,11860,0,4206,13:35,Partly Cloudy,10,20,NaN,NaN,NaN,NaN,27189
20211116,30504,6.870,20563,0,4068,10:55,Fine,10,19,NaN,NaN,NaN,NaN,27108
20211115,28462,6.410,19717,0,4037,13:55,Fine,8,22,NaN,NaN,NaN,NaN,27022
20211114,23515,5.296,14904,0,4044,13:25,Fine,8,22,NaN,NaN,NaN,NaN,26936
20211113,3432,0.773,945,0,2317,17:00,Showers,13,20,NaN,NaN,NaN,NaN,26848
20211112,20174,4.544,11425,0,4040,12:20,Partly Cloudy,12,20,NaN,NaN,NaN,NaN,26758
20211111,8452,1.904,2311,0,2921,12:05,Cloudy,17,18,NaN,NaN,NaN,NaN,26665
20211110,5041,1.135,396,0,1712,16:05,Cloudy,18,21,NaN,NaN,NaN,NaN,26570
20211109,24094,5.427,15204,0,4005,14:05,Fine,16,24,NaN,NaN,NaN,NaN,26473
20211108,23308,5.250,15349,0,4096,15:10,Fine,17,22,NaN,NaN,NaN,NaN,26372
20211107,8981,2.023,2882,0,2840,11:25,Cloudy,15,23,NaN,NaN,NaN,NaN,26270
20211106,28257,6.364,20364,0,3749,13:20,Fine,13,24,NaN,NaN,NaN,NaN,26167
20211105,6151,1.385,1845,0,3792,14:40,Cloudy,16,23,NaN,NaN,NaN,NaN,26061
20211104,6954,1.566,606,0,1384,14:50,Cloudy,17,20,NaN,NaN,NaN,NaN,25953
20211103,25177,5.670,16768,0,4096,11:00,Fine,14,23,NaN,NaN,NaN,NaN,25843
20211102,29911,6.737,21863,0,3925,14:00,Fine,12,24,NaN,NaN,NaN,NaN,25729
20211101,13502,3.041,7709,0,3777,12:20,Mostly Cloudy,9,23,NaN,NaN,NaN,NaN,25615
20211031,23594,5.314,14882,0,4213,12:30,Fine,9,21,NaN,NaN,NaN,NaN,25498
20211030,20928,4.714,10024,0,4176,14:45,Partly Cloudy,15,18,NaN,NaN,NaN,NaN,25380
20211029,23405,5.271,12531,0,3796,13:50,Fine,15,32,NaN,NaN,NaN,NaN,25260
20211028,23186,5.222,15987,0,3877,11:35,Fine,14,31,NaN,NaN,NaN,NaN,25135
20211027,27648,6.227,18299,0,3784,13:35,Fine,14,24,NaN,NaN,NaN,NaN,25011
20211026,24075,5.422,15170,0,4126,11:55,Fine,9,20,NaN,NaN,NaN,NaN,24885
20211025,29194,6.575,19507,0,3854,14:10,Fine,11,21,NaN,NaN,NaN,NaN,24757
20211024,27677,6.234,18434,0,4026,11:35,Fine,16,20,NaN,NaN,NaN,NaN,24627
20211023,22360,5.036,13826,0,3806,13:55,Fine,12,28,NaN,NaN,NaN,NaN,24495
20211022,21577,4.860,13242,0,4056,13:05,Partly Cloudy,13,23,NaN,NaN,NaN,NaN,24359
20211021,23842,5.370,13901,0,4138,12:05,Fine,11,22,NaN,NaN,NaN,NaN,24224
20211020,24963,5.622,16442,0,3918,12:55,Fine,8,21,NaN,NaN,NaN,NaN,24087
20211019,21396,4.819,15813,0,4100,13:35,Partly Cloudy,11,23,NaN,NaN,NaN,NaN,23948
20211018,27531,6.201,19919,0,3690,12:50,Fine,9,26,NaN,NaN,NaN,NaN,23807
20211017,27772,6.255,19836,0,3726,12:15,Fine,6,21,NaN,NaN,NaN,NaN,23663
20211016,23056,5.193,15479,0,4054,12:55,Fine,12,22,NaN,NaN,NaN,NaN,23519
20211015,19419,4.374,13590,0,4115,15:05,Partly Cloudy,13,22,NaN,NaN,NaN,NaN,23373
20211014,18749,4.223,12148,0,3844,12:45,Partly Cloudy,15,24,NaN,NaN,NaN,NaN,23226
20211013,9950,2.241,3474,0,2306,12:55,Cloudy,13,18,NaN,NaN,NaN,NaN,23077
20211012,10651,2.399,4748,0,2761,12:45,Cloudy,12,17,NaN,NaN,NaN,NaN,22926
20211011,6992,1.575,2040,0,1578,10:50,Cloudy,10,13,NaN,NaN,NaN,NaN,22774
20211010,13741,3.095,8726,0,4060,12:15,Mostly Cloudy,12,26,NaN,NaN,NaN,NaN,22621
20211009,24284,5.469,14775,0,3409,13:10,Fine,10,27,NaN,NaN,NaN,NaN,22466
20211008,24527,5.524,17398,0,3743,13:05,Fine,14,20,NaN,NaN,NaN,NaN,22309
20211007,22170,4.993,16284,0,3501,13:10,Partly Cloudy,8,29,NaN,NaN,NaN,NaN,22153
20211006,26087,5.875,19290,0,3531,13:10,Fine,9,24,NaN,NaN,NaN,NaN,21994
20211005,25904,5.834,19744,0,3681,13:10,Fine,9,21,NaN,NaN,NaN,NaN,21835
20211004,23898,5.382,17595,0,3736,13:30,Fine,13,26,NaN,NaN,NaN,NaN,21674
20211003,20793,4.683,13410,0,3966,12:45,Partly Cloudy,10,24,NaN,NaN,NaN,NaN,21513
20211002,1907,0.430,779,0,2907,15:35,Showers,9,23,NaN,NaN,NaN,NaN,21349
20211001,18129,4.083,10612,0,3769,12:50,Partly Cloudy,13,25,NaN,NaN,NaN,NaN,21185
20210930,17853,4.021,9216,0,3571,13:20,Partly Cloudy,12,23,NaN,NaN,NaN,NaN,21021
20210929,7672,1.728,2589,0,2401,09:10,Cloudy,11,21,NaN,NaN,NaN,NaN,20855
20210928,19435,4.377,11856,0,3671,13:25,Partly Cloudy,6,22,NaN,NaN,NaN,NaN,20688
20210927,17774,4.003,10243,0,4213,11:25,Partly Cloudy,7,18,NaN,NaN,NaN,NaN,20521
20210926,16014,3.607,8016,0,4221,11:40,Mostly Cloudy,10,15,NaN,NaN,NaN,NaN,20353
20210925,23407,5.272,15894,0,3684,13:15,Fine,7,20,NaN,NaN,NaN,NaN,20185
20210924,22126,4.983,16161,0,3576,12:30,Partly Cloudy,7,26,NaN,NaN,NaN,NaN,20015
20210923,22867,5.150,16566,0,3246,12:25,Fine,7,27,NaN,NaN,NaN,NaN,19846
20210922,23682,5.334,14868,0,3413,10:35,Fine,7,18,NaN,NaN,NaN,NaN,19675
20210921,22366,5.037,15389,0,3879,11:50,Fine,8,16,NaN,NaN,NaN,NaN,19505
20210920,22792,5.133,15775,0,3338,12:40,Fine,7,25,NaN,NaN,NaN,NaN,19334
20210919,22685,5.109,13774,0,3331,12:10,Fine,5,23,NaN,NaN,NaN,NaN,19162
20210918,7714,1.737,2493,0,1803,11:45,Cloudy,12,23,NaN,NaN,NaN,NaN,18990
20210917,22493,5.066,13497,0,3331,12:25,Fine,5,21,NaN,NaN,NaN,NaN,18818
20210916,18533,4.174,11721,0,3795,11:40,Partly Cloudy,7,16,NaN,NaN,NaN,NaN,18646
20210915,20614,4.643,12677,0,3737,12:55,Partly Cloudy,7,17,NaN,NaN,NaN,NaN,18474
20210914,16238,3.657,8971,0,4014,11:05,Mostly Cloudy,9,15,NaN,NaN,NaN,NaN,18302
20210913,11922,2.685,6581,0,3399,12:20,Mostly Cloudy,11,17,NaN,NaN,NaN,NaN,18130
20210912,21126,4.758,12694,0,3145,12:50,Partly Cloudy,9,29,NaN,NaN,NaN,NaN,17957
20210911,21135,4.760,12651,0,3116,12:05,Partly Cloudy,7,28,NaN,NaN,NaN,NaN,17785
20210910,12422,2.798,7149,0,3207,11:10,Mostly Cloudy,9,24,NaN,NaN,NaN,NaN,17614
20210909,17693,3.985,11144,0,3631,12:10,Mostly Cloudy,6,27,NaN,NaN,NaN,NaN,17442
20210908,950,0.214,254,0,1454,08:35,Showers,5,22,NaN,NaN,NaN,NaN,17271
20210907,20960,4.721,13844,0,3137,12:10,Partly Cloudy,4,23,NaN,NaN,NaN,NaN,17100
20210906,20176,4.544,13446,0,3454,11:55,Partly Cloudy,8,18,NaN,NaN,NaN,NaN,16929
20210905,1524,0.343,315,0,2323,15:00,Showers,13,18,NaN,NaN,NaN,NaN,16759
20210904,7998,1.801,3632,0,2592,12:00,Cloudy,12,22,NaN,NaN,NaN,NaN,16590
20210903,18602,4.190,11680,0,2862,12:25,Partly Cloudy,9,24,NaN,NaN,NaN,NaN,16421
20210902,15954,3.593,8742,0,3340,12:45,Mostly Cloudy,9,22,NaN,NaN,NaN,NaN,16253
20210901,18389,4.142,11926,0,2841,12:25,Partly Cloudy,4,24,NaN,NaN,NaN,NaN,16086
20210831,18548,4.177,11418,0,2885,12:30,Partly Cloudy,4,22,NaN,NaN,NaN,NaN,15919
20210830,17102,3.852,10780,0,3028,11:45,Mostly Cloudy,3,19,NaN,NaN,NaN,NaN,15753
20210829,10771,2.426,4642,0,3806,11:25,Cloudy,4,17,NaN,NaN,NaN,NaN,15588
20210828,9919,2.234,4811,0,3402,13:40,Cloudy,6,17,NaN,NaN,NaN,NaN,15424
20210827,14681,3.307,7980,0,4082,12:55,Mostly Cloudy,3,20,NaN,NaN,NaN,NaN,15262
20210826,15344,3.456,8391,0,3699,12:00,Mostly Cloudy,4,17,NaN,NaN,NaN,NaN,15100
20210825,11416,2.571,5353,0,3153,11:45,Mostly Cloudy,8,15,NaN,NaN,NaN,NaN,14939
20210824,1345,0.303,0,0,829,11:40,Showers,9,10,NaN,NaN,NaN,NaN,14780
20210823,8406,1.893,3173,0,2567,10:35,Cloudy,9,24,NaN,NaN,NaN,NaN,14622
20210822,15874,3.575,8344,0,2708,12:40,Mostly Cloudy,6,26,NaN,NaN,NaN,NaN,14465
20210821,11535,2.598,5074,0,2876,12:20,Mostly Cloudy,9,23,NaN,NaN,NaN,NaN,14309
20210820,16668,3.754,9675,0,2717,12:20,Mostly Cloudy,7,23,NaN,NaN,NaN,NaN,14155
20210819,15876,3.576,9200,0,2827,14:10,Mostly Cloudy,4,21,NaN,NaN,NaN,NaN,14002
20210818,17080,3.847,9820,0,2946,12:10,Mostly Cloudy,6,19,NaN,NaN,NaN,NaN,13851
20210817,16842,3.793,9955,0,2733,12:35,Mostly Cloudy,5,18,NaN,NaN,NaN,NaN,13702
20210816,16463,3.708,10507,0,2705,12:40,Mostly Cloudy,2,22,NaN,NaN,NaN,NaN,13554
20210815,16791,3.782,8980,0,2774,12:15,Mostly Cloudy,4,20,NaN,NaN,NaN,NaN,13407
20210814,15855,3.571,9186,0,2651,12:50,Mostly Cloudy,3,20,NaN,NaN,NaN,NaN,13263
20210813,16335,3.679,8746,0,2681,12:15,Mostly Cloudy,3,19,NaN,NaN,NaN,NaN,13120
20210812,16083,3.622,10422,0,2727,12:40,Mostly Cloudy,19,19,NaN,NaN,NaN,NaN,12979
20210811,15390,3.466,9799,0,3100,14:00,Mostly Cloudy,23,23,NaN,NaN,NaN,NaN,12840
20210810,14241,3.207,7273,0,2706,12:40,Mostly Cloudy,5,21,NaN,NaN,NaN,NaN,12703
20210809,13479,3.036,7591,0,3160,12:30,Mostly Cloudy,6,18,NaN,NaN,NaN,NaN,12568
20210808,5969,1.344,1737,0,1530,10:15,Cloudy,9,16,NaN,NaN,NaN,NaN,12435
20210807,15772,3.552,9965,0,2636,12:20,Mostly Cloudy,4,19,NaN,NaN,NaN,NaN,12304
20210806,1968,0.443,673,0,1595,14:55,Showers,4,20,NaN,NaN,NaN,NaN,12175
20210805,0,0.000,0,0,NaN,NaN,Not Sure,4,19,NaN,NaN,NaN,NaN,12048
20210804,0,0.000,0,0,NaN,NaN,Not Sure,4,15,NaN,NaN,NaN,NaN,11924
20210803,0,0.000,0,0,NaN,NaN,Not Sure,9,19,NaN,NaN,NaN,NaN,11801
20210802,0,0.000,0,0,NaN,NaN,Not Sure,4,18,NaN,NaN,NaN,NaN,11681
20210801,0,0.000,0,0,NaN,NaN,Not Sure,11,25,NaN,NaN,NaN,NaN,11563
20210731,0,0.000,0,0,NaN,NaN,Not Sure,3,22,NaN,NaN,NaN,NaN,11448
20210730,0,0.000,0,0,NaN,NaN,Not Sure,1,18,NaN,NaN,NaN,NaN,11335
20210729,0,0.000,0,0,NaN,NaN,Not Sure,10,17,NaN,NaN,NaN,NaN,11224
20210728,0,0.000,0,0,NaN,NaN,Not Sure,7,25,NaN,NaN,NaN,NaN,11116
20210727,4189,0.943,1368,0,1104,12:25,Mostly Cloudy,5,20,NaN,NaN,NaN,NaN,11011
20210726,3784,0.852,506,0,1229,12:20,Cloudy,4,19,NaN,NaN,NaN,NaN,10907
20210725,6630,1.493,1805,0,1207,12:30,Partly Cloudy,10,15,NaN,NaN,NaN,NaN,10807
20210724,5778,1.301,1302,0,1190,12:05,Mostly Cloudy,8,18,NaN,NaN,NaN,NaN,10709
20210723,2643,0.595,192,0,1290,12:15,Cloudy,7,16,NaN,NaN,NaN,NaN,10614
20210722,6361,1.433,1954,0,1093,12:30,Partly Cloudy,2,17,NaN,NaN,NaN,NaN,10521
20210721,4231,0.953,934,0,1272,12:40,Mostly Cloudy,8,14,NaN,NaN,NaN,NaN,10431
20210720,3767,0.848,871,0,1187,10:55,Cloudy,3,15,NaN,NaN,NaN,NaN,10344
20210719,4391,0.989,374,0,1213,12:40,Mostly Cloudy,2,15,NaN,NaN,NaN,NaN,10259
20210718,6297,1.418,1922,0,1078,12:20,Partly Cloudy,8,18,NaN,NaN,NaN,NaN,10178
20210717,5278,1.189,1073,0,1182,11:40,Mostly Cloudy,12,15,NaN,NaN,NaN,NaN,10099
20210716,5389,1.214,1277,0,1300,13:00,Mostly Cloudy,7,18,NaN,NaN,NaN,NaN,10022
20210715,4981,1.122,363,0,1129,13:15,Mostly Cloudy,9,22,NaN,NaN,NaN,NaN,9949
20210714,365,0.082,0,0,173,10:40,Showers,6,14,NaN,NaN,NaN,NaN,9878
20210713,5071,1.142,351,0,1072,11:55,Mostly Cloudy,3,19,NaN,NaN,NaN,NaN,9811
20210712,4611,1.039,166,0,1103,12:20,Mostly Cloudy,5,17,NaN,NaN,NaN,NaN,9746
20210711,4412,0.994,271,0,1177,14:00,Mostly Cloudy,7,17,NaN,NaN,NaN,NaN,9684
20210710,1130,0.255,0,0,310,10:15,Showers,10,14,NaN,NaN,NaN,NaN,9625
20210709,531,0.120,0,0,196,10:30,Showers,5,12,NaN,NaN,NaN,NaN,9569
20210708,4503,1.014,567,0,1011,13:25,Mostly Cloudy,2,17,NaN,NaN,NaN,NaN,9516
20210707,4882,1.100,324,0,1214,10:45,Mostly Cloudy,2,17,NaN,NaN,NaN,NaN,9466
20210706,5180,1.167,194,0,1054,12:10,Mostly Cloudy,4,16,NaN,NaN,NaN,NaN,9419
20210705,5618,1.265,247,0,1045,12:10,Mostly Cloudy,2,16,NaN,NaN,NaN,NaN,9375
20210704,5996,1.350,1303,0,1076,12:05,Mostly Cloudy,3,15,NaN,NaN,NaN,NaN,9334
20210703,5387,1.213,891,0,1010,11:50,Mostly Cloudy,4,19,NaN,NaN,NaN,NaN,9296
20210702,4146,0.934,73,0,1167,11:10,Mostly Cloudy,9,19,NaN,NaN,NaN,NaN,9261
20210701,2229,0.502,51,0,1139,12:20,Cloudy,9,17,NaN,NaN,NaN,NaN,9230
20210630,2628,0.592,88,0,1117,12:40,Cloudy,9,18,NaN,NaN,NaN,NaN,9201
20210629,1970,0.444,195,0,1201,12:30,Cloudy,5,16,NaN,NaN,NaN,NaN,9175
20210628,1615,0.364,3,0,824,10:15,Cloudy,4,16,NaN,NaN,NaN,NaN,9152
20210627,5758,1.297,1103,0,1043,11:50,Mostly Cloudy,2,19,NaN,NaN,NaN,NaN,9132
20210626,5760,1.297,1593,0,1072,13:00,Mostly Cloudy,4,18,NaN,NaN,NaN,NaN,9116
20210625,5683,1.280,943,0,1042,12:05,Mostly Cloudy,8,19,NaN,NaN,NaN,NaN,9102
20210624,2096,0.472,103,0,1104,13:15,Cloudy,9,21,NaN,NaN,NaN,NaN,9092
20210623,2874,0.647,103,0,1126,12:20,Cloudy,7,18,NaN,NaN,NaN,NaN,9085
20210622,2589,0.583,279,0,1120,12:20,Cloudy,7,17,NaN,NaN,NaN,NaN,9081
20210621,2604,0.586,285,0,1153,11:15,Cloudy,10,15,NaN,NaN,NaN,NaN,9080
20210620,1672,0.377,36,0,1116,13:05,Cloudy,11,15,NaN,NaN,NaN,NaN,9082
20210619,740,0.167,0,0,240,11:30,Showers,10,15,NaN,NaN,NaN,NaN,9087
20210618,5243,1.181,376,0,1110,12:10,Mostly Cloudy,3,18,NaN,NaN,NaN,NaN,9095
20210617,5457,1.229,1476,0,1049,12:00,Mostly Cloudy,8,17,NaN,NaN,NaN,NaN,9106
20210616,5233,1.179,309,0,994,12:00,Mostly Cloudy,4,19,NaN,NaN,NaN,NaN,9121
20210615,1898,0.427,55,0,1287,12:50,Cloudy,8,17,NaN,NaN,NaN,NaN,9138
20210614,2733,0.616,106,0,955,11:40,Cloudy,6,17,NaN,NaN,NaN,NaN,9159
20210613,5728,1.290,1419,0,1028,12:00,Mostly Cloudy,3,18,NaN,NaN,NaN,NaN,9183
20210612,5620,1.266,908,0,1112,11:45,Mostly Cloudy,4,17,NaN,NaN,NaN,NaN,9209
20210611,3816,0.859,1253,0,1102,12:45,Mostly Cloudy,3,15,NaN,NaN,NaN,NaN,9239
20210610,741,0.167,0,0,209,09:50,Showers,2,10,NaN,NaN,NaN,NaN,9272
20210609,4972,1.120,551,0,1156,12:15,Mostly Cloudy,8,15,NaN,NaN,NaN,NaN,9308
20210608,2107,0.475,43,0,1150,13:40,Cloudy,10,18,NaN,NaN,NaN,NaN,9348
20210607,5148,1.159,281,0,1031,11:10,Mostly Cloudy,7,18,NaN,NaN,NaN,NaN,9390
20210606,5678,1.279,1920,0,1017,12:05,Mostly Cloudy,7,18,NaN,NaN,NaN,NaN,9435
20210605,5852,1.318,614,0,1041,11:55,Mostly Cloudy,7,16,NaN,NaN,NaN,NaN,9483
20210604,4265,0.961,398,0,1137,12:50,Mostly Cloudy,9,19,NaN,NaN,NaN,NaN,9535
20210603,438,0.099,0,0,125,12:10,Showers,10,13,NaN,NaN,NaN,NaN,9589
20210602,5478,1.234,1275,0,996,12:15,Mostly Cloudy,8,21,NaN,NaN,NaN,NaN,9647
20210601,4817,1.085,782,0,1181,11:10,Mostly Cloudy,7,19,NaN,NaN,NaN,NaN,9707
20210531,5793,1.305,1693,0,1014,11:55,Mostly Cloudy,9,18,NaN,NaN,NaN,NaN,9770
20210530,2299,0.518,74,0,1058,12:00,Cloudy,10,15,NaN,NaN,NaN,NaN,9837
20210529,3628,0.817,526,0,1169,11:35,Cloudy,8,15,NaN,NaN,NaN,NaN,9906
20210528,6215,1.400,1619,0,1091,11:55,Partly Cloudy,9,16,NaN,NaN,NaN,NaN,9978
20210527,6161,1.388,988,0,1066,12:00,Partly Cloudy,9,18,NaN,NaN,NaN,NaN,10053
20210526,6008,1.353,1653,0,1057,12:15,Mostly Cloudy,11,21,NaN,NaN,NaN,NaN,10131
20210525,5560,1.252,805,0,1050,12:15,Mostly Cloudy,7,21,NaN,NaN,NaN,NaN,10212
20210524,1872,0.422,39,0,954,10:05,Cloudy,9,19,NaN,NaN,NaN,NaN,10296
20210523,3177,0.716,257,0,1205,11:30,Cloudy,7,20,NaN,NaN,NaN,NaN,10382
20210522,5406,1.218,1740,0,1052,13:15,Mostly Cloudy,5,20,NaN,NaN,NaN,NaN,10472
20210521,1005,0.226,0,0,430,10:50,Showers,5,17,NaN,NaN,NaN,NaN,10564
20210520,4922,1.109,1679,0,1128,11:10,Mostly Cloudy,4,21,NaN,NaN,NaN,NaN,10659
20210519,6422,1.446,2615,0,1076,12:05,Partly Cloudy,4,20,NaN,NaN,NaN,NaN,10756
20210518,6270,1.412,2422,0,1052,11:55,Partly Cloudy,4,19,NaN,NaN,NaN,NaN,10857
20210517,6000,1.351,2446,0,1196,12:40,Mostly Cloudy,8,18,NaN,NaN,NaN,NaN,10960
20210516,6738,1.518,2742,0,1119,12:15,Partly Cloudy,5,18,NaN,NaN,NaN,NaN,11065
20210515,4664,1.050,1749,0,1305,10:45,Mostly Cloudy,5,18,NaN,NaN,NaN,NaN,11174
20210514,6898,1.554,3368,0,1134,11:55,Partly Cloudy,9,19,NaN,NaN,NaN,NaN,11284
20210513,6027,1.357,2845,0,1052,11:55,Mostly Cloudy,11,23,NaN,NaN,NaN,NaN,11398
20210512,5989,1.349,2677,0,1215,11:35,Mostly Cloudy,10,20,NaN,NaN,NaN,NaN,11514
20210511,4405,0.992,1909,0,1211,12:30,Mostly Cloudy,11,22,NaN,NaN,NaN,NaN,11632
20210510,6034,1.359,1564,0,1102,13:10,Mostly Cloudy,10,24,NaN,NaN,NaN,NaN,11753
20210509,1320,0.297,0,0,283,12:00,Showers,13,20,NaN,NaN,NaN,NaN,11876
20210508,4994,1.125,1128,0,1153,13:00,Mostly Cloudy,12,25,NaN,NaN,NaN,NaN,12001
20210507,3562,0.802,667,0,1213,12:20,Cloudy,17,22,NaN,NaN,NaN,NaN,12129
20210506,2186,0.492,0,0,740,09:40,Cloudy,16,21,NaN,NaN,NaN,NaN,12259
20210505,1765,0.398,20,0,1020,14:00,Cloudy,14,20,NaN,NaN,NaN,NaN,12392
20210504,392,0.088,0,0,138,13:15,Showers,11,16,NaN,NaN,NaN,NaN,12526
20210503,6326,1.425,818,0,1073,12:20,Partly Cloudy,10,25,NaN,NaN,NaN,NaN,12663
20210502,5215,1.175,1519,0,1091,13:20,Mostly Cloudy,10,23,NaN,NaN,NaN,NaN,12802
20210501,4334,0.976,436,0,1332,11:25,Mostly Cloudy,10,23,NaN,NaN,NaN,NaN,12942
20210430,4018,0.905,801,0,1278,12:40,Mostly Cloudy,8,22,NaN,NaN,NaN,NaN,13085
20210429,6355,1.431,727,0,1025,12:20,Partly Cloudy,9,23,NaN,NaN,NaN,NaN,13230
20210428,4828,1.087,719,0,1149,13:35,Mostly Cloudy,10,22,NaN,NaN,NaN,NaN,13377
20210427,6532,1.471,1735,0,1173,11:45,Partly Cloudy,12,22,NaN,NaN,NaN,NaN,13525
20210426,6520,1.468,998,0,1142,12:50,Partly Cloudy,8,22,NaN,NaN,NaN,NaN,13675
20210425,5459,1.230,1857,0,1244,12:25,Mostly Cloudy,6,21,NaN,NaN,NaN,NaN,13827
20210424,6748,1.520,2430,0,1146,11:40,Partly Cloudy,6,22,NaN,NaN,NaN,NaN,13981
20210423,7407,1.668,1622,0,1147,11:45,Partly Cloudy,6,21,NaN,NaN,NaN,NaN,14137
20210422,7269,1.637,2261,0,1223,13:35,Partly Cloudy,6,19,NaN,NaN,NaN,NaN,14293
20210421,7549,1.700,2493,0,1277,11:55,Partly Cloudy,8,20,NaN,NaN,NaN,NaN,14452
20210420,5296,1.193,956,0,1136,11:10,Mostly Cloudy,6,22,NaN,NaN,NaN,NaN,14612
20210419,7340,1.653,1802,0,1125,12:05,Partly Cloudy,8,24,NaN,NaN,NaN,NaN,14773
20210418,5710,1.286,1793,0,1336,11:25,Mostly Cloudy,7,22,NaN,NaN,NaN,NaN,14936
20210417,1087,0.245,21,0,495,11:10,Showers,12,19,NaN,NaN,NaN,NaN,15100
20210416,5705,1.285,1800,0,1412,12:20,Mostly Cloudy,15,21,NaN,NaN,NaN,NaN,15265
20210415,7429,1.673,2593,0,1169,13:20,Partly Cloudy,9,25,NaN,NaN,NaN,NaN,15432
20210414,5922,1.334,1848,0,1346,12:15,Mostly Cloudy,7,27,NaN,NaN,NaN,NaN,15599
20210413,7821,1.761,2843,0,1168,11:50,Fine,8,22,NaN,NaN,NaN,NaN,15768
20210412,7783,1.753,1481,0,1203,12:05,Fine,8,19,NaN,NaN,NaN,NaN,15937
20210411,8239,1.856,3063,0,1254,12:10,Fine,9,18,NaN,NaN,NaN,NaN,16108
20210410,6758,1.522,2565,0,1187,12:30,Partly Cloudy,15,23,NaN,NaN,NaN,NaN,16279
20210409,4448,1.002,758,0,1217,13:40,Mostly Cloudy,14,28,NaN,NaN,NaN,NaN,16451
20210408,5486,1.236,819,0,1366,13:00,Mostly Cloudy,16,25,NaN,NaN,NaN,NaN,16624
20210407,3988,0.898,1330,0,1544,12:20,Mostly Cloudy,16,24,NaN,NaN,NaN,NaN,16798
20210406,4463,1.005,289,0,1414,11:40,Mostly Cloudy,16,26,NaN,NaN,NaN,NaN,16972
20210405,5707,1.285,1445,0,1281,11:00,Mostly Cloudy,14,26,NaN,NaN,NaN,NaN,17147
20210404,7012,1.579,1363,0,1187,11:20,Partly Cloudy,13,29,NaN,NaN,NaN,NaN,17192
20210403,7601,1.712,2651,0,1227,13:30,Fine,13,26,NaN,NaN,NaN,NaN,17498
20210402,6535,1.472,824,0,1273,12:15,Partly Cloudy,13,26,NaN,NaN,NaN,NaN,17674
20210401,5211,1.174,529,0,1456,14:10,Mostly Cloudy,13,24,NaN,NaN,NaN,NaN,17850
20210331,7416,1.670,2456,0,1299,13:40,Partly Cloudy,14,23,NaN,NaN,NaN,NaN,18027
20210330,5895,1.328,1577,0,1324,13:00,Mostly Cloudy,15,22,NaN,NaN,NaN,NaN,18204
20210329,6930,1.561,2137,0,1298,14:10,Partly Cloudy,13,25,NaN,NaN,NaN,NaN,18381
20210328,7395,1.666,2519,0,1287,13:25,Partly Cloudy,13,24,NaN,NaN,NaN,NaN,18558
20210327,7046,1.587,1933,0,1295,13:05,Partly Cloudy,14,27,NaN,NaN,NaN,NaN,18734
20210326,6778,1.527,2258,0,1415,12:45,Partly Cloudy,13,23,NaN,NaN,NaN,NaN,18911
20210325,5689,1.281,1277,0,1315,13:25,Mostly Cloudy,14,27,NaN,NaN,NaN,NaN,19088
20210324,7078,1.594,1875,0,1329,11:55,Partly Cloudy,14,28,NaN,NaN,NaN,NaN,19265
20210323,548,0.123,0,0,269,15:15,Showers,17,20,NaN,NaN,NaN,NaN,19441
20210322,783,0.176,0,0,202,10:20,Showers,17,20,NaN,NaN,NaN,NaN,19617
20210321,252,0.057,0,0,95,10:40,Showers,19,20,NaN,NaN,NaN,NaN,19793
20210320,219,0.049,0,0,122,12:10,Showers,18,20,NaN,NaN,NaN,NaN,19968
20210319,2959,0.666,227,0,1505,14:00,Cloudy,17,23,NaN,NaN,NaN,NaN,20142
20210318,243,0.055,0,0,98,09:10,Showers,17,21,NaN,NaN,NaN,NaN,20316
20210317,2945,0.663,254,0,1126,13:50,Cloudy,16,22,NaN,NaN,NaN,NaN,20490
20210316,2738,0.617,183,0,1062,12:10,Cloudy,14,21,NaN,NaN,NaN,NaN,20663
20210315,8462,1.906,3976,0,1256,12:30,Fine,11,22,NaN,NaN,NaN,NaN,20835
20210314,773,0.174,0,0,427,13:10,Showers,19,20,NaN,NaN,NaN,NaN,21006
20210313,6427,1.448,245,0,1179,13:15,Partly Cloudy,17,30,NaN,NaN,NaN,NaN,21176
20210312,3817,0.860,295,0,1326,12:30,Mostly Cloudy,20,27,NaN,NaN,NaN,NaN,21346
20210311,3659,0.824,379,0,1335,12:00,Cloudy,17,26,NaN,NaN,NaN,NaN,21515
20210310,3922,0.883,258,0,1284,14:30,Mostly Cloudy,18,25,NaN,NaN,NaN,NaN,21682
20210309,6643,1.496,812,0,1269,13:25,Partly Cloudy,16,27,NaN,NaN,NaN,NaN,21849
20210308,4534,1.021,175,0,1246,12:40,Mostly Cloudy,16,31,NaN,NaN,NaN,NaN,22014
20210307,7205,1.623,2780,0,1481,12:40,Partly Cloudy,14,25,NaN,NaN,NaN,NaN,22178
20210306,7435,1.675,2667,0,1360,13:35,Partly Cloudy,17,23,NaN,NaN,NaN,NaN,22341
20210305,6961,1.568,2238,0,1393,12:20,Partly Cloudy,13,24,NaN,NaN,NaN,NaN,22503
20210304,7970,1.795,2835,0,1266,13:00,Fine,14,28,NaN,NaN,NaN,NaN,22663
20210303,6057,1.364,1889,0,1598,12:55,Mostly Cloudy,17,22,NaN,NaN,NaN,NaN,22823
20210302,7254,1.634,1952,0,1404,13:05,Partly Cloudy,17,23,NaN,NaN,NaN,NaN,22980
20210301,7840,1.766,87,0,1145,13:50,Fine,17,30,NaN,NaN,NaN,NaN,23136
20210228,7814,1.760,1252,0,1174,13:15,Fine,17,26,NaN,NaN,NaN,NaN,23291
20210227,1529,0.344,0,0,418,17:40,Cloudy,19,23,NaN,NaN,NaN,NaN,23444
20210226,8065,1.816,509,0,1178,13:05,Fine,15,25,NaN,NaN,NaN,NaN,23596
20210225,2320,0.523,326,0,1205,13:30,Cloudy,15,23,NaN,NaN,NaN,NaN,23746
20210224,2910,0.655,133,0,844,11:40,Cloudy,16,22,NaN,NaN,NaN,NaN,23894
20210223,1768,0.398,19,0,796,14:45,Cloudy,19,21,NaN,NaN,NaN,NaN,24041
20210222,7796,1.756,1149,0,1169,13:45,Fine,18,27,NaN,NaN,NaN,NaN,24186
20210221,8281,1.865,1025,0,1284,14:10,Fine,19,27,NaN,NaN,NaN,NaN,24329
20210220,6288,1.416,9,0,1336,12:30,Partly Cloudy,18,28,NaN,NaN,NaN,NaN,24470
20210219,30,0.007,0,0,356,15:30,Showers,26,26,NaN,NaN,NaN,NaN,24610
20210209,0,0.000,0,0,NaN,NaN,Not Sure,18,19,NaN,NaN,NaN,NaN,25895
20210208,4952,1.115,525,0,1230,15:35,Mostly Cloudy,19,23,NaN,NaN,NaN,NaN,26013
20210207,7835,1.765,1018,0,1267,12:10,Fine,17,26,NaN,NaN,NaN,NaN,26128
20210206,1892,0.426,0,0,423,12:25,Cloudy,21,25,NaN,NaN,NaN,NaN,26240
20210205,8151,1.836,208,0,1253,12:25,Fine,18,28,NaN,NaN,NaN,NaN,26351
20210204,7984,1.798,1106,0,1194,13:15,Fine,15,28,NaN,NaN,NaN,NaN,26459
20210203,7370,1.660,2115,0,1419,13:10,Partly Cloudy,16,24,NaN,NaN,NaN,NaN,26565
20210202,6290,1.417,1764,0,1506,13:00,Partly Cloudy,17,23,NaN,NaN,NaN,NaN,26669
20210201,5920,1.333,705,0,1283,12:25,Mostly Cloudy,20,27,NaN,NaN,NaN,NaN,26771
20210131,1983,0.447,2,0,454,12:20,Cloudy,21,23,NaN,NaN,NaN,NaN,26870
20210130,4178,0.941,0,0,1243,15:00,Mostly Cloudy,20,29,NaN,NaN,NaN,NaN,26967
20210129,2086,0.470,10,0,539,10:30,Cloudy,18,21,NaN,NaN,NaN,NaN,27062
20210128,2203,0.496,4,0,453,14:00,Cloudy,18,22,NaN,NaN,NaN,NaN,27154
20210127,1664,0.375,0,0,586,12:15,Cloudy,21,23,NaN,NaN,NaN,NaN,27244
20210126,4979,1.121,0,0,1083,12:25,Mostly Cloudy,19,39,NaN,NaN,NaN,NaN,27332
20210125,7773,1.751,12,0,1386,13:35,Fine,21,32,NaN,NaN,NaN,NaN,27417
20210124,7654,1.724,0,0,1092,12:55,Fine,20,35,NaN,NaN,NaN,NaN,27500
20210123,2975,0.670,0,0,1037,14:10,Cloudy,20,32,NaN,NaN,NaN,NaN,27581
20210122,2020,0.455,0,0,995,14:45,Cloudy,15,34,NaN,NaN,NaN,NaN,27659
20210121,8164,1.839,2621,0,1240,11:20,Fine,11,27,NaN,NaN,NaN,NaN,27735
20210120,51,0.011,0,0,81,08:20,Showers,16,17,NaN,NaN,NaN,NaN,27808
20210119,1960,0.441,4,0,856,15:15,Cloudy,18,23,NaN,NaN,NaN,NaN,27879
20210118,7939,1.788,872,0,1126,12:55,Fine,15,29,NaN,NaN,NaN,NaN,27948
20210117,2041,0.460,232,0,968,16:10,Cloudy,12,25,NaN,NaN,NaN,NaN,28014
20210116,3879,0.874,651,0,1076,11:35,Mostly Cloudy,17,26,NaN,NaN,NaN,NaN,28078
20210115,5985,1.348,493,0,1160,12:50,Mostly Cloudy,20,28,NaN,NaN,NaN,NaN,28139
20210114,604,0.136,0,0,466,17:20,Showers,20,33,NaN,NaN,NaN,NaN,28198
20210113,7714,1.737,133,0,1150,12:45,Fine,18,29,NaN,NaN,NaN,NaN,28255
20210112,7386,1.664,390,0,1217,12:40,Partly Cloudy,16,30,NaN,NaN,NaN,NaN,28309
20210111,8187,1.844,1186,0,1130,13:35,Fine,15,27,NaN,NaN,NaN,NaN,28361
20210110,7748,1.745,1372,0,1106,13:40,Fine,14,27,NaN,NaN,NaN,NaN,28410
20210109,6830,1.538,2345,0,1291,13:35,Partly Cloudy,13,24,NaN,NaN,NaN,NaN,28457
20210108,1032,0.232,45,0,770,09:55,Showers,17,22,NaN,NaN,NaN,NaN,28501
20210116,3879,0.874,651,0,1076,11:35,Mostly Cloudy,17,26,NaN,NaN,NaN,NaN,28078
20210115,5985,1.348,493,0,1160,12:50,Mostly Cloudy,20,28,NaN,NaN,NaN,NaN,28139
20210114,604,0.136,0,0,466,17:20,Showers,20,33,NaN,NaN,NaN,NaN,28198
20210113,7714,1.737,133,0,1150,12:45,Fine,18,29,NaN,NaN,NaN,NaN,28255
20210112,7386,1.664,390,0,1217,12:40,Partly Cloudy,16,30,NaN,NaN,NaN,NaN,28309
20210111,8187,1.844,1186,0,1130,13:35,Fine,15,27,NaN,NaN,NaN,NaN,28361
20210110,7748,1.745,1372,0,1106,13:40,Fine,14,27,NaN,NaN,NaN,NaN,28410
20210109,6830,1.538,2345,0,1291,13:35,Partly Cloudy,13,24,NaN,NaN,NaN,NaN,28457
20210108,1032,0.232,45,0,770,09:55,Showers,17,22,NaN,NaN,NaN,NaN,28501
20210107,5581,1.257,380,0,1355,14:20,Mostly Cloudy,18,22,NaN,NaN,NaN,NaN,28544
20210106,4818,1.085,501,0,1269,13:55,Mostly Cloudy,19,24,NaN,NaN,NaN,NaN,28583
20210105,6240,1.405,913,0,1185,13:05,Partly Cloudy,17,28,NaN,NaN,NaN,NaN,28621
20210104,2696,0.607,20,0,926,11:20,Cloudy,18,28,NaN,NaN,NaN,NaN,28655
20210103,3669,0.826,59,0,1195,14:40,Cloudy,19,26,NaN,NaN,NaN,NaN,28688
20210102,2753,0.620,305,0,798,12:55,Cloudy,16,22,NaN,NaN,NaN,NaN,28718
20210101,2051,0.462,64,0,486,13:30,Cloudy,17,21,NaN,NaN,NaN,NaN,28746
20201231,1237,0.279,2,0,657,09:55,Cloudy,17,22,NaN,NaN,NaN,NaN,28771
20201230,4049,0.912,395,0,1315,14:30,Mostly Cloudy,17,23,NaN,NaN,NaN,NaN,28794
20201229,1610,0.363,43,0,692,10:10,Cloudy,16,19,NaN,NaN,NaN,NaN,28814
20201228,5059,1.139,831,0,1238,12:45,Mostly Cloudy,19,27,NaN,NaN,NaN,NaN,28832
20201227,7854,1.769,2743,0,1060,12:35,Fine,15,30,NaN,NaN,NaN,NaN,28848
20201226,4146,0.934,667,0,1301,13:30,Mostly Cloudy,17,25,NaN,NaN,NaN,NaN,28861
20201225,4130,0.930,607,0,1333,15:25,Mostly Cloudy,17,21,NaN,NaN,NaN,NaN,28872
20201224,6197,1.396,339,0,1141,12:00,Partly Cloudy,15,26,NaN,NaN,NaN,NaN,28881
20201223,8092,1.823,3110,0,1195,11:05,Fine,15,24,NaN,NaN,NaN,NaN,28887
20201222,2850,0.642,569,0,1183,15:25,Cloudy,17,27,NaN,NaN,NaN,NaN,28890
20201221,1840,0.414,13,0,419,12:55,Cloudy,17,23,NaN,NaN,NaN,NaN,28891
20201220,38,0.009,0,0,78,09:00,Showers,17,18,NaN,NaN,NaN,NaN,28890
20201219,1296,0.292,1,0,344,14:25,Showers,19,19,NaN,NaN,NaN,NaN,28887
20201218,3297,0.743,53,0,860,14:00,Cloudy,20,32,NaN,NaN,NaN,NaN,28881
20201217,6419,1.446,157,0,1219,14:05,Partly Cloudy,21,31,NaN,NaN,NaN,NaN,28872
20201216,3075,0.693,310,0,1186,11:40,Cloudy,21,27,NaN,NaN,NaN,NaN,28862
20201215,4467,1.006,165,0,1310,13:00,Mostly Cloudy,18,26,NaN,NaN,NaN,NaN,28849
20201214,3880,0.874,489,0,1064,10:50,Mostly Cloudy,17,24,NaN,NaN,NaN,NaN,28833
20201213,6207,1.398,2575,0,1380,11:10,Partly Cloudy,13,24,NaN,NaN,NaN,NaN,28815
20201212,6983,1.573,2894,0,1333,12:20,Partly Cloudy,16,24,NaN,NaN,NaN,NaN,28795
20201211,5907,1.330,1416,0,1270,12:30,Mostly Cloudy,16,21,NaN,NaN,NaN,NaN,28772
20201210,6908,1.556,2011,0,1191,12:35,Partly Cloudy,14,27,NaN,NaN,NaN,NaN,28747
20201209,8098,1.824,3122,0,1143,12:35,Fine,12,25,NaN,NaN,NaN,NaN,28720
20201208,8144,1.834,2638,0,1270,11:55,Fine,15,22,NaN,NaN,NaN,NaN,28690
20201207,8177,1.842,1014,0,1124,13:00,Fine,13,29,NaN,NaN,NaN,NaN,28658
20201206,8144,1.834,1934,0,1120,12:55,Fine,20,29,NaN,NaN,NaN,NaN,28623
20201205,1981,0.446,32,0,663,12:50,Cloudy,19,24,NaN,NaN,NaN,NaN,28586
20201204,7897,1.779,994,0,1065,12:35,Fine,16,33,NaN,NaN,NaN,NaN,28547
20201203,1536,0.346,0,0,407,10:45,Cloudy,16,21,NaN,NaN,NaN,NaN,28505
20201202,4129,0.930,510,0,1269,10:55,Mostly Cloudy,19,22,NaN,NaN,NaN,NaN,28461
20201201,7049,1.588,877,0,1083,13:00,Partly Cloudy,17,28,NaN,NaN,NaN,NaN,28413
20201130,1657,0.373,44,0,1211,11:40,Cloudy,18,23,NaN,NaN,NaN,NaN,28364
20201129,5938,1.337,0,0,1102,12:35,Mostly Cloudy,25,40,NaN,NaN,NaN,NaN,28313
20201128,7271,1.638,246,0,1058,12:50,Partly Cloudy,18,40,NaN,NaN,NaN,NaN,28259
20201127,0,0.000,0,0,NaN,NaN,Not Sure,18,27,NaN,NaN,NaN,NaN,28203
20201126,3267,0.736,57,0,1011,13:50,Cloudy,14,33,NaN,NaN,NaN,NaN,28145
20201125,4671,1.052,1015,0,1323,13:00,Mostly Cloudy,16,24,NaN,NaN,NaN,NaN,28084
20201124,7010,1.579,2338,0,1250,12:20,Partly Cloudy,17,22,NaN,NaN,NaN,NaN,28021
20201123,2154,0.485,0,0,938,10:55,Cloudy,19,25,NaN,NaN,NaN,NaN,27956
20201122,5059,1.139,958,0,1290,11:30,Mostly Cloudy,16,27,NaN,NaN,NaN,NaN,27888
20201121,6292,1.417,1690,0,1365,12:00,Partly Cloudy,18,23,NaN,NaN,NaN,NaN,27816
20201120,7232,1.629,393,0,1083,13:10,Partly Cloudy,16,32,NaN,NaN,NaN,NaN,27744
20201119,8071,1.818,2923,0,1256,12:35,Fine,12,25,NaN,NaN,NaN,NaN,27669
20201118,6606,1.488,1524,0,1284,12:40,Partly Cloudy,16,23,NaN,NaN,NaN,NaN,27592
20201117,5760,1.297,1040,0,1416,11:30,Mostly Cloudy,18,22,NaN,NaN,NaN,NaN,27512
20201116,6947,1.565,51,0,1212,12:50,Partly Cloudy,15,38,NaN,NaN,NaN,NaN,27431
20201115,8223,1.852,3289,0,1133,12:30,Fine,13,29,NaN,NaN,NaN,NaN,27346
20201114,6618,1.491,1886,0,1364,13:15,Partly Cloudy,14,26,NaN,NaN,NaN,NaN,27258
20201113,2406,0.542,7,0,1156,13:40,Cloudy,19,29,NaN,NaN,NaN,NaN,27170
20201111,328,0.074,5,0,385,08:15,Showers,12,18,NaN,NaN,NaN,NaN,26986
20201110,8386,1.889,2998,0,1361,11:40,Fine,9,22,NaN,NaN,NaN,NaN,26890
20201109,4593,1.034,289,0,1339,14:15,Mostly Cloudy,11,21,NaN,NaN,NaN,NaN,26793
20201108,8415,1.895,3130,0,1419,12:35,Fine,14,20,NaN,NaN,NaN,NaN,26693
20201107,6697,1.508,2400,0,1669,11:45,Partly Cloudy,10,20,NaN,NaN,NaN,NaN,26589
20201106,7615,1.715,3128,0,1394,12:00,Fine,12,19,NaN,NaN,NaN,NaN,26484
20201105,1110,0.250,4,0,498,13:25,Showers,15,19,NaN,NaN,NaN,NaN,26378
20201104,8224,1.852,3573,0,1195,14:15,Fine,10,25,NaN,NaN,NaN,NaN,26269
20201103,8380,1.887,3233,0,1255,12:25,Fine,11,21,NaN,NaN,NaN,NaN,26159
20201102,6664,1.501,2178,0,1339,12:00,Partly Cloudy,12,21,NaN,NaN,NaN,NaN,26046
20201101,2692,0.606,43,0,981,13:45,Cloudy,13,19,NaN,NaN,NaN,NaN,25929
20201031,3446,0.776,608,0,1405,12:35,Cloudy,16,23,NaN,NaN,NaN,NaN,25812
20201030,7111,1.602,1331,0,1446,14:30,Partly Cloudy,9,22,NaN,NaN,NaN,NaN,25693
20201029,5861,1.320,1478,0,1413,11:40,Mostly Cloudy,14,20,NaN,NaN,NaN,NaN,25571
20201028,4596,1.035,749,0,1234,14:40,Mostly Cloudy,12,20,NaN,NaN,NaN,NaN,25448
20201027,4518,1.018,257,0,1491,12:35,Mostly Cloudy,13,19,NaN,NaN,NaN,NaN,25321
20201026,2577,0.580,16,0,712,12:30,Cloudy,12,16,NaN,NaN,NaN,NaN,25194
20201025,1220,0.275,0,0,402,13:40,Showers,13,14,NaN,NaN,NaN,NaN,25065
20201024,2424,0.546,33,0,868,12:25,Cloudy,18,25,NaN,NaN,NaN,NaN,24934
20201023,7758,1.747,3340,0,1239,12:55,Fine,15,27,NaN,NaN,NaN,NaN,24801
20201022,6379,1.437,1697,0,1345,12:25,Partly Cloudy,12,23,NaN,NaN,NaN,NaN,24666
20201021,8428,1.898,3584,0,1203,12:40,Fine,11,23,NaN,NaN,NaN,NaN,24528
20201020,4678,1.054,1082,0,1528,13:35,Mostly Cloudy,16,22,NaN,NaN,NaN,NaN,24389
20201019,6152,1.386,1760,0,1523,12:55,Partly Cloudy,15,20,NaN,NaN,NaN,NaN,24249
20201018,4289,0.966,345,0,1108,12:50,Mostly Cloudy,16,25,NaN,NaN,NaN,NaN,24107
20201017,5378,1.211,972,0,1180,13:00,Mostly Cloudy,15,26,NaN,NaN,NaN,NaN,23963
20201016,3044,0.686,392,0,1191,13:05,Cloudy,14,20,NaN,NaN,NaN,NaN,23817
20201015,7894,1.778,2960,0,1153,13:20,Fine,12,27,NaN,NaN,NaN,NaN,23670
20201014,7282,1.640,2523,0,1456,12:15,Partly Cloudy,15,21,NaN,NaN,NaN,NaN,23521
20201013,8110,1.827,2862,0,1132,12:40,Fine,11,29,NaN,NaN,NaN,NaN,23371
20201012,6938,1.563,2315,0,1400,12:40,Partly Cloudy,15,24,NaN,NaN,NaN,NaN,23219
20201011,6769,1.525,2633,0,1262,13:40,Partly Cloudy,9,28,NaN,NaN,NaN,NaN,23065
20201010,8248,1.858,3642,0,1166,12:45,Fine,11,26,NaN,NaN,NaN,NaN,22911
20201009,8014,1.805,3078,0,1287,12:55,Fine,8,23,NaN,NaN,NaN,NaN,22755
20201008,5224,1.177,1423,0,1271,12:55,Mostly Cloudy,13,28,NaN,NaN,NaN,NaN,22598
20201007,1980,0.446,33,0,836,10:40,Cloudy,16,21,NaN,NaN,NaN,NaN,22438
20201006,2732,0.615,80,0,759,14:30,Cloudy,15,19,NaN,NaN,NaN,NaN,22278
20201005,5433,1.224,1518,0,1166,13:10,Mostly Cloudy,11,32,NaN,NaN,NaN,NaN,22118
20201004,8159,1.838,3671,0,1155,12:30,Fine,12,30,NaN,NaN,NaN,NaN,21956
20201003,8129,1.831,3039,0,1161,11:55,Fine,9,28,NaN,NaN,NaN,NaN,21792
20201002,7534,1.697,2852,0,1193,12:15,Partly Cloudy,7,27,NaN,NaN,NaN,NaN,21627
20201001,7812,1.759,2673,0,1277,11:55,Fine,12,25,NaN,NaN,NaN,NaN,21462
20200930,2849,0.642,65,0,743,09:35,Cloudy,8,21,NaN,NaN,NaN,NaN,21296
20200929,5676,1.278,1714,0,1372,11:45,Mostly Cloudy,8,19,NaN,NaN,NaN,NaN,21128
20200928,8496,1.914,2823,0,1269,12:15,Fine,5,20,NaN,NaN,NaN,NaN,20960
20200927,6290,1.417,1986,0,1440,13:40,Partly Cloudy,8,17,NaN,NaN,NaN,NaN,20791
20200926,8587,1.934,2596,0,1281,12:00,Fine,9,17,NaN,NaN,NaN,NaN,20621
20200925,6852,1.543,2322,0,1482,13:05,Partly Cloudy,7,23,NaN,NaN,NaN,NaN,20451
20200924,8246,1.857,3409,0,1231,11:25,Fine,9,21,NaN,NaN,NaN,NaN,20280
20200923,7968,1.795,3269,0,1329,11:50,Fine,8,23,NaN,NaN,NaN,NaN,20108
20200922,8086,1.821,3513,0,1212,12:05,Fine,19,26,NaN,NaN,NaN,NaN,19936
20200921,5889,1.326,718,0,1259,11:50,Mostly Cloudy,11,28,NaN,NaN,NaN,NaN,19764
20200920,2681,0.604,153,0,1242,11:50,Cloudy,16,21,NaN,NaN,NaN,NaN,19591
20200919,4216,0.950,568,0,1378,11:35,Mostly Cloudy,15,22,NaN,NaN,NaN,NaN,19418
20200918,1050,0.236,0,0,291,14:05,Showers,13,17,NaN,NaN,NaN,NaN,19244
20200917,6717,1.513,2220,0,1195,11:45,Partly Cloudy,10,30,NaN,NaN,NaN,NaN,19070
20200916,7005,1.578,1373,0,1155,12:55,Partly Cloudy,9,27,NaN,NaN,NaN,NaN,18896
20200915,4423,0.996,371,0,1311,11:20,Mostly Cloudy,12,22,NaN,NaN,NaN,NaN,18722
20200914,7530,1.696,2408,0,1184,12:55,Partly Cloudy,7,20,NaN,NaN,NaN,NaN,18548
20200913,0,0.000,0,0,NaN,NaN,Not Sure,8,25,NaN,NaN,NaN,NaN,18374
20200826,6123,1.379,2042,0,1176,12:20,Fine,4,17,NaN,NaN,NaN,NaN,15307
20200825,6620,1.491,1284,0,1451,12:10,Partly Cloudy,1,15,NaN,NaN,NaN,NaN,15145
20200824,7787,1.754,3091,0,1187,12:00,Fine,7,17,NaN,NaN,NaN,NaN,14983
20200823,7758,1.747,1380,0,1223,12:15,Fine,4,16,NaN,NaN,NaN,NaN,14823
20200822,6640,1.495,1758,0,1385,13:05,Partly Cloudy,8,15,NaN,NaN,NaN,NaN,14664
20200821,6287,1.416,1488,0,1401,11:20,Partly Cloudy,4,18,NaN,NaN,NaN,NaN,14506
20200820,7754,1.746,2718,0,1256,12:30,Fine,7,17,NaN,NaN,NaN,NaN,14350
20200819,6265,1.411,1647,0,1308,12:45,Partly Cloudy,6,21,NaN,NaN,NaN,NaN,14195
20200818,6341,1.428,2099,0,1209,13:40,Partly Cloudy,8,20,NaN,NaN,NaN,NaN,14042
20200817,7449,1.678,2552,0,1154,12:05,Partly Cloudy,9,19,NaN,NaN,NaN,NaN,13891
20200816,6643,1.496,1680,0,1245,11:20,Partly Cloudy,9,19,NaN,NaN,NaN,NaN,13741
20200815,6642,1.496,1998,0,1212,11:55,Partly Cloudy,11,19,NaN,NaN,NaN,NaN,13592
20200814,2033,0.458,19,0,692,08:50,Cloudy,7,18,NaN,NaN,NaN,NaN,13446
20200813,7011,1.579,1991,0,1122,12:10,Partly Cloudy,6,22,NaN,NaN,NaN,NaN,13301
20200812,1585,0.357,44,0,1252,12:00,Cloudy,7,18,NaN,NaN,NaN,NaN,13158
20200811,4863,1.095,726,0,1294,12:10,Mostly Cloudy,10,18,NaN,NaN,NaN,NaN,13017
20200810,3306,0.745,353,0,1322,13:20,Cloudy,9,16,NaN,NaN,NaN,NaN,12878
20200809,2027,0.457,128,0,777,10:30,Cloudy,5,13,NaN,NaN,NaN,NaN,12741
20200808,2393,0.539,405,0,946,10:15,Cloudy,9,16,NaN,NaN,NaN,NaN,12606
20200807,257,0.058,0,0,97,12:00,Showers,6,13,NaN,NaN,NaN,NaN,12473
20200806,7042,1.586,2160,0,1141,11:50,Partly Cloudy,4,15,NaN,NaN,NaN,NaN,12342
20200805,7180,1.617,2196,0,1149,12:15,Partly Cloudy,4,17,NaN,NaN,NaN,NaN,12213
20200804,5363,1.208,916,0,1045,10:50,Mostly Cloudy,3,21,NaN,NaN,NaN,NaN,12087
20200803,5656,1.274,722,0,1203,12:20,Mostly Cloudy,3,21,NaN,NaN,NaN,NaN,11962
20200802,5948,1.340,1136,0,1172,11:00,Mostly Cloudy,3,20,NaN,NaN,NaN,NaN,11840
20200819,6265,1.411,1647,0,1308,12:45,Partly Cloudy,6,21,NaN,NaN,NaN,NaN,14195
20200818,6341,1.428,2099,0,1209,13:40,Partly Cloudy,8,20,NaN,NaN,NaN,NaN,14042
20200817,7449,1.678,2552,0,1154,12:05,Partly Cloudy,9,19,NaN,NaN,NaN,NaN,13891
20200816,6643,1.496,1680,0,1245,11:20,Partly Cloudy,9,19,NaN,NaN,NaN,NaN,13741
20200815,6642,1.496,1998,0,1212,11:55,Partly Cloudy,11,19,NaN,NaN,NaN,NaN,13592
20200814,2033,0.458,19,0,692,08:50,Cloudy,7,18,NaN,NaN,NaN,NaN,13446
20200813,7011,1.579,1991,0,1122,12:10,Partly Cloudy,6,22,NaN,NaN,NaN,NaN,13301
20200812,1585,0.357,44,0,1252,12:00,Cloudy,7,18,NaN,NaN,NaN,NaN,13158
20200811,4863,1.095,726,0,1294,12:10,Mostly Cloudy,10,18,NaN,NaN,NaN,NaN,13017
20200810,3306,0.745,353,0,1322,13:20,Cloudy,9,16,NaN,NaN,NaN,NaN,12878
20200809,2027,0.457,128,0,777,10:30,Cloudy,5,13,NaN,NaN,NaN,NaN,12741
20200808,2393,0.539,405,0,946,10:15,Cloudy,9,16,NaN,NaN,NaN,NaN,12606
20200807,257,0.058,0,0,97,12:00,Showers,6,13,NaN,NaN,NaN,NaN,12473
20200806,7042,1.586,2160,0,1141,11:50,Partly Cloudy,4,15,NaN,NaN,NaN,NaN,12342
20200805,7180,1.617,2196,0,1149,12:15,Partly Cloudy,4,17,NaN,NaN,NaN,NaN,12213
20200804,5363,1.208,916,0,1045,10:50,Mostly Cloudy,3,21,NaN,NaN,NaN,NaN,12087
20200803,5656,1.274,722,0,1203,12:20,Mostly Cloudy,3,21,NaN,NaN,NaN,NaN,11962
20200802,5948,1.340,1136,0,1172,11:00,Mostly Cloudy,3,20,NaN,NaN,NaN,NaN,11840
20200801,6376,1.436,894,0,1187,13:00,Partly Cloudy,3,20,NaN,NaN,NaN,NaN,11721
20200731,5233,1.179,886,0,1226,11:55,Mostly Cloudy,5,17,NaN,NaN,NaN,NaN,11603
20200730,5871,1.322,1366,0,1283,11:45,Mostly Cloudy,7,17,NaN,NaN,NaN,NaN,11489
20200729,6165,1.389,1019,0,1193,12:15,Partly Cloudy,7,18,NaN,NaN,NaN,NaN,11376
20200728,2503,0.564,125,0,1139,12:00,Cloudy,12,18,NaN,NaN,NaN,NaN,11266
20200727,720,0.162,0,0,247,10:05,Showers,14,17,NaN,NaN,NaN,NaN,11159
20200726,193,0.043,0,0,124,13:00,Showers,10,15,NaN,NaN,NaN,NaN,11054
20200725,2552,0.575,10,0,1215,12:15,Cloudy,4,18,NaN,NaN,NaN,NaN,10952
20200724,5940,1.338,1082,0,1141,12:55,Mostly Cloudy,4,19,NaN,NaN,NaN,NaN,10852
20200723,6312,1.422,1026,0,1063,12:00,Partly Cloudy,3,19,NaN,NaN,NaN,NaN,10755
20200722,5620,1.266,1167,0,1182,11:40,Mostly Cloudy,4,18,NaN,NaN,NaN,NaN,10661
20200721,3976,0.895,792,0,1099,12:15,Mostly Cloudy,7,16,NaN,NaN,NaN,NaN,10569
20200720,6622,1.491,1576,0,1131,12:25,Partly Cloudy,4,18,NaN,NaN,NaN,NaN,10480
20200719,5395,1.215,1138,0,1179,12:15,Mostly Cloudy,3,19,NaN,NaN,NaN,NaN,10394
20200718,3456,0.778,110,0,1204,13:00,Cloudy,8,18,NaN,NaN,NaN,NaN,10311
20200717,1401,0.316,0,0,383,10:10,Showers,9,15,NaN,NaN,NaN,NaN,10230
20200716,2187,0.493,12,0,567,13:45,Cloudy,9,16,NaN,NaN,NaN,NaN,10152
20200715,1879,0.423,23,0,1029,10:20,Cloudy,11,16,NaN,NaN,NaN,NaN,10077
20200714,2902,0.654,151,0,1205,12:55,Cloudy,10,16,NaN,NaN,NaN,NaN,10005
20200713,4464,1.005,326,0,1224,11:30,Mostly Cloudy,4,17,NaN,NaN,NaN,NaN,9936
20200712,4834,1.089,404,0,1118,12:30,Mostly Cloudy,5,18,NaN,NaN,NaN,NaN,9870
20200711,1323,0.298,0,0,457,14:35,Showers,11,15,NaN,NaN,NaN,NaN,9807
20200710,2566,0.578,17,0,884,12:30,Cloudy,6,17,NaN,NaN,NaN,NaN,9747
20200709,5581,1.257,1328,0,1092,12:40,Mostly Cloudy,4,18,NaN,NaN,NaN,NaN,9689
20200708,1507,0.339,161,0,1123,11:15,Showers,10,15,NaN,NaN,NaN,NaN,9635
20200707,2380,0.536,55,0,827,10:05,Cloudy,6,16,NaN,NaN,NaN,NaN,9584
20200706,5793,1.305,1759,0,1080,13:10,Mostly Cloudy,7,18,NaN,NaN,NaN,NaN,9535
20200705,5607,1.263,1151,0,1145,13:35,Mostly Cloudy,5,18,NaN,NaN,NaN,NaN,9490
20200704,5505,1.240,1813,0,1092,12:10,Mostly Cloudy,6,16,NaN,NaN,NaN,NaN,9448
20200703,5192,1.169,1451,0,1060,12:20,Mostly Cloudy,5,17,NaN,NaN,NaN,NaN,9409
20200702,4854,1.093,926,0,1015,11:10,Mostly Cloudy,4,23,NaN,NaN,NaN,NaN,9373
20200701,5330,1.200,1034,0,1031,12:05,Mostly Cloudy,4,21,NaN,NaN,NaN,NaN,9340
20200630,5346,1.204,605,0,1037,12:20,Mostly Cloudy,4,18,NaN,NaN,NaN,NaN,9310
20200629,1508,0.340,34,0,1181,11:05,Showers,6,16,NaN,NaN,NaN,NaN,9283
20200628,2521,0.568,72,0,1157,13:30,Cloudy,7,16,NaN,NaN,NaN,NaN,9259
20200627,3466,0.781,321,0,1232,12:30,Cloudy,7,16,NaN,NaN,NaN,NaN,9239
20200626,5465,1.231,1089,0,1139,12:45,Mostly Cloudy,5,18,NaN,NaN,NaN,NaN,9221
20200625,5782,1.302,1294,0,1058,12:15,Mostly Cloudy,8,18,NaN,NaN,NaN,NaN,9207
20200624,3574,0.805,536,0,1140,11:20,Cloudy,3,18,NaN,NaN,NaN,NaN,9196
20200623,5752,1.295,1411,0,1075,11:50,Mostly Cloudy,4,16,NaN,NaN,NaN,NaN,9187
20200622,3873,0.872,797,0,1190,11:40,Mostly Cloudy,4,17,NaN,NaN,NaN,NaN,9182
20200621,3701,0.834,436,0,1188,11:15,Cloudy,9,18,NaN,NaN,NaN,NaN,9181
20200620,2194,0.494,446,0,1030,11:55,Cloudy,5,20,NaN,NaN,NaN,NaN,9182
20200619,4610,1.038,558,0,1071,12:00,Mostly Cloudy,4,19,NaN,NaN,NaN,NaN,9186
20200618,3941,0.888,1221,0,1150,11:40,Mostly Cloudy,12,18,NaN,NaN,NaN,NaN,9194
20200617,1366,0.308,13,0,894,13:00,Showers,5,17,NaN,NaN,NaN,NaN,9205
20200616,5727,1.290,1175,0,1047,12:05,Mostly Cloudy,4,21,NaN,NaN,NaN,NaN,9218
20200615,5649,1.272,1547,0,1044,11:45,Mostly Cloudy,4,20,NaN,NaN,NaN,NaN,9235
20200614,4997,1.125,1606,0,1072,12:00,Mostly Cloudy,11,21,NaN,NaN,NaN,NaN,9255
20200613,4180,0.941,270,0,1044,12:00,Mostly Cloudy,8,20,NaN,NaN,NaN,NaN,9279
20200612,699,0.157,0,0,497,11:35,Showers,9,16,NaN,NaN,NaN,NaN,9305
20200611,4863,1.095,877,0,1111,13:00,Mostly Cloudy,11,20,NaN,NaN,NaN,NaN,9335
20200610,1144,0.258,0,0,631,09:45,Showers,10,16,NaN,NaN,NaN,NaN,9367
20200609,5350,1.205,1449,0,1222,12:20,Mostly Cloudy,6,18,NaN,NaN,NaN,NaN,9403
20200608,4780,1.077,399,0,1181,12:05,Mostly Cloudy,12,17,NaN,NaN,NaN,NaN,9442
20200607,2641,0.595,315,0,1127,12:10,Cloudy,4,16,NaN,NaN,NaN,NaN,9484
20200606,5736,1.292,426,0,1036,12:00,Mostly Cloudy,3,18,NaN,NaN,NaN,NaN,9529
20200605,5901,1.329,712,0,1062,12:00,Mostly Cloudy,3,19,NaN,NaN,NaN,NaN,9577
20200604,4039,0.910,551,0,1159,11:50,Mostly Cloudy,9,16,NaN,NaN,NaN,NaN,9628
20200603,5878,1.324,1166,0,1224,11:35,Mostly Cloudy,4,18,NaN,NaN,NaN,NaN,9682
20200602,1421,0.320,0,0,695,12:00,Showers,6,16,NaN,NaN,NaN,NaN,9740
20200601,5472,1.232,1005,0,1069,11:50,Mostly Cloudy,9,22,NaN,NaN,NaN,NaN,9800
20200531,3625,0.816,1010,0,1200,12:45,Cloudy,8,21,NaN,NaN,NaN,NaN,9863
20200530,5691,1.282,1314,0,1084,12:25,Mostly Cloudy,6,20,NaN,NaN,NaN,NaN,9930
20200529,952,0.214,0,0,266,11:20,Showers,8,16,NaN,NaN,NaN,NaN,9999
20200528,5719,1.288,1478,0,1058,12:00,Mostly Cloudy,8,21,NaN,NaN,NaN,NaN,10071
20200527,4292,0.967,461,0,1321,13:00,Mostly Cloudy,10,19,NaN,NaN,NaN,NaN,10146
20200526,2739,0.617,389,0,1153,11:05,Cloudy,13,19,NaN,NaN,NaN,NaN,10225
20200525,1413,0.318,15,0,705,11:25,Showers,12,16,NaN,NaN,NaN,NaN,10306
20200524,2041,0.460,33,0,1279,12:20,Cloudy,13,17,NaN,NaN,NaN,NaN,10390
20200523,2083,0.469,175,0,1085,10:05,Cloudy,11,17,NaN,NaN,NaN,NaN,10476
20200522,1646,0.371,2,0,803,10:10,Cloudy,8,16,NaN,NaN,NaN,NaN,10566
20200521,1375,0.310,34,0,1159,14:05,Showers,12,18,NaN,NaN,NaN,NaN,10659
20200520,5184,1.168,1177,0,1092,11:10,Mostly Cloudy,8,24,NaN,NaN,NaN,NaN,10754
20200519,6177,1.391,1059,0,1125,12:30,Partly Cloudy,11,21,NaN,NaN,NaN,NaN,10852
20200518,2486,0.560,726,0,1119,11:10,Cloudy,7,19,NaN,NaN,NaN,NaN,10953
20200517,3985,0.898,965,0,1144,11:55,Mostly Cloudy,5,20,NaN,NaN,NaN,NaN,11056
20200516,3442,0.775,828,0,1174,11:30,Cloudy,7,19,NaN,NaN,NaN,NaN,11162
20200515,2664,0.600,47,0,1010,13:45,Cloudy,5,16,NaN,NaN,NaN,NaN,11271
20200514,3705,0.834,858,0,1188,12:25,Cloudy,6,18,NaN,NaN,NaN,NaN,11382
20200513,3347,0.754,443,0,1161,12:05,Cloudy,6,19,NaN,NaN,NaN,NaN,11496
20200512,6622,1.491,1839,0,1142,12:05,Partly Cloudy,4,20,NaN,NaN,NaN,NaN,11613
20200511,6989,1.574,2467,0,1117,11:30,Partly Cloudy,6,18,NaN,NaN,NaN,NaN,11732
20200510,7148,1.610,2587,0,1165,12:00,Partly Cloudy,8,18,NaN,NaN,NaN,NaN,11854
20200509,4618,1.040,1279,0,1195,13:50,Mostly Cloudy,9,26,NaN,NaN,NaN,NaN,11978
20200508,6641,1.496,2001,0,1088,11:45,Partly Cloudy,9,27,NaN,NaN,NaN,NaN,12104
20200507,4573,1.030,792,0,1058,13:30,Mostly Cloudy,7,24,NaN,NaN,NaN,NaN,12233
20200506,7088,1.596,1697,0,1129,12:00,Partly Cloudy,7,23,NaN,NaN,NaN,NaN,12363
20200505,4535,1.021,1036,0,1339,12:20,Mostly Cloudy,11,19,NaN,NaN,NaN,NaN,12497
20200504,6127,1.380,1398,0,1284,12:30,Partly Cloudy,7,19,NaN,NaN,NaN,NaN,12632
20200503,7307,1.646,3220,0,1214,12:05,Partly Cloudy,7,19,NaN,NaN,NaN,NaN,12770
20200502,7532,1.696,3291,0,1220,11:55,Partly Cloudy,12,18,NaN,NaN,NaN,NaN,12910
20200501,7302,1.645,2366,0,1280,12:45,Partly Cloudy,8,17,NaN,NaN,NaN,NaN,13052
20200430,399,0.090,0,0,482,12:25,Showers,14,19,NaN,NaN,NaN,NaN,13195
20200429,4711,1.061,1603,0,1224,11:05,Mostly Cloudy,14,27,NaN,NaN,NaN,NaN,13341
20200428,2149,0.484,70,0,901,10:35,Cloudy,16,22,NaN,NaN,NaN,NaN,13489
20200427,2001,0.451,181,0,828,08:55,Cloudy,11,21,NaN,NaN,NaN,NaN,13639
20200426,4233,0.953,1661,0,1302,12:00,Mostly Cloudy,9,27,NaN,NaN,NaN,NaN,13790
20200425,7143,1.609,3592,0,1107,11:45,Partly Cloudy,10,27,NaN,NaN,NaN,NaN,13944
20200424,7038,1.585,2781,0,1103,12:20,Partly Cloudy,12,27,NaN,NaN,NaN,NaN,14099
20200423,7540,1.698,3868,0,1157,12:05,Partly Cloudy,7,24,NaN,NaN,NaN,NaN,14255
20200422,7284,1.641,3186,0,1166,12:35,Partly Cloudy,9,25,NaN,NaN,NaN,NaN,14414
20200421,7319,1.648,2993,0,1138,11:50,Partly Cloudy,9,25,NaN,NaN,NaN,NaN,14574
20200420,1406,0.317,13,0,413,11:00,Showers,10,19,NaN,NaN,NaN,NaN,14735
20200419,6070,1.367,2355,0,1265,13:30,Mostly Cloudy,8,21,NaN,NaN,NaN,NaN,14898
20200418,7729,1.741,3809,0,1174,11:40,Fine,9,23,NaN,NaN,NaN,NaN,15062
20200417,7708,1.736,4380,0,1177,12:05,Fine,13,26,NaN,NaN,NaN,NaN,15227
20200416,1630,0.367,0,0,488,12:00,Cloudy,14,25,NaN,NaN,NaN,NaN,15394
20200415,7134,1.607,2221,0,1095,12:00,Partly Cloudy,11,28,NaN,NaN,NaN,NaN,15562
20200414,7562,1.703,3630,0,1138,11:55,Partly Cloudy,9,26,NaN,NaN,NaN,NaN,15731
20200413,5873,1.323,1998,0,1231,13:40,Mostly Cloudy,7,22,NaN,NaN,NaN,NaN,15901
20200412,8033,1.809,3797,0,1215,12:00,Fine,10,21,NaN,NaN,NaN,NaN,16073
20200411,7900,1.779,2385,0,1261,13:05,Fine,9,26,NaN,NaN,NaN,NaN,16245
20200410,2744,0.618,380,0,1496,13:35,Cloudy,14,23,NaN,NaN,NaN,NaN,16418
20200409,3460,0.779,465,0,1032,10:55,Cloudy,15,22,NaN,NaN,NaN,NaN,16592
20200408,1689,0.380,0,0,476,14:50,Cloudy,13,19,NaN,NaN,NaN,NaN,16766
20200407,4233,0.953,533,0,1064,11:40,Mostly Cloudy,15,20,NaN,NaN,NaN,NaN,16942
20200406,6771,1.525,2886,0,1334,12:05,Partly Cloudy,9,24,NaN,NaN,NaN,NaN,17118
20200405,8124,1.830,3414,0,1214,12:00,Fine,8,24,NaN,NaN,NaN,NaN,17135
20200404,7073,1.593,3646,0,1244,13:05,Partly Cloudy,19,26,NaN,NaN,NaN,NaN,17471
20200403,3894,0.877,152,0,1233,14:40,Mostly Cloudy,14,26,NaN,NaN,NaN,NaN,17649
20200402,2586,0.582,611,0,1076,11:50,Cloudy,15,25,NaN,NaN,NaN,NaN,17827
20200401,1660,0.374,76,0,1250,14:55,Cloudy,15,23,NaN,NaN,NaN,NaN,18005
20200331,6813,1.534,2444,0,1313,12:50,Partly Cloudy,14,25,NaN,NaN,NaN,NaN,18184
20200330,2301,0.518,110,0,1130,14:40,Cloudy,16,25,NaN,NaN,NaN,NaN,18362
20200329,4784,1.077,759,0,1400,13:45,Mostly Cloudy,16,25,NaN,NaN,NaN,NaN,18541
20200328,3724,0.839,1093,0,1456,12:00,Cloudy,13,24,NaN,NaN,NaN,NaN,18720
20200327,4802,1.082,1459,0,1290,12:15,Mostly Cloudy,15,22,NaN,NaN,NaN,NaN,18899
20200326,3623,0.816,1073,0,1372,12:50,Cloudy,16,22,NaN,NaN,NaN,NaN,19078
20200325,4454,1.003,1258,0,1391,13:45,Mostly Cloudy,15,25,NaN,NaN,NaN,NaN,19257
20200324,3326,0.749,573,0,1033,10:45,Cloudy,14,22,NaN,NaN,NaN,NaN,19435
20200323,6064,1.366,2323,0,1611,14:00,Mostly Cloudy,17,21,NaN,NaN,NaN,NaN,19613
20200322,7628,1.718,2151,0,1164,13:10,Fine,16,29,NaN,NaN,NaN,NaN,19791
20200321,6577,1.481,1676,0,1411,14:35,Partly Cloudy,14,25,NaN,NaN,NaN,NaN,19969
20200320,7119,1.603,708,0,1218,11:30,Partly Cloudy,16,34,NaN,NaN,NaN,NaN,20146
20200319,7744,1.744,3642,0,1130,13:00,Fine,13,32,NaN,NaN,NaN,NaN,20323
20200318,8435,1.900,4535,0,1211,13:40,Fine,11,26,NaN,NaN,NaN,NaN,20499
20200317,4759,1.072,1368,0,1348,15:10,Mostly Cloudy,14,22,NaN,NaN,NaN,NaN,20675
20200316,4347,0.979,1442,0,1242,13:40,Mostly Cloudy,15,21,NaN,NaN,NaN,NaN,20850
20200315,4470,1.007,1164,0,1203,11:05,Mostly Cloudy,13,19,NaN,NaN,NaN,NaN,21024
20200314,451,0.102,0,0,118,17:35,Showers,13,19,NaN,NaN,NaN,NaN,21197
20200313,8464,1.906,4701,0,1301,12:45,Fine,12,26,NaN,NaN,NaN,NaN,21370
20200312,7757,1.747,3667,0,1365,11:55,Fine,13,25,NaN,NaN,NaN,NaN,21541
20200311,6331,1.426,2927,0,1420,13:55,Partly Cloudy,12,24,NaN,NaN,NaN,NaN,21712
20200310,4546,1.024,1084,0,978,10:40,Mostly Cloudy,14,22,NaN,NaN,NaN,NaN,21882
20200309,5433,1.224,1883,0,1494,12:25,Mostly Cloudy,16,22,NaN,NaN,NaN,NaN,22050
20200308,5234,1.179,1302,0,1422,13:55,Mostly Cloudy,16,22,NaN,NaN,NaN,NaN,22218
20200307,5073,1.143,1647,0,1444,12:55,Mostly Cloudy,19,23,NaN,NaN,NaN,NaN,22384
20200306,5335,1.202,888,0,1392,13:20,Mostly Cloudy,20,26,NaN,NaN,NaN,NaN,22549
20200305,695,0.157,0,0,221,12:00,Showers,21,22,NaN,NaN,NaN,NaN,22713
20200304,3005,0.677,842,0,941,12:35,Cloudy,18,25,NaN,NaN,NaN,NaN,22875
20200303,963,0.217,0,0,201,10:45,Showers,19,21,NaN,NaN,NaN,NaN,23037
20200302,2934,0.661,221,0,1082,15:15,Cloudy,16,37,NaN,NaN,NaN,NaN,23196
20200301,8447,1.902,1295,0,1215,13:20,Fine,16,29,NaN,NaN,NaN,NaN,23355
20200229,7190,1.619,1644,0,1354,12:15,Partly Cloudy,15,26,NaN,NaN,NaN,NaN,23511
20200228,8423,1.897,4247,0,1402,12:50,Fine,11,24,NaN,NaN,NaN,NaN,23667
20200227,5264,1.186,1236,0,1229,14:50,Mostly Cloudy,19,25,NaN,NaN,NaN,NaN,23820
20200226,5428,1.223,610,0,1108,12:05,Mostly Cloudy,19,32,NaN,NaN,NaN,NaN,23972
20200225,8307,1.871,2313,0,1196,13:25,Fine,17,28,NaN,NaN,NaN,NaN,24123
20200224,7916,1.783,3078,0,1358,13:45,Fine,17,27,NaN,NaN,NaN,NaN,24271
20200223,3131,0.705,147,0,647,10:45,Cloudy,19,24,NaN,NaN,NaN,NaN,24418
20200222,2702,0.609,119,0,788,12:00,Cloudy,18,23,NaN,NaN,NaN,NaN,24563
20200221,4414,0.994,476,0,1179,14:50,Mostly Cloudy,18,25,NaN,NaN,NaN,NaN,24707
20200220,7815,1.760,2981,0,1436,11:55,Fine,15,23,NaN,NaN,NaN,NaN,24848
20200219,7677,1.729,2653,0,1345,13:15,Fine,18,28,NaN,NaN,NaN,NaN,24988
20200218,6526,1.470,1416,0,1184,14:10,Partly Cloudy,18,31,NaN,NaN,NaN,NaN,25125
20200217,0,0.000,0,0,NaN,NaN,Not Sure,20,25,NaN,NaN,NaN,NaN,25261
20200216,7313,1.647,1594,0,1295,13:30,Partly Cloudy,19,26,NaN,NaN,NaN,NaN,25394
20200215,6256,1.409,1000,0,1305,13:10,Partly Cloudy,17,26,NaN,NaN,NaN,NaN,25526
20200214,8427,1.898,1899,0,1260,13:55,Fine,21,26,NaN,NaN,NaN,NaN,25656
20200213,3453,0.778,201,0,991,12:00,Cloudy,21,26,NaN,NaN,NaN,NaN,25783
20200212,3384,0.762,258,0,1045,12:40,Cloudy,22,26,NaN,NaN,NaN,NaN,25909
20200211,7609,1.714,2046,0,1191,13:45,Fine,19,30,NaN,NaN,NaN,NaN,26032
20200210,5290,1.191,1121,0,1289,14:10,Mostly Cloudy,20,28,NaN,NaN,NaN,NaN,26153
20200209,244,0.055,0,0,103,15:40,Showers,19,20,NaN,NaN,NaN,NaN,26272
20200208,2102,0.473,59,0,673,11:10,Cloudy,18,22,NaN,NaN,NaN,NaN,26389
20200207,1197,0.270,6,0,396,14:55,Showers,18,21,NaN,NaN,NaN,NaN,26503
20200206,2224,0.501,26,0,469,11:55,Cloudy,19,24,NaN,NaN,NaN,NaN,26616
20200205,2790,0.628,716,0,1214,11:35,Cloudy,14,25,NaN,NaN,NaN,NaN,26726
20200204,5614,1.264,2090,0,1252,13:15,Mostly Cloudy,17,22,NaN,NaN,NaN,NaN,26834
20200203,5679,1.279,1013,0,1287,12:05,Mostly Cloudy,22,32,NaN,NaN,NaN,NaN,26939
20200202,5083,1.145,0,0,1079,12:40,Mostly Cloudy,24,27,NaN,NaN,NaN,NaN,27042
20200201,7775,1.751,0,0,1088,14:05,Fine,23,40,NaN,NaN,NaN,NaN,27143
20200131,8010,1.804,177,0,1139,13:15,Fine,20,32,NaN,NaN,NaN,NaN,27242
20200130,8287,1.866,1759,0,1138,12:50,Fine,16,30,NaN,NaN,NaN,NaN,27338
20200129,5556,1.251,726,0,1285,13:25,Mostly Cloudy,22,27,NaN,NaN,NaN,NaN,27432
20200128,5766,1.299,95,0,1237,13:45,Mostly Cloudy,21,30,NaN,NaN,NaN,NaN,27524
20200127,6296,1.418,329,0,1237,12:25,Partly Cloudy,22,28,NaN,NaN,NaN,NaN,27613
20200126,7146,1.609,0,0,1115,13:45,Partly Cloudy,24,36,NaN,NaN,NaN,NaN,27700
20200125,5776,1.301,215,0,1305,13:15,Mostly Cloudy,22,29,NaN,NaN,NaN,NaN,27784
20200124,3593,0.809,10,0,1034,15:35,Cloudy,22,26,NaN,NaN,NaN,NaN,27866
20200123,6496,1.463,0,0,1112,12:40,Partly Cloudy,17,41,NaN,NaN,NaN,NaN,27946
20200122,8202,1.847,1304,0,1152,12:50,Fine,17,30,NaN,NaN,NaN,NaN,28023
20200121,8112,1.827,1901,0,1105,12:50,Fine,15,30,NaN,NaN,NaN,NaN,28098
20200120,6290,1.417,1154,0,1202,12:55,Partly Cloudy,19,29,NaN,NaN,NaN,NaN,28170
20200119,5545,1.249,543,0,1318,14:00,Mostly Cloudy,18,25,NaN,NaN,NaN,NaN,28240
20200118,2450,0.552,46,0,476,12:40,Cloudy,20,23,NaN,NaN,NaN,NaN,28308
20200117,1383,0.311,54,0,570,15:45,Showers,18,21,NaN,NaN,NaN,NaN,28373
20200116,2161,0.487,0,0,600,15:30,Cloudy,20,27,NaN,NaN,NaN,NaN,28435
20200115,6340,1.428,926,0,980,12:45,Partly Cloudy,15,28,NaN,NaN,NaN,NaN,28496
20200114,6628,1.493,1342,0,1254,12:45,Partly Cloudy,16,28,NaN,NaN,NaN,NaN,28553
20200113,6071,1.367,2492,0,1161,14:00,Mostly Cloudy,14,26,NaN,NaN,NaN,NaN,28609
20200112,716,0.161,0,0,205,09:45,Showers,19,21,NaN,NaN,NaN,NaN,28662
20200111,2112,0.476,145,0,765,15:00,Cloudy,18,22,NaN,NaN,NaN,NaN,28712
20200110,7406,1.668,776,0,1104,11:30,Partly Cloudy,21,30,NaN,NaN,NaN,NaN,28760
20200109,3870,0.872,1030,0,738,14:25,Mostly Cloudy,21,25,NaN,NaN,NaN,NaN,28806
20200108,5795,1.305,1147,0,1067,14:10,Mostly Cloudy,21,26,NaN,NaN,NaN,NaN,28849
20200107,4412,0.994,421,0,1096,12:05,Mostly Cloudy,19,29,NaN,NaN,NaN,NaN,28890
20200106,2466,0.555,151,0,864,14:25,Cloudy,17,25,NaN,NaN,NaN,NaN,28928
20200105,5530,1.245,270,0,1089,12:00,Mostly Cloudy,21,24,NaN,NaN,NaN,NaN,28964
20200104,6617,1.490,111,0,991,14:40,Partly Cloudy,19,45,NaN,NaN,NaN,NaN,28997
20200103,7044,1.586,460,0,1090,12:05,Partly Cloudy,21,31,NaN,NaN,NaN,NaN,29028
20200102,6445,1.452,1084,0,1287,13:05,Partly Cloudy,19,25,NaN,NaN,NaN,NaN,29057
20200101,5747,1.294,1212,0,1054,11:55,Mostly Cloudy,19,25,NaN,NaN,NaN,NaN,29083
20191231,6614,1.490,538,0,948,12:45,Partly Cloudy,17,42,NaN,NaN,NaN,NaN,29107
20191230,6339,1.428,543,0,871,12:45,Partly Cloudy,17,31,NaN,NaN,NaN,NaN,29128
20191229,4275,0.963,210,0,667,14:00,Mostly Cloudy,17,29,NaN,NaN,NaN,NaN,29147
20191228,7976,1.796,1281,0,1106,13:15,Fine,15,31,NaN,NaN,NaN,NaN,29163
20191227,7917,1.783,1164,0,1071,13:15,Fine,18,28,NaN,NaN,NaN,NaN,29177
20191226,8017,1.806,1098,0,1089,13:10,Fine,17,28,NaN,NaN,NaN,NaN,29189
20191225,7614,1.715,2069,0,1106,12:45,Fine,19,27,NaN,NaN,NaN,NaN,29198
20191224,4955,1.116,1207,0,1132,14:15,Mostly Cloudy,19,27,NaN,NaN,NaN,NaN,29205
20191223,4681,1.054,841,0,1189,15:00,Mostly Cloudy,16,24,NaN,NaN,NaN,NaN,29209
20191222,2998,0.675,1178,0,1336,12:15,Cloudy,18,22,NaN,NaN,NaN,NaN,29211
20191221,6399,1.441,197,0,980,13:25,Partly Cloudy,19,34,NaN,NaN,NaN,NaN,29210
20191220,7184,1.618,1596,0,1116,11:25,Partly Cloudy,17,27,NaN,NaN,NaN,NaN,29207
20191219,4677,1.053,995,0,896,13:05,Mostly Cloudy,16,40,NaN,NaN,NaN,NaN,29202
20191218,7827,1.763,3585,0,1067,13:35,Fine,13,27,NaN,NaN,NaN,NaN,29194
20191217,7788,1.754,3600,0,1050,13:20,Fine,12,24,NaN,NaN,NaN,NaN,29184
20191216,7091,1.597,2415,0,1224,12:20,Partly Cloudy,19,22,NaN,NaN,NaN,NaN,29171
20191215,5717,1.288,522,0,1041,12:45,Mostly Cloudy,19,28,NaN,NaN,NaN,NaN,29156
20191214,6225,1.402,1865,0,1134,12:45,Partly Cloudy,16,28,NaN,NaN,NaN,NaN,29138
20191213,3372,0.759,445,0,909,12:45,Cloudy,17,23,NaN,NaN,NaN,NaN,29118
20191212,4965,1.118,2024,0,1242,13:20,Mostly Cloudy,18,22,NaN,NaN,NaN,NaN,29096
20191211,4458,1.004,1600,0,1090,14:15,Mostly Cloudy,17,22,NaN,NaN,NaN,NaN,29071
20191210,4808,1.083,950,0,872,12:05,Mostly Cloudy,16,36,NaN,NaN,NaN,NaN,29044
20191209,6355,1.431,2547,0,1063,12:35,Partly Cloudy,20,26,NaN,NaN,NaN,NaN,29014
20191208,5937,1.337,2147,0,1100,12:05,Mostly Cloudy,18,25,NaN,NaN,NaN,NaN,28982
20191207,6807,1.533,1333,0,1105,12:25,Partly Cloudy,14,26,NaN,NaN,NaN,NaN,28948
20191206,4059,0.914,613,0,726,14:10,Mostly Cloudy,15,28,NaN,NaN,NaN,NaN,28911
20191205,6201,1.397,2937,0,978,12:20,Partly Cloudy,11,33,NaN,NaN,NaN,NaN,28872
20191204,5719,1.288,2299,0,886,11:55,Mostly Cloudy,12,30,NaN,NaN,NaN,NaN,28830
20191203,6942,1.564,3168,0,1030,13:10,Partly Cloudy,8,29,NaN,NaN,NaN,NaN,28786
20191202,6900,1.554,3100,0,1000,NaN,Not Sure,16,23,NaN,NaN,NaN,NaN,28739
20191201,6319,1.423,1867,0,1240,12:35,Partly Cloudy,17,23,NaN,NaN,NaN,NaN,28690
20191130,3862,0.870,686,0,1196,10:35,Mostly Cloudy,16,22,NaN,NaN,NaN,NaN,28638
20191129,6457,1.454,2931,0,1082,12:30,Partly Cloudy,20,30,NaN,NaN,NaN,NaN,28585
20191128,8345,1.880,4867,0,1132,12:25,Fine,12,27,NaN,NaN,NaN,NaN,28529
20191127,8413,1.895,5209,0,1147,13:05,Fine,9,23,NaN,NaN,NaN,NaN,28470
20191126,5802,1.307,1658,0,1246,13:50,Mostly Cloudy,17,35,NaN,NaN,NaN,NaN,28409
20191125,5012,1.129,1782,0,1216,13:50,Mostly Cloudy,17,31,NaN,NaN,NaN,NaN,28346
20191124,5451,1.228,1190,0,1090,14:25,Mostly Cloudy,18,23,NaN,NaN,NaN,NaN,28281
20191123,2392,0.539,6,0,580,12:45,Cloudy,17,22,NaN,NaN,NaN,NaN,28213
20191122,5730,1.291,1298,0,1137,12:30,Mostly Cloudy,17,23,NaN,NaN,NaN,NaN,28141
20191121,8086,1.821,2618,0,1157,12:30,Fine,14,28,NaN,NaN,NaN,NaN,28068
20191120,5894,1.327,1431,0,1437,12:35,Mostly Cloudy,17,23,NaN,NaN,NaN,NaN,27993
20191119,5506,1.240,2606,0,1130,12:35,Mostly Cloudy,11,35,NaN,NaN,NaN,NaN,27916
20191118,5855,1.319,3587,0,1135,11:50,Fine,14,26,NaN,NaN,NaN,NaN,27836
20191117,4493,1.012,1390,0,1364,13:10,Mostly Cloudy,16,21,NaN,NaN,NaN,NaN,27754
20191116,5807,1.308,1936,0,1253,12:20,Mostly Cloudy,16,22,NaN,NaN,NaN,NaN,27669
20191115,7938,1.788,4412,0,1139,13:00,Fine,10,32,NaN,NaN,NaN,NaN,27580
20191114,8264,1.861,4635,0,1166,13:15,Fine,10,25,NaN,NaN,NaN,NaN,27491
20191113,8514,1.918,4714,0,1199,12:25,Fine,12,22,NaN,NaN,NaN,NaN,27400
20191112,7684,1.731,4167,0,1157,12:35,Fine,11,35,NaN,NaN,NaN,NaN,27307
20191111,8411,1.894,4955,0,1165,13:20,Fine,11,26,NaN,NaN,NaN,NaN,27211
20191110,7624,1.717,3060,0,1352,12:10,Fine,13,23,NaN,NaN,NaN,NaN,27112
20191109,8473,1.908,3645,0,1353,11:55,Fine,12,19,NaN,NaN,NaN,NaN,27012
20191108,8161,1.838,4581,0,1192,13:30,Fine,14,30,NaN,NaN,NaN,NaN,26907
20191107,8370,1.885,4768,0,1190,13:05,Fine,15,30,NaN,NaN,NaN,NaN,26802
20191106,8527,1.920,4857,0,1189,12:25,Fine,9,28,NaN,NaN,NaN,NaN,26695
20191105,6562,1.478,3157,0,1489,12:05,Partly Cloudy,14,18,NaN,NaN,NaN,NaN,26586
20191104,7440,1.676,3641,0,1325,12:15,Partly Cloudy,16,23,NaN,NaN,NaN,NaN,26475
20191103,2071,0.466,287,0,1091,14:40,Cloudy,14,30,NaN,NaN,NaN,NaN,26361
20191102,6088,1.371,904,0,1102,11:40,Partly Cloudy,14,28,NaN,NaN,NaN,NaN,26243
20191101,7993,1.800,4310,0,1130,12:45,Fine,12,26,NaN,NaN,NaN,NaN,26125
20191031,7538,1.698,3377,0,1092,13:00,Partly Cloudy,14,29,NaN,NaN,NaN,NaN,26005
20191030,6706,1.510,3344,0,1210,12:00,Partly Cloudy,13,29,NaN,NaN,NaN,NaN,25883
20191029,8262,1.861,4940,0,1151,12:45,Fine,10,25,NaN,NaN,NaN,NaN,25759
20191028,4466,1.006,1609,0,1439,14:00,Mostly Cloudy,10,21,NaN,NaN,NaN,NaN,25631
20191027,8609,1.939,4457,0,1195,12:35,Fine,12,22,NaN,NaN,NaN,NaN,25503
20191026,7223,1.627,1814,0,1232,13:20,Partly Cloudy,21,30,NaN,NaN,NaN,NaN,25373
20191025,6833,1.539,3916,0,1188,14:55,Partly Cloudy,13,35,NaN,NaN,NaN,NaN,25241
20191024,7741,1.743,3634,0,1146,12:55,Fine,14,26,NaN,NaN,NaN,NaN,25107
20191023,8431,1.899,4735,0,1182,12:45,Fine,12,25,NaN,NaN,NaN,NaN,24971
20191022,8536,1.923,4487,0,1184,13:05,Fine,8,24,NaN,NaN,NaN,NaN,24832
20191021,0,0.000,0,0,NaN,NaN,Not Sure,8,23,NaN,NaN,NaN,NaN,24692
20191020,1380,0.311,291,0,884,10:00,Cloudy,9,18,NaN,NaN,NaN,NaN,24551
20191019,7672,1.728,3290,0,1342,13:20,Fine,7,28,NaN,NaN,NaN,NaN,24408
20191018,8754,1.972,4712,0,1224,13:10,Fine,7,24,NaN,NaN,NaN,NaN,24263
20191017,8267,1.862,4664,0,1237,12:35,Fine,14,27,NaN,NaN,NaN,NaN,24115
20191016,5403,1.217,965,0,1349,13:20,Mostly Cloudy,14,22,NaN,NaN,NaN,NaN,23967
20191015,7987,1.799,4103,0,1186,13:10,Fine,11,25,NaN,NaN,NaN,NaN,23817
20191014,6694,1.508,2249,0,1269,11:55,Partly Cloudy,9,23,NaN,NaN,NaN,NaN,23666
20191013,4957,1.116,988,0,1355,11:50,Mostly Cloudy,10,18,NaN,NaN,NaN,NaN,23513
20191012,3108,0.700,116,0,1179,11:30,Cloudy,10,18,NaN,NaN,NaN,NaN,23357
20191011,5088,1.146,1123,0,1290,13:00,Mostly Cloudy,9,18,NaN,NaN,NaN,NaN,23201
20191010,7563,1.703,3310,0,1429,12:25,Partly Cloudy,9,18,NaN,NaN,NaN,NaN,23044
20191009,8398,1.891,2131,0,1333,12:45,Fine,9,18,NaN,NaN,NaN,NaN,22885
20191008,4659,1.049,1930,0,1363,14:10,Mostly Cloudy,13,23,NaN,NaN,NaN,NaN,22724
20191007,6518,1.468,1540,0,1360,13:50,Partly Cloudy,16,21,NaN,NaN,NaN,NaN,22563
20191006,5127,1.155,1345,0,1253,13:20,Mostly Cloudy,15,24,NaN,NaN,NaN,NaN,22401
20191005,3536,0.796,565,0,1432,11:15,Cloudy,14,18,NaN,NaN,NaN,NaN,22237
20191004,7531,1.696,3408,0,1136,11:50,Partly Cloudy,10,33,NaN,NaN,NaN,NaN,22072
20191003,7979,1.797,3966,0,1143,12:20,Fine,9,30,NaN,NaN,NaN,NaN,21906
20191002,8074,1.818,3504,0,1167,12:05,Fine,8,26,NaN,NaN,NaN,NaN,21739
20191001,6432,1.449,2189,0,1425,11:35,Partly Cloudy,8,20,NaN,NaN,NaN,NaN,21571
20190930,2324,0.523,38,0,629,09:40,Cloudy,11,18,NaN,NaN,NaN,NaN,21402
20190929,7991,1.800,2776,0,1284,13:25,Fine,8,21,NaN,NaN,NaN,NaN,21233
20190928,7968,1.795,3884,0,1329,10:50,Fine,9,19,NaN,NaN,NaN,NaN,21062
20190927,7166,1.614,2869,0,1208,12:25,Partly Cloudy,10,25,NaN,NaN,NaN,NaN,20890
20190926,5841,1.316,1048,0,1349,13:10,Mostly Cloudy,10,20,NaN,NaN,NaN,NaN,20718
20190925,7767,1.749,3823,0,1207,11:45,Fine,6,20,NaN,NaN,NaN,NaN,20546
20190924,8372,1.886,4115,0,1231,11:45,Fine,6,21,NaN,NaN,NaN,NaN,20372
20190923,5498,1.238,1971,0,1303,14:05,Mostly Cloudy,9,21,NaN,NaN,NaN,NaN,20198
20190922,5642,1.271,842,0,1289,11:40,Mostly Cloudy,16,23,NaN,NaN,NaN,NaN,20024
20190921,5141,1.158,1851,0,1240,13:35,Mostly Cloudy,14,24,NaN,NaN,NaN,NaN,19849
20190920,5645,1.271,2131,0,1287,13:00,Mostly Cloudy,11,21,NaN,NaN,NaN,NaN,19674
20190919,4755,1.071,1670,0,1321,11:10,Mostly Cloudy,14,21,NaN,NaN,NaN,NaN,19499
20190918,715,0.161,0,0,412,14:00,Showers,13,16,NaN,NaN,NaN,NaN,19323
20190917,310,0.070,0,0,116,13:00,Showers,8,13,NaN,NaN,NaN,NaN,19147
20190916,3620,0.815,661,0,1006,09:40,Cloudy,9,27,NaN,NaN,NaN,NaN,18971
20190915,7597,1.711,3052,0,1129,11:30,Partly Cloudy,6,27,NaN,NaN,NaN,NaN,18795
20190914,7403,1.667,2774,0,1312,12:25,Partly Cloudy,6,19,NaN,NaN,NaN,NaN,18619
20190913,5934,1.336,2529,0,1338,11:45,Mostly Cloudy,9,20,NaN,NaN,NaN,NaN,18443
20190912,6079,1.369,2678,0,1296,11:50,Mostly Cloudy,5,26,NaN,NaN,NaN,NaN,18267
20190911,7830,1.764,3793,0,1172,11:35,Fine,5,20,NaN,NaN,NaN,NaN,18091
20190910,5909,1.331,1813,0,1483,11:30,Mostly Cloudy,7,16,NaN,NaN,NaN,NaN,17915
20190909,5662,1.275,2596,0,1394,12:05,Mostly Cloudy,9,17,NaN,NaN,NaN,NaN,17740
20190908,2530,0.570,312,0,930,14:25,Cloudy,11,19,NaN,NaN,NaN,NaN,17565
20190907,4174,0.940,1023,0,1238,12:05,Mostly Cloudy,5,18,NaN,NaN,NaN,NaN,17391
20190906,6385,1.438,3086,0,1140,11:55,Partly Cloudy,11,24,NaN,NaN,NaN,NaN,17217
20190905,7273,1.638,3024,0,1117,12:20,Partly Cloudy,11,21,NaN,NaN,NaN,NaN,17043
20190904,7412,1.669,2577,0,1116,12:15,Partly Cloudy,6,27,NaN,NaN,NaN,NaN,16870
20190903,7346,1.655,3874,0,1120,12:00,Partly Cloudy,6,23,NaN,NaN,NaN,NaN,16698
20190902,7113,1.602,2159,0,1298,11:40,Partly Cloudy,6,19,NaN,NaN,NaN,NaN,16527
20190901,7430,1.673,1865,0,1119,12:10,Partly Cloudy,8,24,NaN,NaN,NaN,NaN,16356
20190831,2391,0.539,0,0,920,09:20,Cloudy,12,17,NaN,NaN,NaN,NaN,16186
20190830,829,0.187,0,0,238,12:25,Showers,10,14,NaN,NaN,NaN,NaN,16017
20190829,774,0.174,0,0,379,11:00,Showers,5,13,NaN,NaN,NaN,NaN,15849
20190828,6207,1.398,2494,0,1249,11:20,Partly Cloudy,7,21,NaN,NaN,NaN,NaN,15682
20190827,5185,1.168,1386,0,1336,13:15,Mostly Cloudy,12,17,NaN,NaN,NaN,NaN,15516
20190826,2101,0.473,59,0,1043,14:30,Cloudy,12,15,NaN,NaN,NaN,NaN,15351
20190825,7009,1.579,3016,0,1139,12:10,Partly Cloudy,3,22,NaN,NaN,NaN,NaN,15188
20190824,7362,1.658,2856,0,1127,12:15,Partly Cloudy,1,24,NaN,NaN,NaN,NaN,15025
20190823,6294,1.418,2082,0,1151,10:10,Partly Cloudy,4,18,NaN,NaN,NaN,NaN,14864
20190822,4235,0.954,1273,0,1334,12:35,Mostly Cloudy,10,19,NaN,NaN,NaN,NaN,14705
20190821,7245,1.632,2737,0,1117,12:30,Partly Cloudy,4,21,NaN,NaN,NaN,NaN,14546
20190820,7324,1.650,2963,0,1138,12:15,Partly Cloudy,5,21,NaN,NaN,NaN,NaN,14389
20190819,7496,1.688,3384,0,1224,13:25,Partly Cloudy,10,16,NaN,NaN,NaN,NaN,14234
20190818,6890,1.552,1369,0,1190,11:35,Partly Cloudy,4,22,NaN,NaN,NaN,NaN,14081
20190817,6354,1.431,1494,0,1186,11:40,Partly Cloudy,5,19,NaN,NaN,NaN,NaN,13929
20190816,7054,1.589,2702,0,1112,12:00,Partly Cloudy,0,24,NaN,NaN,NaN,NaN,13778
20190815,7050,1.588,2796,0,1107,11:50,Partly Cloudy,3,20,NaN,NaN,NaN,NaN,13630
20190814,6962,1.568,2663,0,1104,12:35,Partly Cloudy,4,19,NaN,NaN,NaN,NaN,13483
20190813,6914,1.557,2647,0,1092,11:55,Partly Cloudy,1,18,NaN,NaN,NaN,NaN,13338
20190812,5523,1.244,2085,0,1265,11:10,Mostly Cloudy,8,18,NaN,NaN,NaN,NaN,13195
20190811,4682,1.055,794,0,1290,12:25,Mostly Cloudy,4,15,NaN,NaN,NaN,NaN,13054
20190810,6693,1.507,2027,0,1295,11:55,Partly Cloudy,7,15,NaN,NaN,NaN,NaN,12914
20190809,6789,1.529,2775,0,1199,13:05,Partly Cloudy,12,17,NaN,NaN,NaN,NaN,12777
20190808,5327,1.200,807,0,1240,12:45,Mostly Cloudy,3,20,NaN,NaN,NaN,NaN,12642
20190807,6711,1.511,1395,0,1091,12:05,Partly Cloudy,1,22,NaN,NaN,NaN,NaN,12510
20190806,6781,1.527,1305,0,1094,12:20,Partly Cloudy,2,21,NaN,NaN,NaN,NaN,12379
20190805,6261,1.410,1765,0,1064,12:05,Partly Cloudy,6,21,NaN,NaN,NaN,NaN,12250
20190804,5059,1.139,1206,0,1227,11:45,Mostly Cloudy,6,18,NaN,NaN,NaN,NaN,12124
20190803,6573,1.480,2041,0,1069,12:10,Partly Cloudy,4,21,NaN,NaN,NaN,NaN,12000
20190802,3828,0.862,1064,0,1078,11:25,Mostly Cloudy,7,19,NaN,NaN,NaN,NaN,11879
20190801,6003,1.352,2534,0,1038,12:05,Mostly Cloudy,7,20,NaN,NaN,NaN,NaN,11760
20190731,4157,0.936,1244,0,1300,11:45,Mostly Cloudy,5,17,NaN,NaN,NaN,NaN,11643
20190730,1604,0.361,10,0,332,10:30,Cloudy,10,16,NaN,NaN,NaN,NaN,11529
20190729,4609,1.038,1263,0,1070,11:40,Mostly Cloudy,2,20,NaN,NaN,NaN,NaN,11417
20190728,6353,1.431,1515,0,1059,12:05,Partly Cloudy,5,19,NaN,NaN,NaN,NaN,11308
20190727,4258,0.959,824,0,1138,12:35,Mostly Cloudy,7,19,NaN,NaN,NaN,NaN,11201
20190726,3349,0.754,413,0,1077,10:50,Cloudy,4,17,NaN,NaN,NaN,NaN,11097
20190725,6201,1.397,2160,0,1044,11:55,Partly Cloudy,3,19,NaN,NaN,NaN,NaN,10996
20190724,5928,1.335,1774,0,1055,11:35,Mostly Cloudy,6,19,NaN,NaN,NaN,NaN,10897
20190723,6166,1.389,911,0,1057,12:05,Partly Cloudy,3,22,NaN,NaN,NaN,NaN,10801
20190722,3756,0.846,661,0,1028,11:40,Cloudy,7,22,NaN,NaN,NaN,NaN,10708
20190721,6041,1.361,1243,0,1010,12:05,Mostly Cloudy,1,23,NaN,NaN,NaN,NaN,10617
20190720,6259,1.410,2247,0,1057,12:15,Partly Cloudy,2,20,NaN,NaN,NaN,NaN,10529
20190719,6141,1.383,2427,0,1044,11:55,Partly Cloudy,3,19,NaN,NaN,NaN,NaN,10444
20190718,6172,1.390,2536,0,1061,12:25,Partly Cloudy,7,20,NaN,NaN,NaN,NaN,10362
20190717,6121,1.379,2484,0,1050,12:30,Partly Cloudy,5,19,NaN,NaN,NaN,NaN,10283
20190716,6094,1.373,1367,0,1044,12:10,Partly Cloudy,3,20,NaN,NaN,NaN,NaN,10206
20190715,5686,1.281,1715,0,1144,11:35,Mostly Cloudy,3,17,NaN,NaN,NaN,NaN,10133
20190714,6225,1.402,1956,0,1081,12:20,Partly Cloudy,4,17,NaN,NaN,NaN,NaN,10062
20190713,5651,1.273,2521,0,1105,12:10,Mostly Cloudy,10,15,NaN,NaN,NaN,NaN,9995
20190712,5326,1.200,2020,0,1203,12:10,Mostly Cloudy,10,20,NaN,NaN,NaN,NaN,9930
20190711,5921,1.334,2173,0,1042,12:00,Mostly Cloudy,9,19,NaN,NaN,NaN,NaN,9869
20190710,5932,1.336,2170,0,1044,12:20,Mostly Cloudy,3,17,NaN,NaN,NaN,NaN,9810
20190709,5915,1.332,2308,0,1039,12:55,Mostly Cloudy,5,17,NaN,NaN,NaN,NaN,9754
20190708,3924,0.884,569,0,1142,10:45,Mostly Cloudy,9,20,NaN,NaN,NaN,NaN,9702
20190707,4448,1.002,766,0,1004,11:40,Mostly Cloudy,9,18,NaN,NaN,NaN,NaN,9652
20190706,5182,1.167,1531,0,1153,12:45,Mostly Cloudy,6,19,NaN,NaN,NaN,NaN,9606
20190705,2074,0.467,218,0,828,10:55,Cloudy,12,16,NaN,NaN,NaN,NaN,9562
20190704,1087,0.245,8,0,346,11:50,Showers,7,19,NaN,NaN,NaN,NaN,9522
20190703,3666,0.826,461,0,1158,11:35,Cloudy,3,22,NaN,NaN,NaN,NaN,9485
20190702,4576,1.031,909,0,1053,12:25,Mostly Cloudy,2,20,NaN,NaN,NaN,NaN,9450
20190701,5269,1.187,2073,0,1035,12:10,Mostly Cloudy,3,17,NaN,NaN,NaN,NaN,9419
20190630,5544,1.249,773,0,1059,13:00,Mostly Cloudy,7,18,NaN,NaN,NaN,NaN,9392
20190629,5253,1.183,209,0,1019,11:45,Mostly Cloudy,6,21,NaN,NaN,NaN,NaN,9367
20190628,5464,1.231,2174,0,1100,12:25,Mostly Cloudy,7,20,NaN,NaN,NaN,NaN,9345
20190627,4771,1.075,1760,0,1228,11:40,Mostly Cloudy,8,19,NaN,NaN,NaN,NaN,9327
20190626,3553,0.800,1115,0,1153,12:40,Cloudy,9,18,NaN,NaN,NaN,NaN,9311
20190625,0,0.000,0,0,NaN,NaN,Not Sure,9,17,NaN,NaN,NaN,NaN,9299
20190624,2429,0.547,353,0,1112,12:35,Cloudy,9,16,NaN,NaN,NaN,NaN,9290
20190623,4247,0.957,1511,0,1343,11:40,Mostly Cloudy,3,16,NaN,NaN,NaN,NaN,9285
20190622,3479,0.784,898,0,1215,13:25,Cloudy,3,16,NaN,NaN,NaN,NaN,9282
20190621,5917,1.333,1368,0,1069,12:15,Mostly Cloudy,4,15,NaN,NaN,NaN,NaN,9282
20190620,4256,0.959,864,0,1244,12:10,Mostly Cloudy,3,15,NaN,NaN,NaN,NaN,9286
20190619,5604,1.262,2267,0,1205,12:40,Mostly Cloudy,4,16,NaN,NaN,NaN,NaN,9293
20190618,3238,0.729,617,0,1252,12:20,Cloudy,10,19,NaN,NaN,NaN,NaN,9303
20190617,783,0.176,70,0,1030,13:10,Showers,9,18,NaN,NaN,NaN,NaN,9316
20190616,746,0.168,0,0,237,12:15,Showers,10,15,NaN,NaN,NaN,NaN,9333
20190615,5352,1.205,1014,0,1025,11:55,Mostly Cloudy,5,19,NaN,NaN,NaN,NaN,9352
20190614,3791,0.854,846,0,1029,12:10,Cloudy,7,19,NaN,NaN,NaN,NaN,9375
20190613,1890,0.426,436,0,1149,11:00,Cloudy,11,22,NaN,NaN,NaN,NaN,9401
20190612,2744,0.618,123,0,1006,12:55,Cloudy,6,19,NaN,NaN,NaN,NaN,9430
20190611,5600,1.261,1480,0,1002,12:30,Mostly Cloudy,6,22,NaN,NaN,NaN,NaN,9462
20190610,3828,0.862,246,0,1088,11:55,Mostly Cloudy,7,22,NaN,NaN,NaN,NaN,9498
20190609,4238,0.955,1770,0,1008,12:10,Mostly Cloudy,7,21,NaN,NaN,NaN,NaN,9536
20190608,422,0.095,0,0,138,10:35,Showers,8,14,NaN,NaN,NaN,NaN,9578
20190607,680,0.153,19,0,809,10:00,Showers,8,17,NaN,NaN,NaN,NaN,9622
20190606,4882,1.100,2236,0,1033,11:40,Mostly Cloudy,3,18,NaN,NaN,NaN,NaN,9670
20190605,2792,0.629,1051,0,1202,11:55,Cloudy,9,15,NaN,NaN,NaN,NaN,9721
20190604,1538,0.346,240,0,1054,13:55,Cloudy,7,14,NaN,NaN,NaN,NaN,9775
20190603,2344,0.528,305,0,967,10:35,Cloudy,9,18,NaN,NaN,NaN,NaN,9833
20190602,3274,0.737,1028,0,1081,12:10,Cloudy,8,20,NaN,NaN,NaN,NaN,9893
20190601,3436,0.774,434,0,1072,12:55,Cloudy,7,19,NaN,NaN,NaN,NaN,9956
20190531,5628,1.268,2329,0,1012,11:50,Mostly Cloudy,3,20,NaN,NaN,NaN,NaN,10022
20190530,6055,1.364,2348,0,1050,11:40,Mostly Cloudy,6,16,NaN,NaN,NaN,NaN,10092
20190529,5965,1.343,2689,0,1058,11:50,Mostly Cloudy,11,19,NaN,NaN,NaN,NaN,10164
20190528,5977,1.346,2595,0,1038,12:00,Mostly Cloudy,5,19,NaN,NaN,NaN,NaN,10239
20190527,3524,0.794,1341,0,1094,11:55,Cloudy,2,19,NaN,NaN,NaN,NaN,10318
20190526,4032,0.908,1738,0,1144,11:30,Mostly Cloudy,6,22,NaN,NaN,NaN,NaN,10399
20190525,659,0.148,1,0,782,14:10,Showers,7,26,NaN,NaN,NaN,NaN,10483
