Date,Energy Generated,Efficiency,Energy Exported,Energy Used,Peak Power,Peak Time,Condition,Min. Temperature,Max. Temperature,Peak Energy Import,Off-Peak Energy Import,Shoulder Energy Import,High-Shoulder Energy Import,Insolation
20210810,33598,3.733,0,0,6505,13:15,Fine,25,54,NaN,NaN,NaN,NaN,55133
20210809,42722,4.747,0,0,6652,12:35,Fine,22,56,NaN,NaN,NaN,NaN,55436
20210808,51445,5.716,0,0,6817,12:55,Fine,19,55,NaN,NaN,NaN,NaN,55735
20210807,16120,1.791,0,0,3587,08:55,Mostly Cloudy,21,41,NaN,NaN,NaN,NaN,56028
20210806,49696,5.522,0,0,6967,13:05,Fine,20,55,NaN,NaN,NaN,NaN,56316
20210805,49348,5.483,0,0,6889,12:40,Fine,16,55,NaN,NaN,NaN,NaN,56599
20210804,40849,4.539,0,0,7081,13:10,Fine,17,46,NaN,NaN,NaN,NaN,56877
20210803,33886,3.765,0,0,5691,11:20,Partly Cloudy,17,43,NaN,NaN,NaN,NaN,57150
20210802,38917,4.324,0,0,7765,13:00,Fine,16,47,NaN,NaN,NaN,NaN,57417
20210801,18039,2.004,0,0,3930,14:50,Mostly Cloudy,22,39,NaN,NaN,NaN,NaN,57678
20210731,40223,4.469,0,0,7064,13:10,Fine,19,52,NaN,NaN,NaN,NaN,57934
20210730,45211,5.023,0,0,6673,14:20,Fine,24,52,NaN,NaN,NaN,NaN,58185
20210729,29847,3.316,0,0,6140,11:50,Partly Cloudy,21,49,NaN,NaN,NaN,NaN,58430
20210728,43928,4.881,0,0,6697,13:20,Fine,22,55,NaN,NaN,NaN,NaN,58670
20210727,50432,5.604,0,0,7096,14:15,Fine,21,60,NaN,NaN,NaN,NaN,58903
20210726,41735,4.637,0,0,6906,12:45,Fine,23,56,NaN,NaN,NaN,NaN,59131
20210725,37445,4.161,0,0,6717,12:35,Partly Cloudy,23,50,NaN,NaN,NaN,NaN,59354
20210724,35406,3.934,0,0,6977,11:50,Partly Cloudy,19,48,NaN,NaN,NaN,NaN,59570
20210723,48621,5.402,0,0,7046,12:45,Fine,19,54,NaN,NaN,NaN,NaN,59781
20210722,53674,5.964,0,0,7332,13:00,Fine,18,50,NaN,NaN,NaN,NaN,59985
20210721,42905,4.767,0,0,6272,14:00,Fine,24,52,NaN,NaN,NaN,NaN,60184
20210720,47981,5.331,0,0,6379,12:55,Fine,21,57,NaN,NaN,NaN,NaN,60377
20210719,44099,4.900,0,0,6496,14:00,Fine,21,53,NaN,NaN,NaN,NaN,60564
20210718,50187,5.576,0,0,6928,11:45,Fine,23,48,NaN,NaN,NaN,NaN,60745
20210717,44879,4.987,0,0,7235,14:15,Fine,26,58,NaN,NaN,NaN,NaN,60919
20210716,52390,5.821,0,0,7009,13:05,Fine,23,62,NaN,NaN,NaN,NaN,61088
20210715,48706,5.412,0,0,6914,13:05,Fine,22,60,NaN,NaN,NaN,NaN,61251
20210714,39094,4.344,0,0,7323,12:55,Partly Cloudy,25,59,NaN,NaN,NaN,NaN,61407
20210713,50491,5.610,0,0,7093,14:05,Fine,26,60,NaN,NaN,NaN,NaN,61557
20210712,47305,5.256,0,0,7240,13:25,Fine,26,60,NaN,NaN,NaN,NaN,61701
20210711,50072,5.564,0,0,7447,12:40,Fine,25,51,NaN,NaN,NaN,NaN,61839
20210710,53446,5.938,0,0,6978,13:35,Fine,20,51,NaN,NaN,NaN,NaN,61970
20210709,43631,4.848,0,0,7484,13:40,Fine,21,58,NaN,NaN,NaN,NaN,62095
20210708,28611,3.179,0,0,6399,12:55,Partly Cloudy,24,45,NaN,NaN,NaN,NaN,62214
20210707,47567,5.285,0,0,6676,14:00,Fine,24,61,NaN,NaN,NaN,NaN,62326
20210706,51799,5.755,0,0,6748,13:20,Fine,22,60,NaN,NaN,NaN,NaN,62433
20210705,53057,5.895,0,0,7301,13:10,Fine,19,54,NaN,NaN,NaN,NaN,62532
20210704,53275,5.919,0,0,7320,14:40,Fine,15,56,NaN,NaN,NaN,NaN,62626
20210703,45222,5.025,0,0,6867,11:15,Fine,16,45,NaN,NaN,NaN,NaN,62712
20210702,34669,3.852,0,0,6281,15:55,Partly Cloudy,21,47,NaN,NaN,NaN,NaN,62793
20210701,32522,3.614,0,0,6519,12:50,Partly Cloudy,23,57,NaN,NaN,NaN,NaN,62867
20210630,50385,5.598,0,0,7447,13:30,Fine,24,62,NaN,NaN,NaN,NaN,62934
20210629,49059,5.451,0,0,7187,13:45,Fine,25,59,NaN,NaN,NaN,NaN,62995
20210628,56968,6.330,0,0,7314,13:20,Fine,24,57,NaN,NaN,NaN,NaN,63050
20210627,46526,5.170,0,0,7099,12:55,Fine,24,52,NaN,NaN,NaN,NaN,63098
20210626,37568,4.174,0,0,7523,14:30,Partly Cloudy,23,50,NaN,NaN,NaN,NaN,63139
20210625,50962,5.662,0,0,7493,12:45,Fine,14,52,NaN,NaN,NaN,NaN,63174
20210624,53557,5.951,0,0,7598,11:35,Fine,12,48,NaN,NaN,NaN,NaN,63203
20210623,62075,6.897,0,0,7809,13:35,Fine,11,53,NaN,NaN,NaN,NaN,63225
20210622,13175,1.464,0,0,2328,16:55,Cloudy,21,28,NaN,NaN,NaN,NaN,63240
20210621,50112,5.568,0,0,7388,12:45,Fine,26,57,NaN,NaN,NaN,NaN,63249
20210620,51778,5.753,0,0,7249,12:45,Fine,21,60,NaN,NaN,NaN,NaN,63251
20210619,22112,2.457,0,0,6849,14:00,Mostly Cloudy,23,52,NaN,NaN,NaN,NaN,63246
20210618,57163,6.351,0,0,7494,12:50,Fine,12,54,NaN,NaN,NaN,NaN,63236
20210617,61168,6.796,0,0,7712,13:15,Fine,14,53,NaN,NaN,NaN,NaN,63218
20210616,59732,6.637,0,0,7737,12:50,Fine,18,53,NaN,NaN,NaN,NaN,63194
20210615,51151,5.683,0,0,7816,13:45,Fine,19,49,NaN,NaN,NaN,NaN,63163
20210614,53952,5.995,0,0,7887,13:25,Fine,20,58,NaN,NaN,NaN,NaN,63126
20210613,37252,4.139,0,0,7166,12:00,Partly Cloudy,21,49,NaN,NaN,NaN,NaN,63082
20210612,27265,3.029,0,0,4539,15:30,Mostly Cloudy,19,41,NaN,NaN,NaN,NaN,63032
20210611,8364,0.929,0,0,2745,13:20,Showers,20,28,NaN,NaN,NaN,NaN,62975
20210610,33694,3.744,0,0,7432,12:30,Partly Cloudy,22,59,NaN,NaN,NaN,NaN,62912
20210609,27782,3.087,0,0,5117,14:55,Partly Cloudy,23,47,NaN,NaN,NaN,NaN,62842
20210608,40450,4.494,0,0,6692,14:30,Partly Cloudy,25,54,NaN,NaN,NaN,NaN,62765
20210607,47526,5.281,0,0,7084,13:05,Fine,25,58,NaN,NaN,NaN,NaN,62682
20210606,48219,5.358,0,0,6898,13:20,Fine,21,61,NaN,NaN,NaN,NaN,62593
20210605,51139,5.682,0,0,6736,12:20,Fine,18,59,NaN,NaN,NaN,NaN,62497
20210604,37794,4.199,0,0,7451,13:35,Partly Cloudy,21,52,NaN,NaN,NaN,NaN,62394
20210603,31176,3.464,0,0,6207,12:35,Partly Cloudy,20,48,NaN,NaN,NaN,NaN,62285
20210602,46368,5.152,0,0,7499,14:30,Fine,19,47,NaN,NaN,NaN,NaN,62170
20210601,49250,5.472,0,0,7333,13:05,Fine,11,47,NaN,NaN,NaN,NaN,62048
20210531,53680,5.964,0,0,7421,13:20,Fine,8,47,NaN,NaN,NaN,NaN,61920
20210530,16516,1.835,0,0,2759,09:55,Cloudy,10,21,NaN,NaN,NaN,NaN,61785
20210529,8724,0.969,0,0,2111,13:35,Cloudy,12,21,NaN,NaN,NaN,NaN,61644
20210528,26827,2.981,0,0,6429,10:50,Partly Cloudy,19,40,NaN,NaN,NaN,NaN,61496
20210527,52652,5.850,0,0,7213,13:40,Fine,19,54,NaN,NaN,NaN,NaN,61343
20210526,42331,4.703,0,0,6580,13:20,Fine,21,56,NaN,NaN,NaN,NaN,61183
20210525,37730,4.192,0,0,6826,14:00,Partly Cloudy,15,45,NaN,NaN,NaN,NaN,61016
20210524,11471,1.275,0,0,2550,12:15,Cloudy,17,32,NaN,NaN,NaN,NaN,60844
20210523,47546,5.283,0,0,6882,13:40,Fine,23,53,NaN,NaN,NaN,NaN,60665
20210522,42618,4.735,0,0,6377,11:55,Fine,15,50,NaN,NaN,NaN,NaN,60480
20210521,53060,5.896,0,0,6887,12:55,Fine,12,55,NaN,NaN,NaN,NaN,60289
20210520,47361,5.262,0,0,7091,13:55,Fine,14,60,NaN,NaN,NaN,NaN,60092
20210519,51594,5.733,0,0,7036,14:10,Fine,13,56,NaN,NaN,NaN,NaN,59888
20210518,53563,5.951,0,0,7395,13:00,Fine,10,53,NaN,NaN,NaN,NaN,59679
20210517,41162,4.574,0,0,6141,10:55,Fine,9,45,NaN,NaN,NaN,NaN,59463
20210516,29298,3.255,0,0,6774,12:00,Partly Cloudy,9,45,NaN,NaN,NaN,NaN,59242
20210515,46287,5.143,0,0,7933,13:40,Fine,7,52,NaN,NaN,NaN,NaN,59014
20210514,33500,3.722,0,0,6816,11:05,Partly Cloudy,10,47,NaN,NaN,NaN,NaN,58781
20210513,54725,6.081,0,0,7563,13:15,Fine,6,45,NaN,NaN,NaN,NaN,58542
20210512,44506,4.945,0,0,7550,14:10,Fine,8,42,NaN,NaN,NaN,NaN,58297
20210511,39647,4.405,0,0,7209,12:20,Fine,10,44,NaN,NaN,NaN,NaN,58046
20210510,42471,4.719,0,0,7449,13:00,Fine,14,40,NaN,NaN,NaN,NaN,57790
20210509,29721,3.302,0,0,7052,14:25,Partly Cloudy,8,35,NaN,NaN,NaN,NaN,57528
20210508,37515,4.168,0,0,7541,13:50,Partly Cloudy,7,34,NaN,NaN,NaN,NaN,57260
20210507,25876,2.875,0,0,4816,09:25,Mostly Cloudy,14,33,NaN,NaN,NaN,NaN,56986
20210506,52767,5.863,0,0,7477,13:30,Fine,9,43,NaN,NaN,NaN,NaN,56707
20210505,29096,3.233,0,0,7003,13:10,Partly Cloudy,18,48,NaN,NaN,NaN,NaN,56423
20210504,38750,4.306,0,0,6455,13:05,Partly Cloudy,19,51,NaN,NaN,NaN,NaN,56133
20210503,18799,2.089,0,0,3951,12:10,Mostly Cloudy,18,35,NaN,NaN,NaN,NaN,55838
20210502,49837,5.537,0,0,7188,11:55,Fine,13,48,NaN,NaN,NaN,NaN,55538
20210501,57098,6.344,0,0,7611,12:35,Fine,8,43,NaN,NaN,NaN,NaN,55232
20210430,47154,5.239,0,0,7614,12:55,Fine,15,40,NaN,NaN,NaN,NaN,54921
20210429,29924,3.325,0,0,6701,13:45,Partly Cloudy,21,48,NaN,NaN,NaN,NaN,54605
20210428,45253,5.028,0,0,6479,13:00,Fine,17,55,NaN,NaN,NaN,NaN,54284
20210427,51127,5.681,0,0,7107,12:40,Fine,9,49,NaN,NaN,NaN,NaN,53958
20210426,55558,6.173,0,0,7443,13:10,Fine,7,38,NaN,NaN,NaN,NaN,53628
20210425,33628,3.736,0,0,7049,13:25,Partly Cloudy,10,35,NaN,NaN,NaN,NaN,53292
20210424,33512,3.724,0,0,5052,10:25,Partly Cloudy,3,38,NaN,NaN,NaN,NaN,52952
20210423,49662,5.518,0,0,7283,13:05,Fine,1,40,NaN,NaN,NaN,NaN,52607
20210422,30166,3.352,0,0,5419,16:00,Partly Cloudy,0,22,NaN,NaN,NaN,NaN,52257
20210421,36939,4.104,0,0,6930,14:45,Fine,9,32,NaN,NaN,NaN,NaN,51904
20210420,51546,5.727,0,0,7101,12:50,Fine,7,42,NaN,NaN,NaN,NaN,51545
20210419,25312,2.812,0,0,5444,14:30,Partly Cloudy,10,32,NaN,NaN,NaN,NaN,51183
20210418,48114,5.346,0,0,7154,12:50,Fine,7,45,NaN,NaN,NaN,NaN,50816
20210417,42118,4.680,0,0,7495,11:20,Fine,4,39,NaN,NaN,NaN,NaN,50445
20210416,29495,3.277,0,0,5713,12:50,Partly Cloudy,6,28,NaN,NaN,NaN,NaN,50070
20210415,47712,5.301,0,0,7319,13:20,Fine,13,40,NaN,NaN,NaN,NaN,49691
20210414,15825,1.758,0,0,3910,09:45,Mostly Cloudy,10,29,NaN,NaN,NaN,NaN,49308
20210413,29696,3.300,0,0,6196,15:15,Partly Cloudy,10,36,NaN,NaN,NaN,NaN,48921
20210412,24356,2.706,0,0,4914,12:00,Partly Cloudy,14,31,NaN,NaN,NaN,NaN,48531
20210411,42023,4.669,0,0,7190,14:25,Fine,18,49,NaN,NaN,NaN,NaN,48138
20210410,26988,2.999,0,0,6429,13:40,Partly Cloudy,13,41,NaN,NaN,NaN,NaN,47740
20210409,9253,1.028,0,0,1714,12:50,Cloudy,12,21,NaN,NaN,NaN,NaN,47340
20210408,44653,4.961,0,0,7070,12:45,Fine,12,38,NaN,NaN,NaN,NaN,46936
20210407,42079,4.675,0,0,6440,13:05,Fine,11,50,NaN,NaN,NaN,NaN,46530
20210406,43408,4.823,0,0,6480,12:35,Fine,13,47,NaN,NaN,NaN,NaN,46120
20210405,48518,5.391,0,0,6811,13:10,Fine,5,42,NaN,NaN,NaN,NaN,45708
20210404,45278,5.031,0,0,6773,13:05,Fine,7,41,NaN,NaN,NaN,NaN,45292
20210403,50856,5.651,0,0,7161,13:00,Fine,-1,35,NaN,NaN,NaN,NaN,44875
20210402,51383,5.709,0,0,7508,12:45,Fine,0,25,NaN,NaN,NaN,NaN,44454
20210401,17532,1.948,0,0,4221,09:50,Mostly Cloudy,5,19,NaN,NaN,NaN,NaN,44032
20210331,9072,1.008,0,0,2422,08:55,Cloudy,16,25,NaN,NaN,NaN,NaN,43607
20210330,48952,5.439,0,0,6911,13:05,Fine,6,35,NaN,NaN,NaN,NaN,43180
20210329,47913,5.324,0,0,6994,13:10,Fine,7,33,NaN,NaN,NaN,NaN,42751
20210328,10568,1.174,0,0,4063,14:30,Cloudy,15,29,NaN,NaN,NaN,NaN,42321
20210327,39449,4.383,0,0,6557,12:50,Fine,8,41,NaN,NaN,NaN,NaN,41888
20210326,42986,4.776,0,0,6539,12:45,Fine,19,45,NaN,NaN,NaN,NaN,41454
20210325,13588,1.510,0,0,3316,14:45,Mostly Cloudy,14,30,NaN,NaN,NaN,NaN,41019
20210324,5029,0.559,0,0,1024,15:25,Showers,13,19,NaN,NaN,NaN,NaN,40582
20210323,36694,4.077,0,0,6406,12:45,Fine,8,36,NaN,NaN,NaN,NaN,40145
20210322,46507,5.167,0,0,6688,12:55,Fine,0,38,NaN,NaN,NaN,NaN,39706
20210321,46252,5.139,0,0,6632,12:50,Fine,0,37,NaN,NaN,NaN,NaN,39266
20210320,46277,5.142,0,0,6672,13:05,Fine,0,33,NaN,NaN,NaN,NaN,38826
20210319,44359,4.929,0,0,6918,13:00,Fine,6,24,NaN,NaN,NaN,NaN,38385
20210318,4857,0.540,0,0,1374,14:50,Showers,10,16,NaN,NaN,NaN,NaN,37944
20210317,10545,1.172,0,0,2847,10:10,Cloudy,7,19,NaN,NaN,NaN,NaN,37503
20210316,9833,1.093,0,0,2267,10:50,Cloudy,7,14,NaN,NaN,NaN,NaN,37061
20210315,42070,4.674,0,0,6716,14:00,Fine,0,28,NaN,NaN,NaN,NaN,36620
20210314,42076,4.675,0,0,6369,13:20,Fine,7,32,NaN,NaN,NaN,NaN,36179
20210312,16432,1.826,0,0,3889,15:10,Mostly Cloudy,15,31,NaN,NaN,NaN,NaN,35298
20210311,39008,4.334,0,0,6022,12:35,Fine,13,39,NaN,NaN,NaN,NaN,34858
20210310,40013,4.446,0,0,5990,12:10,Fine,8,40,NaN,NaN,NaN,NaN,34420
20210309,33607,3.734,0,0,5316,12:45,Fine,3,36,NaN,NaN,NaN,NaN,33982
20210308,42216,4.691,0,0,6326,12:05,Fine,-2,30,NaN,NaN,NaN,NaN,33546
20210307,42359,4.707,0,0,6330,12:10,Fine,-4,27,NaN,NaN,NaN,NaN,33110
20210306,37541,4.171,0,0,6555,11:15,Fine,0,24,NaN,NaN,NaN,NaN,32677
20210305,42036,4.671,0,0,6343,12:05,Fine,-1,20,NaN,NaN,NaN,NaN,32245
20210304,37874,4.208,0,0,5885,12:40,Fine,6,27,NaN,NaN,NaN,NaN,31814
20210303,39628,4.403,0,0,6013,12:15,Fine,0,32,NaN,NaN,NaN,NaN,31386
20210302,40748,4.528,0,0,6258,12:15,Fine,0,23,NaN,NaN,NaN,NaN,30960
20210301,8812,0.979,0,0,2041,14:35,Cloudy,8,16,NaN,NaN,NaN,NaN,30536
20210228,2934,0.326,0,0,583,13:00,Showers,9,11,NaN,NaN,NaN,NaN,30115
20210227,16904,1.878,0,0,3788,14:55,Partly Cloudy,9,25,NaN,NaN,NaN,NaN,29695
20210226,25255,2.806,0,0,5058,11:35,Fine,5,23,NaN,NaN,NaN,NaN,29279
20210225,37524,4.169,0,0,5830,12:10,Fine,8,29,NaN,NaN,NaN,NaN,28866
20210224,36039,4.004,0,0,5724,12:00,Fine,0,28,NaN,NaN,NaN,NaN,28456
20210223,27430,3.048,0,0,5324,11:15,Fine,-1,26,NaN,NaN,NaN,NaN,28049
20210222,5222,0.580,0,0,1200,16:25,Cloudy,0,8,NaN,NaN,NaN,NaN,27645
20210221,35917,3.991,0,0,5697,12:10,Fine,-5,24,NaN,NaN,NaN,NaN,27245
20210220,1565,0.174,0,0,1476,09:00,Showers,-2,7,NaN,NaN,NaN,NaN,26849
20210219,4569,0.508,0,0,1338,15:35,Cloudy,1,7,NaN,NaN,NaN,NaN,26456
20210218,1082,0.120,0,0,496,11:35,Showers,-1,2,NaN,NaN,NaN,NaN,26067
20210217,30738,3.415,0,0,5389,11:10,Fine,-3,18,NaN,NaN,NaN,NaN,25682
20210216,9263,1.029,0,0,2041,12:50,Mostly Cloudy,4,18,NaN,NaN,NaN,NaN,25302
20210215,9332,1.037,0,0,1635,12:15,Mostly Cloudy,3,13,NaN,NaN,NaN,NaN,24925
20210214,11394,1.266,0,0,2749,12:00,Mostly Cloudy,0,11,NaN,NaN,NaN,NaN,24554
20210213,3682,0.409,0,0,712,11:30,Showers,0,2,NaN,NaN,NaN,NaN,24187
20210212,8596,0.955,0,0,1414,12:00,Cloudy,-1,7,NaN,NaN,NaN,NaN,23824
20210211,3402,0.378,0,0,592,12:45,Showers,2,5,NaN,NaN,NaN,NaN,23467
20210210,17339,1.927,0,0,4947,11:25,Partly Cloudy,1,24,NaN,NaN,NaN,NaN,23115
20210209,25184,2.798,0,0,4960,12:45,Fine,1,27,NaN,NaN,NaN,NaN,22767
20210208,29498,3.278,0,0,4910,12:10,Fine,-4,20,NaN,NaN,NaN,NaN,22425
20210207,8879,0.987,0,0,2746,14:45,Cloudy,2,16,NaN,NaN,NaN,NaN,22088
20210206,19703,2.189,0,0,3501,14:00,Partly Cloudy,2,22,NaN,NaN,NaN,NaN,21757
20210205,26497,2.944,0,0,4649,12:00,Fine,6,27,NaN,NaN,NaN,NaN,21432
20210204,15579,1.731,0,0,3168,13:40,Partly Cloudy,-2,19,NaN,NaN,NaN,NaN,21112
20210203,1543,0.171,0,0,366,13:25,Showers,1,7,NaN,NaN,NaN,NaN,20797
20210202,178,0.020,0,0,60,13:05,Showers,2,4,NaN,NaN,NaN,NaN,20489
20210201,110,0.012,0,0,64,13:55,Showers,0,2,NaN,NaN,NaN,NaN,20187
20210131,48,0.005,0,0,38,12:50,Showers,0,2,NaN,NaN,NaN,NaN,19891
20210130,26470,2.941,0,0,4660,12:10,Fine,-4,19,NaN,NaN,NaN,NaN,19601
20210129,16015,1.779,0,0,3744,11:20,Fine,-3,9,NaN,NaN,NaN,NaN,19317
20210128,23014,2.557,0,0,4615,12:05,Fine,-1,13,NaN,NaN,NaN,NaN,19040
20210127,11511,1.279,0,0,3211,12:10,Partly Cloudy,5,16,NaN,NaN,NaN,NaN,18769
20210126,3530,0.392,0,0,786,14:35,Cloudy,1,6,NaN,NaN,NaN,NaN,18504
20210125,5217,0.580,0,0,1036,11:25,Cloudy,3,9,NaN,NaN,NaN,NaN,18247
20210124,19726,2.192,0,0,4178,11:45,Fine,-4,16,NaN,NaN,NaN,NaN,17996
20210123,23608,2.623,0,0,4471,12:00,Fine,0,13,NaN,NaN,NaN,NaN,17751
20210122,20075,2.231,0,0,4577,13:10,Fine,-1,22,NaN,NaN,NaN,NaN,17513
20210121,23045,2.561,0,0,4620,11:20,Fine,1,25,NaN,NaN,NaN,NaN,17282
20210120,18503,2.056,0,0,4298,12:40,Fine,4,18,NaN,NaN,NaN,NaN,17058
20210119,18404,2.045,0,0,4295,12:20,Fine,1,22,NaN,NaN,NaN,NaN,16841
20210118,16278,1.809,0,0,3774,13:25,Fine,4,18,NaN,NaN,NaN,NaN,16631
20210117,15104,1.678,0,0,3582,11:15,Fine,4,21,NaN,NaN,NaN,NaN,16428
20210116,19381,2.153,0,0,3983,11:30,Fine,3,22,NaN,NaN,NaN,NaN,16232
20210115,12557,1.395,0,0,4163,11:15,Partly Cloudy,1,19,NaN,NaN,NaN,NaN,16043
20210114,18805,2.089,0,0,3824,12:05,Fine,-1,27,NaN,NaN,NaN,NaN,15861
20210113,20628,2.292,0,0,3812,12:10,Fine,-4,25,NaN,NaN,NaN,NaN,15687
20210112,21160,2.351,0,0,3923,12:05,Fine,-4,24,NaN,NaN,NaN,NaN,15519
20210111,8704,0.967,0,0,2135,10:05,Mostly Cloudy,-1,14,NaN,NaN,NaN,NaN,15359
20210110,21022,2.336,0,0,3937,12:00,Fine,0,22,NaN,NaN,NaN,NaN,15206
20210109,21036,2.337,0,0,4026,12:05,Fine,0,18,NaN,NaN,NaN,NaN,15060
20210108,7469,0.830,0,0,2092,13:25,Mostly Cloudy,0,13,NaN,NaN,NaN,NaN,14922
20210107,20345,2.261,0,0,3845,12:00,Fine,0,20,NaN,NaN,NaN,NaN,14791
20210106,6186,0.687,0,0,2284,11:15,Cloudy,4,12,NaN,NaN,NaN,NaN,14667
20210105,4090,0.454,0,0,1136,11:40,Cloudy,4,11,NaN,NaN,NaN,NaN,14551
20210104,9335,1.037,0,0,2059,11:00,Partly Cloudy,0,15,NaN,NaN,NaN,NaN,14442
20210103,2555,0.284,0,0,701,13:05,Showers,4,8,NaN,NaN,NaN,NaN,14340
20210102,16268,1.808,0,0,3897,12:45,Fine,4,26,NaN,NaN,NaN,NaN,14246
20210101,2992,0.332,0,0,1077,10:55,Showers,3,7,NaN,NaN,NaN,NaN,14159
20201231,10686,1.187,0,0,3950,11:05,Partly Cloudy,9,23,NaN,NaN,NaN,NaN,14079
20201230,18264,2.029,0,0,4797,11:40,Fine,0,16,NaN,NaN,NaN,NaN,14007
20201229,19055,2.117,0,0,3826,12:00,Fine,3,17,NaN,NaN,NaN,NaN,13943
20201228,16014,1.779,0,0,3535,11:50,Fine,4,23,NaN,NaN,NaN,NaN,13885
20201227,19382,2.154,0,0,3697,11:35,Fine,-5,21,NaN,NaN,NaN,NaN,13835
20201226,17314,1.924,0,0,3916,13:00,Fine,-5,14,NaN,NaN,NaN,NaN,13793
20201225,7169,0.797,0,0,1741,14:35,Mostly Cloudy,2,7,NaN,NaN,NaN,NaN,13758
20201224,2679,0.298,0,0,717,13:25,Cloudy,8,18,NaN,NaN,NaN,NaN,13730
20201223,16290,1.810,0,0,3404,11:30,Fine,-2,20,NaN,NaN,NaN,NaN,13710
20201222,14789,1.643,0,0,4003,12:05,Fine,4,18,NaN,NaN,NaN,NaN,13697
20201221,14150,1.572,0,0,3848,10:45,Fine,4,24,NaN,NaN,NaN,NaN,13692
20201220,9561,1.062,0,0,3817,11:10,Partly Cloudy,4,17,NaN,NaN,NaN,NaN,13693
20201219,12879,1.431,0,0,2526,12:35,Fine,-4,15,NaN,NaN,NaN,NaN,13703
20201218,6265,0.696,0,0,1673,13:10,Mostly Cloudy,0,11,NaN,NaN,NaN,NaN,13720
20201217,6933,0.770,0,0,1598,13:55,Mostly Cloudy,-3,10,NaN,NaN,NaN,NaN,13744
20201216,971,0.108,0,0,443,09:45,Showers,0,3,NaN,NaN,NaN,NaN,13775
20201215,18737,2.082,0,0,3788,11:40,Fine,0,20,NaN,NaN,NaN,NaN,13814
20201214,2829,0.314,0,0,1220,15:10,Cloudy,6,9,NaN,NaN,NaN,NaN,13860
20201213,18650,2.072,0,0,3593,12:20,Fine,7,33,NaN,NaN,NaN,NaN,13914
20201212,11216,1.246,0,0,3483,13:05,Partly Cloudy,7,25,NaN,NaN,NaN,NaN,13975
20201211,18195,2.022,0,0,3507,11:55,Fine,3,26,NaN,NaN,NaN,NaN,14043
20201210,18162,2.018,0,0,3454,11:40,Fine,-3,25,NaN,NaN,NaN,NaN,14119
20201209,10080,1.120,0,0,2632,12:05,Partly Cloudy,0,16,NaN,NaN,NaN,NaN,14202
20201208,19986,2.221,0,0,3801,11:40,Fine,0,19,NaN,NaN,NaN,NaN,14293
20201207,13278,1.475,0,0,4368,12:25,Fine,1,18,NaN,NaN,NaN,NaN,14390
20201206,18868,2.096,0,0,4160,10:00,Fine,4,19,NaN,NaN,NaN,NaN,14496
20201205,11053,1.228,0,0,3323,09:40,Partly Cloudy,8,17,NaN,NaN,NaN,NaN,14608
20201204,5404,0.600,0,0,1616,12:35,Mostly Cloudy,9,18,NaN,NaN,NaN,NaN,14728
20201203,18732,2.081,0,0,3725,11:10,Fine,-2,27,NaN,NaN,NaN,NaN,14855
20201202,16886,1.876,0,0,4030,11:05,Fine,4,19,NaN,NaN,NaN,NaN,14989
20201201,12966,1.441,0,0,4342,12:00,Fine,5,19,NaN,NaN,NaN,NaN,15130
20201130,3341,0.371,0,0,1262,14:05,Cloudy,13,21,NaN,NaN,NaN,NaN,15279
20201129,20342,2.260,0,0,3774,11:40,Fine,0,28,NaN,NaN,NaN,NaN,15434
20201128,19580,2.176,0,0,4087,11:20,Fine,5,27,NaN,NaN,NaN,NaN,15597
20201127,7744,0.860,0,0,2414,11:30,Mostly Cloudy,12,25,NaN,NaN,NaN,NaN,15767
20201126,13757,1.529,0,0,4136,11:10,Partly Cloudy,14,35,NaN,NaN,NaN,NaN,15944
20201125,19116,2.124,0,0,4460,10:00,Fine,7,24,NaN,NaN,NaN,NaN,16129
20201124,21183,2.354,0,0,3911,11:25,Fine,2,26,NaN,NaN,NaN,NaN,16320
20201123,21440,2.382,0,0,4048,11:50,Fine,10,22,NaN,NaN,NaN,NaN,16518
20201122,12060,1.340,0,0,2843,11:25,Partly Cloudy,11,23,NaN,NaN,NaN,NaN,16723
20201121,10035,1.115,0,0,3310,10:00,Partly Cloudy,8,33,NaN,NaN,NaN,NaN,16935
20201120,22314,2.479,0,0,4056,11:35,Fine,4,28,NaN,NaN,NaN,NaN,17154
20201119,21699,2.411,0,0,4326,11:45,Fine,-2,21,NaN,NaN,NaN,NaN,17379
20201118,19574,2.175,0,0,5806,10:50,Fine,0,18,NaN,NaN,NaN,NaN,17612
20201117,18893,2.099,0,0,5063,10:35,Fine,5,25,NaN,NaN,NaN,NaN,17851
20201116,24175,2.686,0,0,4314,11:40,Fine,9,28,NaN,NaN,NaN,NaN,18096
20201115,9833,1.093,0,0,4235,09:55,Partly Cloudy,9,23,NaN,NaN,NaN,NaN,18348
20201114,24225,2.692,0,0,4422,11:35,Fine,3,28,NaN,NaN,NaN,NaN,18607
20201113,17374,1.930,0,0,3971,12:40,Fine,10,29,NaN,NaN,NaN,NaN,18872
20201112,2109,0.234,0,0,536,12:40,Showers,12,20,NaN,NaN,NaN,NaN,19144
20201111,1696,0.188,0,0,574,10:55,Showers,19,22,NaN,NaN,NaN,NaN,19421
20201110,22810,2.534,0,0,4174,12:50,Fine,10,37,NaN,NaN,NaN,NaN,19704
20201109,23895,2.655,0,0,4124,11:45,Fine,9,41,NaN,NaN,NaN,NaN,19996
20201108,24312,2.701,0,0,4175,11:35,Fine,7,42,NaN,NaN,NaN,NaN,20292
20201107,25097,2.789,0,0,4262,11:20,Fine,5,41,NaN,NaN,NaN,NaN,20593
20201106,21893,2.433,0,0,4295,11:45,Fine,9,39,NaN,NaN,NaN,NaN,20900
20201105,26084,2.898,0,0,4552,11:25,Fine,7,35,NaN,NaN,NaN,NaN,21213
20201104,27157,3.017,0,0,4608,11:30,Fine,2,33,NaN,NaN,NaN,NaN,21534
20201103,27834,3.093,0,0,4706,11:40,Fine,8,28,NaN,NaN,NaN,NaN,21859
20201102,27411,3.046,0,0,5123,11:40,Fine,4,20,NaN,NaN,NaN,NaN,22189
20201101,6190,0.688,0,0,1646,14:20,Cloudy,9,19,NaN,NaN,NaN,NaN,22014
20201031,20762,2.307,0,0,6262,12:30,Partly Cloudy,2,26,NaN,NaN,NaN,NaN,22864
20201030,15572,1.730,0,0,5311,11:35,Partly Cloudy,9,22,NaN,NaN,NaN,NaN,23212
20201029,3931,0.437,0,0,1891,15:25,Showers,14,21,NaN,NaN,NaN,NaN,23562
20201028,13958,1.551,0,0,3464,14:25,Mostly Cloudy,17,35,NaN,NaN,NaN,NaN,23917
20201027,11162,1.240,0,0,3309,15:30,Mostly Cloudy,14,32,NaN,NaN,NaN,NaN,24277
20201026,12499,1.389,0,0,2511,12:40,Mostly Cloudy,10,27,NaN,NaN,NaN,NaN,24644
20201025,4807,0.534,0,0,1162,12:40,Showers,8,13,NaN,NaN,NaN,NaN,25013
20201024,20746,2.305,0,0,5116,14:40,Partly Cloudy,16,38,NaN,NaN,NaN,NaN,25387
20201023,28583,3.176,0,0,5575,12:20,Fine,17,41,NaN,NaN,NaN,NaN,25764
20201022,25560,2.840,0,0,5523,11:20,Fine,17,45,NaN,NaN,NaN,NaN,26146
20201021,14867,1.652,0,0,5503,14:35,Partly Cloudy,18,36,NaN,NaN,NaN,NaN,26534
20201020,24642,2.738,0,0,5126,13:05,Fine,15,39,NaN,NaN,NaN,NaN,26924
20201019,24046,2.672,0,0,6664,12:45,Fine,11,35,NaN,NaN,NaN,NaN,27317
20201018,31111,3.457,0,0,6156,12:55,Fine,3,36,NaN,NaN,NaN,NaN,27714
20201017,34400,3.822,0,0,5500,12:15,Fine,4,35,NaN,NaN,NaN,NaN,28117
20201016,7584,0.843,0,0,2283,15:45,Cloudy,14,23,NaN,NaN,NaN,NaN,28521
20201015,33785,3.754,0,0,5418,12:30,Fine,12,36,NaN,NaN,NaN,NaN,28927
20201014,34210,3.801,0,0,5506,12:20,Fine,7,41,NaN,NaN,NaN,NaN,29337
20201012,8021,0.891,0,0,1663,12:15,Cloudy,16,20,NaN,NaN,NaN,NaN,30167
20201011,8872,0.986,0,0,2279,10:25,Cloudy,18,32,NaN,NaN,NaN,NaN,30585
20201010,13870,1.541,0,0,3242,13:50,Mostly Cloudy,15,33,NaN,NaN,NaN,NaN,31006
20201009,33268,3.696,0,0,5675,12:15,Fine,6,38,NaN,NaN,NaN,NaN,31429
20201008,37174,4.130,0,0,6007,12:55,Fine,12,37,NaN,NaN,NaN,NaN,31854
20201007,35591,3.955,0,0,5511,12:45,Fine,12,42,NaN,NaN,NaN,NaN,32281
20201006,36220,4.024,0,0,5944,13:40,Fine,7,41,NaN,NaN,NaN,NaN,32710
20201005,38302,4.256,0,0,5956,13:55,Fine,11,38,NaN,NaN,NaN,NaN,33141
20201004,37126,4.125,0,0,5584,12:30,Fine,6,40,NaN,NaN,NaN,NaN,33573
20201003,39589,4.399,0,0,5947,12:40,Fine,7,39,NaN,NaN,NaN,NaN,34006
20201002,34748,3.861,0,0,6529,14:05,Fine,14,38,NaN,NaN,NaN,NaN,34440
20201001,31603,3.511,0,0,7686,12:40,Fine,12,44,NaN,NaN,NaN,NaN,34876
20200930,37470,4.163,0,0,6775,12:40,Fine,12,40,NaN,NaN,NaN,NaN,35313
20200929,22829,2.537,0,0,6990,13:15,Partly Cloudy,20,41,NaN,NaN,NaN,NaN,35750
20200928,27531,3.059,0,0,5841,10:35,Partly Cloudy,19,42,NaN,NaN,NaN,NaN,36188
20200927,17333,1.926,0,0,5613,15:15,Mostly Cloudy,20,39,NaN,NaN,NaN,NaN,36626
20200926,13195,1.466,0,0,3902,14:30,Mostly Cloudy,17,33,NaN,NaN,NaN,NaN,37065
20200925,13450,1.494,0,0,2865,14:20,Mostly Cloudy,16,31,NaN,NaN,NaN,NaN,37504
20200924,13200,1.467,0,0,2775,12:55,Mostly Cloudy,16,33,NaN,NaN,NaN,NaN,37942
20200923,38989,4.332,0,0,5991,13:10,Fine,11,45,NaN,NaN,NaN,NaN,38381
20200922,41395,4.599,0,0,6019,12:45,Fine,4,43,NaN,NaN,NaN,NaN,38820
20200921,43343,4.816,0,0,6274,12:40,Fine,6,37,NaN,NaN,NaN,NaN,39257
20200920,43321,4.813,0,0,6275,12:50,Fine,5,39,NaN,NaN,NaN,NaN,39695
20200919,44504,4.945,0,0,6411,12:30,Fine,7,38,NaN,NaN,NaN,NaN,40132
20200918,29726,3.303,0,0,5895,13:40,Fine,18,36,NaN,NaN,NaN,NaN,40568
20200917,12696,1.411,0,0,2941,11:00,Mostly Cloudy,16,36,NaN,NaN,NaN,NaN,41003
20200916,34891,3.877,0,0,5995,12:50,Fine,9,40,NaN,NaN,NaN,NaN,41437
20200915,36559,4.062,0,0,5653,12:55,Fine,10,41,NaN,NaN,NaN,NaN,41869
20200914,31263,3.474,0,0,5590,12:50,Fine,21,42,NaN,NaN,NaN,NaN,42300
20200913,40498,4.500,0,0,6439,12:50,Fine,14,49,NaN,NaN,NaN,NaN,42730
20200912,16097,1.789,0,0,4394,15:55,Mostly Cloudy,21,34,NaN,NaN,NaN,NaN,43158
20200911,22390,2.488,0,0,6658,12:40,Partly Cloudy,23,41,NaN,NaN,NaN,NaN,43585
20200910,10679,1.187,0,0,2314,15:10,Cloudy,24,34,NaN,NaN,NaN,NaN,44009
20200909,16760,1.862,0,0,4097,14:15,Mostly Cloudy,22,38,NaN,NaN,NaN,NaN,44431
20200908,37206,4.134,0,0,6929,13:30,Fine,16,51,NaN,NaN,NaN,NaN,44852
20200907,45203,5.023,0,0,6283,12:45,Fine,15,54,NaN,NaN,NaN,NaN,45270
20200906,45991,5.110,0,0,6369,12:35,Fine,14,55,NaN,NaN,NaN,NaN,45685
20200905,47630,5.292,0,0,7043,13:15,Fine,14,51,NaN,NaN,NaN,NaN,46099
20200904,34902,3.878,0,0,6274,13:25,Fine,21,54,NaN,NaN,NaN,NaN,46509
20200903,36962,4.107,0,0,7035,12:15,Fine,21,54,NaN,NaN,NaN,NaN,46917
20200902,29897,3.322,0,0,7503,13:10,Fine,23,49,NaN,NaN,NaN,NaN,47322
20200901,19288,2.143,0,0,5883,15:05,Partly Cloudy,20,40,NaN,NaN,NaN,NaN,47724
20200831,14808,1.645,0,0,3147,11:50,Cloudy,18,35,NaN,NaN,NaN,NaN,48123
20200830,49817,5.535,0,0,7885,12:20,Fine,16,50,NaN,NaN,NaN,NaN,48519
20200829,21891,2.432,0,0,5233,14:10,Mostly Cloudy,22,46,NaN,NaN,NaN,NaN,48911
20200828,35256,3.917,0,0,6369,11:15,Fine,22,53,NaN,NaN,NaN,NaN,49300
20200827,40553,4.506,0,0,6639,13:05,Fine,23,54,NaN,NaN,NaN,NaN,49686
20200826,48019,5.335,0,0,6654,12:45,Fine,20,52,NaN,NaN,NaN,NaN,50068
20200825,40184,4.465,0,0,7123,13:35,Fine,21,52,NaN,NaN,NaN,NaN,50446
20200824,41328,4.592,0,0,7806,13:05,Fine,23,61,NaN,NaN,NaN,NaN,50821
20200823,41563,4.618,0,0,7308,12:25,Fine,24,59,NaN,NaN,NaN,NaN,51191
20200822,31445,3.494,0,0,6750,12:30,Partly Cloudy,23,51,NaN,NaN,NaN,NaN,51558
20200821,38142,4.238,0,0,7183,13:50,Fine,18,53,NaN,NaN,NaN,NaN,51921
20200820,36829,4.092,0,0,7528,12:05,Fine,17,52,NaN,NaN,NaN,NaN,52279
20200819,38050,4.228,0,0,7234,14:30,Fine,20,52,NaN,NaN,NaN,NaN,52634
20200818,51658,5.740,0,0,7048,13:10,Fine,18,54,NaN,NaN,NaN,NaN,52984
20200817,43468,4.830,0,0,7762,13:25,Fine,16,56,NaN,NaN,NaN,NaN,53329
20200816,20412,2.268,0,0,5197,14:30,Mostly Cloudy,19,36,NaN,NaN,NaN,NaN,53670
20200815,19116,2.124,0,0,3118,15:20,Mostly Cloudy,22,35,NaN,NaN,NaN,NaN,54007
20200814,37491,4.166,0,0,7917,12:55,Fine,24,51,NaN,NaN,NaN,NaN,54339
20200813,22288,2.476,0,0,5470,13:35,Mostly Cloudy,25,44,NaN,NaN,NaN,NaN,54666
20200812,43427,4.825,0,0,7032,12:25,Fine,24,60,NaN,NaN,NaN,NaN,54989
20200811,46220,5.136,0,0,7476,13:20,Fine,24,58,NaN,NaN,NaN,NaN,55306
20200810,46716,5.191,0,0,7498,13:10,Fine,23,63,NaN,NaN,NaN,NaN,55619
20200809,41130,4.570,0,0,7806,12:05,Fine,21,57,NaN,NaN,NaN,NaN,55927
20200808,29966,3.330,0,0,6145,15:50,Partly Cloudy,22,48,NaN,NaN,NaN,NaN,56229
20200807,37666,4.185,0,0,7826,12:45,Fine,22,53,NaN,NaN,NaN,NaN,56527
20200806,33170,3.686,0,0,7991,11:55,Partly Cloudy,22,53,NaN,NaN,NaN,NaN,56819
20200805,54673,6.075,0,0,7141,12:55,Fine,19,58,NaN,NaN,NaN,NaN,57107
20200804,32373,3.597,0,0,8009,13:25,Partly Cloudy,21,49,NaN,NaN,NaN,NaN,57388
20200803,32605,3.623,0,0,7458,12:00,Partly Cloudy,24,56,NaN,NaN,NaN,NaN,57665
20200802,42810,4.757,0,0,7794,13:40,Fine,26,52,NaN,NaN,NaN,NaN,57936
20200801,33810,3.757,0,0,7071,11:25,Partly Cloudy,21,51,NaN,NaN,NaN,NaN,58202
20200731,12201,1.356,0,0,2649,17:15,Cloudy,23,36,NaN,NaN,NaN,NaN,58462
20200730,50726,5.636,0,0,7141,12:50,Fine,24,63,NaN,NaN,NaN,NaN,58716
20200729,55796,6.200,0,0,7347,12:35,Fine,22,62,NaN,NaN,NaN,NaN,58965
20200728,48058,5.340,0,0,7812,13:25,Fine,24,58,NaN,NaN,NaN,NaN,59208
20200727,50158,5.573,0,0,7559,13:05,Fine,24,61,NaN,NaN,NaN,NaN,59446
20200726,55867,6.207,0,0,7892,13:00,Fine,25,63,NaN,NaN,NaN,NaN,59677
20200725,41110,4.568,0,0,8018,13:30,Fine,21,58,NaN,NaN,NaN,NaN,59903
20200724,27174,3.019,0,0,7327,14:05,Partly Cloudy,23,53,NaN,NaN,NaN,NaN,60123
20200723,48057,5.340,0,0,7853,13:00,Fine,23,62,NaN,NaN,NaN,NaN,60338
20200722,42094,4.677,0,0,7082,13:00,Fine,23,62,NaN,NaN,NaN,NaN,60546
20200721,53149,5.905,0,0,7262,12:20,Fine,25,63,NaN,NaN,NaN,NaN,60748
20200720,38996,4.333,0,0,7913,12:55,Partly Cloudy,28,59,NaN,NaN,NaN,NaN,60944
20200719,49272,5.475,0,0,7479,13:30,Fine,23,63,NaN,NaN,NaN,NaN,61135
20200718,56331,6.259,0,0,7386,12:50,Fine,23,62,NaN,NaN,NaN,NaN,61319
20200717,48090,5.343,0,0,7882,13:55,Fine,25,57,NaN,NaN,NaN,NaN,61497
20200716,38918,4.324,0,0,7414,14:15,Partly Cloudy,24,47,NaN,NaN,NaN,NaN,61668
20200715,45448,5.050,0,0,8020,13:20,Fine,19,60,NaN,NaN,NaN,NaN,61834
20200714,58000,6.444,0,0,7809,12:50,Fine,20,57,NaN,NaN,NaN,NaN,61993
20200713,53230,5.914,0,0,8005,14:00,Fine,19,59,NaN,NaN,NaN,NaN,62147
20200712,47807,5.312,0,0,8022,12:30,Fine,20,59,NaN,NaN,NaN,NaN,62294
20200711,49018,5.446,0,0,7994,13:15,Fine,24,56,NaN,NaN,NaN,NaN,62434
20200710,41299,4.589,0,0,8000,13:40,Fine,23,53,NaN,NaN,NaN,NaN,62568
20200709,48876,5.431,0,0,8018,13:55,Fine,22,56,NaN,NaN,NaN,NaN,62696
20200708,54886,6.098,0,0,7952,13:00,Fine,23,60,NaN,NaN,NaN,NaN,62818
20200707,42585,4.732,0,0,7995,13:15,Fine,21,60,NaN,NaN,NaN,NaN,62933
20200706,43827,4.870,0,0,7319,13:00,Fine,24,56,NaN,NaN,NaN,NaN,63042
20200705,53655,5.962,0,0,7579,13:25,Fine,25,59,NaN,NaN,NaN,NaN,63144
20200704,56394,6.266,0,0,8023,12:45,Fine,23,63,NaN,NaN,NaN,NaN,63240
20200703,55180,6.131,0,0,7212,13:10,Fine,24,61,NaN,NaN,NaN,NaN,63329
20200702,54764,6.085,0,0,8024,12:10,Fine,19,57,NaN,NaN,NaN,NaN,63412
20200701,45237,5.026,0,0,8024,13:00,Fine,22,55,NaN,NaN,NaN,NaN,63488
20200630,56130,6.237,0,0,7828,12:55,Fine,20,59,NaN,NaN,NaN,NaN,63558
20200629,55950,6.217,0,0,7724,12:55,Fine,23,55,NaN,NaN,NaN,NaN,63621
20200628,35208,3.912,0,0,8023,12:55,Partly Cloudy,22,55,NaN,NaN,NaN,NaN,63678
20200627,41986,4.665,0,0,7892,14:05,Fine,23,55,NaN,NaN,NaN,NaN,63728
20200626,53601,5.956,0,0,7661,13:05,Fine,16,58,NaN,NaN,NaN,NaN,63771
20200625,39453,4.384,0,0,7979,11:50,Partly Cloudy,19,56,NaN,NaN,NaN,NaN,63808
20200624,58613,6.513,0,0,7975,13:15,Fine,23,55,NaN,NaN,NaN,NaN,63838
20200623,54325,6.036,0,0,7994,12:40,Fine,19,58,NaN,NaN,NaN,NaN,63862
20200622,50872,5.652,0,0,7851,12:25,Fine,21,55,NaN,NaN,NaN,NaN,63879
20200621,43562,4.840,0,0,8022,13:00,Fine,20,59,NaN,NaN,NaN,NaN,63890
20200620,23631,2.626,0,0,7154,10:30,Mostly Cloudy,18,44,NaN,NaN,NaN,NaN,63893
20200619,36157,4.017,0,0,8021,12:50,Partly Cloudy,20,50,NaN,NaN,NaN,NaN,63890
20200618,31341,3.482,0,0,7590,11:10,Partly Cloudy,19,43,NaN,NaN,NaN,NaN,63881
20200617,14527,1.614,0,0,4595,13:10,Cloudy,18,32,NaN,NaN,NaN,NaN,63865
20200616,46916,5.213,0,0,7809,14:50,Fine,18,41,NaN,NaN,NaN,NaN,63842
20200615,53464,5.940,0,0,8000,13:00,Fine,17,46,NaN,NaN,NaN,NaN,63813
20200614,58679,6.520,0,0,7785,13:15,Fine,16,50,NaN,NaN,NaN,NaN,63777
20200613,58196,6.466,0,0,7982,11:35,Fine,16,53,NaN,NaN,NaN,NaN,63734
20200612,61659,6.851,0,0,7759,13:00,Fine,18,56,NaN,NaN,NaN,NaN,63685
20200611,31236,3.471,0,0,8005,14:55,Partly Cloudy,25,49,NaN,NaN,NaN,NaN,63629
20200610,42979,4.775,0,0,7948,12:55,Fine,24,49,NaN,NaN,NaN,NaN,63566
20200609,56258,6.251,0,0,7800,13:40,Fine,15,56,NaN,NaN,NaN,NaN,63497
20200608,61551,6.839,0,0,7749,12:50,Fine,15,57,NaN,NaN,NaN,NaN,63422
20200607,62481,6.942,0,0,8007,13:55,Fine,16,53,NaN,NaN,NaN,NaN,63339
20200606,46336,5.148,0,0,7162,12:35,Fine,21,53,NaN,NaN,NaN,NaN,63251
20200605,47117,5.235,0,0,8007,12:55,Fine,21,54,NaN,NaN,NaN,NaN,63155
20200604,46301,5.145,0,0,7750,14:25,Fine,21,59,NaN,NaN,NaN,NaN,63053
20200603,50053,5.561,0,0,7313,13:30,Fine,19,55,NaN,NaN,NaN,NaN,62945
20200602,33815,3.757,0,0,7960,12:30,Partly Cloudy,13,51,NaN,NaN,NaN,NaN,62829
20200601,61437,6.826,0,0,8021,13:20,Fine,9,50,NaN,NaN,NaN,NaN,62708
20200531,60574,6.730,0,0,8026,11:55,Fine,14,47,NaN,NaN,NaN,NaN,62580
20200530,57463,6.385,0,0,7992,12:45,Fine,19,55,NaN,NaN,NaN,NaN,62445
20200529,38936,4.326,0,0,7473,12:50,Partly Cloudy,24,47,NaN,NaN,NaN,NaN,62305
20200528,18830,2.092,0,0,4504,16:20,Mostly Cloudy,22,36,NaN,NaN,NaN,NaN,62157
20200527,33373,3.708,0,0,7765,11:30,Partly Cloudy,18,46,NaN,NaN,NaN,NaN,62003
20200526,49233,5.470,0,0,8025,13:45,Fine,14,54,NaN,NaN,NaN,NaN,61843
20200525,43085,4.787,0,0,8020,13:45,Fine,17,51,NaN,NaN,NaN,NaN,61677
20200524,21902,2.434,0,0,4587,14:00,Mostly Cloudy,16,35,NaN,NaN,NaN,NaN,61504
20200523,51341,5.705,0,0,8023,12:45,Fine,17,52,NaN,NaN,NaN,NaN,61325
20200522,20362,2.262,0,0,7410,15:10,Mostly Cloudy,15,45,NaN,NaN,NaN,NaN,61140
20200521,39154,4.350,0,0,7453,15:15,Fine,11,38,NaN,NaN,NaN,NaN,60948
20200520,40119,4.458,0,0,6910,14:30,Fine,11,31,NaN,NaN,NaN,NaN,60750
20200519,41313,4.590,0,0,7624,12:25,Fine,13,34,NaN,NaN,NaN,NaN,60546
20200518,16245,1.805,0,0,2792,17:00,Cloudy,14,28,NaN,NaN,NaN,NaN,60336
20200517,19563,2.174,0,0,3294,13:40,Mostly Cloudy,17,28,NaN,NaN,NaN,NaN,60120
20200516,55977,6.220,0,0,8017,11:20,Fine,19,55,NaN,NaN,NaN,NaN,59898
20200514,32947,3.661,0,0,6704,12:00,Partly Cloudy,9,35,NaN,NaN,NaN,NaN,59435
20200513,60369,6.708,0,0,8008,12:55,Fine,3,47,NaN,NaN,NaN,NaN,59195
20200512,49691,5.521,0,0,8024,13:15,Fine,4,37,NaN,NaN,NaN,NaN,58949
20200511,38909,4.323,0,0,8023,12:00,Partly Cloudy,10,32,NaN,NaN,NaN,NaN,58697
20200510,61501,6.833,0,0,7959,12:50,Fine,3,42,NaN,NaN,NaN,NaN,58439
20200509,48333,5.370,0,0,8006,12:30,Fine,2,27,NaN,NaN,NaN,NaN,58176
20200508,21860,2.429,0,0,5265,12:25,Mostly Cloudy,12,31,NaN,NaN,NaN,NaN,57906
20200507,61833,6.870,0,0,7998,12:50,Fine,5,43,NaN,NaN,NaN,NaN,57632
20200506,18337,2.037,0,0,5768,13:30,Mostly Cloudy,10,26,NaN,NaN,NaN,NaN,57351
20200505,27861,3.096,0,0,5802,09:45,Partly Cloudy,9,32,NaN,NaN,NaN,NaN,57065
20200504,59278,6.586,0,0,8017,12:45,Fine,16,44,NaN,NaN,NaN,NaN,56774
20200503,24707,2.745,0,0,6934,14:50,Mostly Cloudy,16,43,NaN,NaN,NaN,NaN,56477
20200502,58075,6.453,0,0,7649,12:30,Fine,9,50,NaN,NaN,NaN,NaN,56175
20200501,38156,4.240,0,0,8023,12:10,Partly Cloudy,12,40,NaN,NaN,NaN,NaN,55867
20200430,7097,0.789,0,0,1656,13:05,Showers,16,22,NaN,NaN,NaN,NaN,55555
20200429,44610,4.957,0,0,7596,12:05,Fine,6,41,NaN,NaN,NaN,NaN,55237
20200428,21749,2.417,0,0,5558,10:35,Mostly Cloudy,6,28,NaN,NaN,NaN,NaN,54914
20200427,28605,3.178,0,0,7662,12:10,Partly Cloudy,7,27,NaN,NaN,NaN,NaN,54586
20200426,11183,1.243,0,0,3544,12:40,Cloudy,10,22,NaN,NaN,NaN,NaN,54253
20200425,31199,3.467,0,0,7978,14:25,Partly Cloudy,6,36,NaN,NaN,NaN,NaN,53915
20200424,14933,1.659,0,0,4140,14:45,Cloudy,12,25,NaN,NaN,NaN,NaN,53572
20200423,18186,2.021,0,0,3873,11:45,Mostly Cloudy,7,25,NaN,NaN,NaN,NaN,53225
20200422,58930,6.548,0,0,7931,13:10,Fine,8,34,NaN,NaN,NaN,NaN,52873
20200421,23582,2.620,0,0,7874,11:50,Partly Cloudy,9,35,NaN,NaN,NaN,NaN,52517
20200420,22902,2.545,0,0,6090,14:50,Mostly Cloudy,16,34,NaN,NaN,NaN,NaN,52156
20200419,49815,5.535,0,0,7677,12:35,Fine,0,39,NaN,NaN,NaN,NaN,51790
20200418,32856,3.651,0,0,7964,13:05,Partly Cloudy,9,26,NaN,NaN,NaN,NaN,51421
20200417,36114,4.013,0,0,7791,12:35,Fine,0,32,NaN,NaN,NaN,NaN,51047
20200416,52001,5.778,0,0,8023,12:40,Fine,5,31,NaN,NaN,NaN,NaN,50669
20200415,53421,5.936,0,0,8018,13:00,Fine,4,36,NaN,NaN,NaN,NaN,50287
20200414,37786,4.198,0,0,7749,12:10,Fine,8,38,NaN,NaN,NaN,NaN,49902
20200413,22164,2.463,0,0,7510,14:20,Mostly Cloudy,16,41,NaN,NaN,NaN,NaN,49512
20200412,25476,2.831,0,0,7784,14:25,Partly Cloudy,7,38,NaN,NaN,NaN,NaN,49119
20200411,54622,6.069,0,0,7659,13:05,Fine,1,35,NaN,NaN,NaN,NaN,48722
20200410,47784,5.309,0,0,7997,13:10,Fine,5,24,NaN,NaN,NaN,NaN,48322
20200409,44668,4.963,0,0,7862,13:00,Fine,13,42,NaN,NaN,NaN,NaN,47918
20200408,43664,4.852,0,0,7335,12:50,Fine,14,45,NaN,NaN,NaN,NaN,47511
20200407,29916,3.324,0,0,7554,12:05,Partly Cloudy,13,47,NaN,NaN,NaN,NaN,47101
20200406,51549,5.728,0,0,7244,13:00,Fine,12,42,NaN,NaN,NaN,NaN,46688
20200405,37222,4.136,0,0,7687,13:35,Fine,8,38,NaN,NaN,NaN,NaN,46272
20200404,22095,2.455,0,0,6709,11:50,Mostly Cloudy,10,32,NaN,NaN,NaN,NaN,45853
20200403,55085,6.121,0,0,7322,13:00,Fine,7,34,NaN,NaN,NaN,NaN,45432
20200402,49749,5.528,0,0,7548,12:30,Fine,4,33,NaN,NaN,NaN,NaN,45008
20200401,28143,3.127,0,0,7919,12:40,Partly Cloudy,5,26,NaN,NaN,NaN,NaN,44582
20200331,16893,1.877,0,0,4684,10:35,Mostly Cloudy,10,25,NaN,NaN,NaN,NaN,44153
20200330,44432,4.937,0,0,7051,13:10,Fine,12,41,NaN,NaN,NaN,NaN,43722
20200329,18160,2.018,0,0,5164,15:35,Mostly Cloudy,11,34,NaN,NaN,NaN,NaN,43289
20200328,8782,0.976,0,0,1568,09:00,Cloudy,12,19,NaN,NaN,NaN,NaN,42855
20200327,35727,3.970,0,0,7482,14:15,Fine,9,40,NaN,NaN,NaN,NaN,42419
20200326,40332,4.481,0,0,7604,12:25,Fine,8,32,NaN,NaN,NaN,NaN,41980
20200325,11102,1.234,0,0,2822,12:20,Cloudy,7,17,NaN,NaN,NaN,NaN,41541
20200324,23770,2.641,0,0,6610,13:55,Partly Cloudy,6,31,NaN,NaN,NaN,NaN,41100
20200323,8708,0.968,0,0,1883,16:35,Cloudy,5,13,NaN,NaN,NaN,NaN,40659
20200322,43339,4.815,0,0,7040,12:25,Fine,4,31,NaN,NaN,NaN,NaN,40216
20200321,26988,2.999,0,0,6812,12:25,Partly Cloudy,13,29,NaN,NaN,NaN,NaN,39772
20200320,16664,1.852,0,0,5228,15:40,Mostly Cloudy,17,36,NaN,NaN,NaN,NaN,39327
20200319,27464,3.052,0,0,6885,12:15,Fine,10,41,NaN,NaN,NaN,NaN,38882
20200318,34665,3.852,0,0,7317,12:30,Fine,4,32,NaN,NaN,NaN,NaN,38437
20200317,34408,3.823,0,0,7489,13:40,Fine,7,37,NaN,NaN,NaN,NaN,37991
20200316,38032,4.226,0,0,6060,14:25,Fine,1,27,NaN,NaN,NaN,NaN,37545
20200315,15415,1.713,0,0,4405,13:05,Mostly Cloudy,5,21,NaN,NaN,NaN,NaN,37099
20200314,36640,4.071,0,0,6674,12:40,Fine,7,36,NaN,NaN,NaN,NaN,36653
20200313,31758,3.529,0,0,6549,12:35,Fine,15,39,NaN,NaN,NaN,NaN,36208
20200312,32284,3.587,0,0,5895,14:25,Fine,9,33,NaN,NaN,NaN,NaN,35763
20200311,17646,1.961,0,0,4357,10:45,Mostly Cloudy,7,26,NaN,NaN,NaN,NaN,35319
20200310,14537,1.615,0,0,5398,14:35,Mostly Cloudy,15,30,NaN,NaN,NaN,NaN,34876
20200309,42306,4.701,0,0,6226,12:30,Fine,4,43,NaN,NaN,NaN,NaN,34433
20200308,42200,4.689,0,0,6407,12:50,Fine,1,34,NaN,NaN,NaN,NaN,33992
20200307,40673,4.519,0,0,7036,10:55,Fine,3,24,NaN,NaN,NaN,NaN,33552
20200306,17313,1.924,0,0,6559,13:10,Mostly Cloudy,1,23,NaN,NaN,NaN,NaN,33114
20200305,32665,3.629,0,0,6156,11:05,Fine,3,33,NaN,NaN,NaN,NaN,32677
20200304,41240,4.582,0,0,6282,12:00,Fine,5,35,NaN,NaN,NaN,NaN,32242
20200303,13208,1.468,0,0,4360,14:25,Mostly Cloudy,6,27,NaN,NaN,NaN,NaN,31809
20200302,34280,3.809,0,0,6451,12:30,Fine,3,31,NaN,NaN,NaN,NaN,31378
20200301,40977,4.553,0,0,6248,11:55,Fine,-5,28,NaN,NaN,NaN,NaN,30949
20200229,32840,3.649,0,0,6791,12:50,Fine,0,15,NaN,NaN,NaN,NaN,30523
20200228,24557,2.729,0,0,6804,12:50,Fine,0,22,NaN,NaN,NaN,NaN,30099
20200227,38196,4.244,0,0,6489,12:25,Fine,3,19,NaN,NaN,NaN,NaN,29678
20200226,5527,0.614,0,0,2095,12:20,Cloudy,11,17,NaN,NaN,NaN,NaN,29260
20200225,6757,0.751,0,0,1665,10:55,Cloudy,8,18,NaN,NaN,NaN,NaN,28844
20200224,26006,2.890,0,0,5596,13:30,Fine,-1,33,NaN,NaN,NaN,NaN,28432
20200223,37425,4.158,0,0,5862,12:00,Fine,-5,32,NaN,NaN,NaN,NaN,28024
20200222,37180,4.131,0,0,5896,12:15,Fine,-4,29,NaN,NaN,NaN,NaN,27619
20200221,37678,4.186,0,0,5950,12:15,Fine,-4,19,NaN,NaN,NaN,NaN,27217
20200220,14251,1.583,0,0,2379,11:10,Partly Cloudy,1,15,NaN,NaN,NaN,NaN,26819
20200219,24716,2.746,0,0,5220,13:30,Fine,7,23,NaN,NaN,NaN,NaN,26426
20200218,22800,2.533,0,0,5467,10:50,Fine,6,25,NaN,NaN,NaN,NaN,26036
20200217,33177,3.686,0,0,5773,12:00,Fine,0,31,NaN,NaN,NaN,NaN,25651
20200216,22442,2.494,0,0,5222,13:30,Fine,0,25,NaN,NaN,NaN,NaN,25270
20200215,33685,3.743,0,0,5828,12:20,Fine,-6,18,NaN,NaN,NaN,NaN,24893
20200214,31027,3.447,0,0,6221,10:50,Fine,1,17,NaN,NaN,NaN,NaN,24521
20200213,2941,0.327,0,0,1153,15:30,Showers,8,16,NaN,NaN,NaN,NaN,24154
20200212,17005,1.889,0,0,5215,10:40,Partly Cloudy,5,23,NaN,NaN,NaN,NaN,23792
20200211,8088,0.899,0,0,2764,14:05,Cloudy,11,23,NaN,NaN,NaN,NaN,23435
20200210,6164,0.685,0,0,2209,11:05,Cloudy,7,13,NaN,NaN,NaN,NaN,23083
20200209,31552,3.506,0,0,5298,12:30,Fine,-2,27,NaN,NaN,NaN,NaN,22736
20200208,27309,3.034,0,0,6127,11:40,Fine,-1,23,NaN,NaN,NaN,NaN,22394
20200207,16378,1.820,0,0,5631,13:40,Partly Cloudy,6,19,NaN,NaN,NaN,NaN,22058
20200206,2357,0.262,0,0,633,13:30,Showers,5,10,NaN,NaN,NaN,NaN,21728
20200205,3718,0.413,0,0,794,13:05,Showers,6,9,NaN,NaN,NaN,NaN,21403
20200204,11797,1.311,0,0,2950,13:15,Mostly Cloudy,11,27,NaN,NaN,NaN,NaN,21085
20200203,20989,2.332,0,0,4832,12:25,Fine,5,35,NaN,NaN,NaN,NaN,20772
20200202,18550,2.061,0,0,5350,12:35,Partly Cloudy,4,20,NaN,NaN,NaN,NaN,20465
20200201,17676,1.964,0,0,4728,13:15,Partly Cloudy,-1,26,NaN,NaN,NaN,NaN,20164
20200131,13102,1.456,0,0,2711,13:15,Partly Cloudy,0,18,NaN,NaN,NaN,NaN,19870
20200130,19881,2.209,0,0,4443,12:30,Fine,-1,19,NaN,NaN,NaN,NaN,19582
20200129,19348,2.150,0,0,5352,12:35,Fine,4,21,NaN,NaN,NaN,NaN,19300
20200128,11878,1.320,0,0,4896,11:20,Partly Cloudy,4,16,NaN,NaN,NaN,NaN,19025
20200127,15029,1.670,0,0,5720,12:40,Fine,4,23,NaN,NaN,NaN,NaN,18756
20200126,17472,1.941,0,0,5417,10:50,Fine,2,23,NaN,NaN,NaN,NaN,18494
20200125,9219,1.024,0,0,4166,13:05,Mostly Cloudy,9,20,NaN,NaN,NaN,NaN,18239
20200124,12514,1.390,0,0,3244,12:20,Partly Cloudy,3,19,NaN,NaN,NaN,NaN,17990
20200123,14781,1.642,0,0,3401,11:10,Fine,-5,19,NaN,NaN,NaN,NaN,17748
20200122,24866,2.763,0,0,4439,12:05,Fine,-6,22,NaN,NaN,NaN,NaN,17513
20200121,25700,2.856,0,0,4639,12:10,Fine,-5,15,NaN,NaN,NaN,NaN,17285
20200120,25572,2.841,0,0,4614,12:05,Fine,-5,13,NaN,NaN,NaN,NaN,17064
20200119,21516,2.391,0,0,5333,12:05,Fine,3,18,NaN,NaN,NaN,NaN,16850
20200118,2987,0.332,0,0,1276,13:00,Cloudy,-2,3,NaN,NaN,NaN,NaN,16644
20200117,23807,2.645,0,0,4594,12:00,Fine,0,16,NaN,NaN,NaN,NaN,16444
20200116,19892,2.210,0,0,4363,11:40,Fine,NaN,NaN,NaN,NaN,NaN,NaN,16251
20200115,20210,2.246,0,0,4126,12:10,Cloudy,NaN,NaN,NaN,NaN,NaN,NaN,16066
