Date,Energy Generated,Efficiency,Energy Exported,Energy Used,Peak Power,Peak Time,Condition,Min. Temperature,Max. Temperature,Peak Energy Import,Off-Peak Energy Import,Shoulder Energy Import,High-Shoulder Energy Import,Insolation
20210810,21114,3.609,21114,0,4560,13:25,Fine,22,34,NaN,NaN,NaN,NaN,37015
20210809,28917,4.943,28917,0,4260,11:55,Fine,20,33,NaN,NaN,NaN,NaN,37136
20210808,34236,5.852,34236,0,4488,13:20,Fine,16,32,NaN,NaN,NaN,NaN,37253
20210807,11841,2.024,11841,0,1980,15:35,Fine,18,24,NaN,NaN,NaN,NaN,37368
20210806,33391,5.708,33391,0,4536,12:20,Fine,17,31,NaN,NaN,NaN,NaN,37481
20210805,32839,5.614,32839,0,4620,13:10,Fine,14,30,NaN,NaN,NaN,NaN,37590
20210804,34142,5.836,34142,0,4788,13:05,Fine,16,27,NaN,NaN,NaN,NaN,37698
20210803,24683,4.219,24683,0,3936,12:55,Fine,16,26,NaN,NaN,NaN,NaN,37802
20210802,33991,5.810,33991,0,4920,12:25,Fine,15,26,NaN,NaN,NaN,NaN,37904
20210801,17322,2.961,17322,0,4020,14:20,Fine,19,26,NaN,NaN,NaN,NaN,38003
20210731,30539,5.220,30539,0,4836,13:50,Fine,17,28,NaN,NaN,NaN,NaN,38100
20210730,30374,5.192,30374,0,4860,13:40,Fine,21,31,NaN,NaN,NaN,NaN,38194
20210729,24581,4.202,24581,0,4188,11:10,Fine,20,30,NaN,NaN,NaN,NaN,38285
20210728,31755,5.428,31755,0,4440,13:05,Fine,20,33,NaN,NaN,NaN,NaN,38374
20210727,35694,6.102,35694,0,4572,13:25,Fine,20,34,NaN,NaN,NaN,NaN,38460
20210726,28666,4.900,28666,0,4428,14:25,Fine,21,33,NaN,NaN,NaN,NaN,38543
20210725,25382,4.339,25382,0,4296,13:50,Fine,21,31,NaN,NaN,NaN,NaN,38625
20210724,24546,4.196,24546,0,4164,14:40,Fine,17,29,NaN,NaN,NaN,NaN,38704
20210723,33815,5.780,33815,0,4716,13:20,Fine,16,29,NaN,NaN,NaN,NaN,38780
20210722,36378,6.218,36378,0,4896,13:20,Fine,17,27,NaN,NaN,NaN,NaN,38854
20210721,30465,5.208,30465,0,4560,14:20,Fine,21,31,NaN,NaN,NaN,NaN,38925
20210720,33719,5.764,33719,0,4308,13:25,Fine,19,32,NaN,NaN,NaN,NaN,38993
20210719,30899,5.282,30899,0,4272,13:35,Fine,19,30,NaN,NaN,NaN,NaN,39060
20210718,34461,5.891,34461,0,5172,12:55,Fine,20,27,NaN,NaN,NaN,NaN,39123
20210717,25838,4.417,25838,0,5088,13:35,Fine,22,34,NaN,NaN,NaN,NaN,39185
20210716,35381,6.048,35381,0,4728,13:50,Fine,20,33,NaN,NaN,NaN,NaN,39244
20210715,32910,5.626,32910,0,4488,13:10,Fine,20,32,NaN,NaN,NaN,NaN,39300
20210714,26656,4.557,26656,0,4740,13:05,Fine,22,32,NaN,NaN,NaN,NaN,39355
20210713,35573,6.081,35573,0,4800,14:05,Fine,23,34,NaN,NaN,NaN,NaN,39407
20210712,31819,5.439,31819,0,4752,12:50,Fine,23,33,NaN,NaN,NaN,NaN,39457
20210711,30274,5.175,30274,0,4980,12:20,Fine,20,32,NaN,NaN,NaN,NaN,39504
20210710,36796,6.290,36796,0,4752,12:50,Fine,18,28,NaN,NaN,NaN,NaN,39549
20210709,32421,5.542,32421,0,4704,14:05,Fine,19,31,NaN,NaN,NaN,NaN,39592
20210708,16501,2.821,16501,0,4092,10:50,Fine,20,29,NaN,NaN,NaN,NaN,39632
20210707,29419,5.029,29419,0,4452,13:20,Fine,21,34,NaN,NaN,NaN,NaN,39671
20210706,34843,5.956,34843,0,4584,13:20,Fine,20,34,NaN,NaN,NaN,NaN,39706
20210705,34695,5.931,34695,0,4608,13:20,Fine,17,31,NaN,NaN,NaN,NaN,39740
20210704,25937,4.434,25937,0,4848,13:10,Fine,15,28,NaN,NaN,NaN,NaN,39772
20210703,36075,6.167,36075,0,5028,12:35,Fine,15,25,NaN,NaN,NaN,NaN,39801
20210702,28773,4.918,28773,0,4488,14:40,Fine,18,26,NaN,NaN,NaN,NaN,39828
20210701,22817,3.900,22817,0,5172,13:35,Fine,20,31,NaN,NaN,NaN,NaN,39853
20210630,35510,6.070,35510,0,4644,14:05,Fine,22,35,NaN,NaN,NaN,NaN,39876
20210629,36302,6.205,36302,0,4728,13:40,Fine,21,34,NaN,NaN,NaN,NaN,39897
20210628,36003,6.154,36003,0,4980,13:20,Fine,22,33,NaN,NaN,NaN,NaN,39916
20210627,34187,5.844,34187,0,4872,12:50,Fine,21,32,NaN,NaN,NaN,NaN,39932
20210626,29689,5.075,29689,0,4752,12:20,Fine,21,29,NaN,NaN,NaN,NaN,39946
20210625,38649,6.607,38649,0,4788,14:35,Fine,12,27,NaN,NaN,NaN,NaN,39958
20210624,36965,6.319,36965,0,5100,12:35,Fine,10,25,NaN,NaN,NaN,NaN,39968
20210623,39665,6.780,39665,0,4872,13:10,Fine,10,24,NaN,NaN,NaN,NaN,39976
20210622,12124,2.072,12124,0,2616,17:20,Fine,13,20,NaN,NaN,NaN,NaN,39982
20210621,30808,5.266,30808,0,4800,13:35,Fine,22,33,NaN,NaN,NaN,NaN,39985
20210620,36019,6.157,36019,0,4692,14:05,Fine,19,32,NaN,NaN,NaN,NaN,39986
20210619,13580,2.321,13580,0,4824,13:55,Fine,20,28,NaN,NaN,NaN,NaN,39986
20210618,35452,6.060,35452,0,4860,13:10,Fine,12,29,NaN,NaN,NaN,NaN,39983
20210617,40507,6.924,40507,0,4932,12:50,Fine,12,25,NaN,NaN,NaN,NaN,39978
20210616,40360,6.899,40360,0,4980,12:25,Fine,16,25,NaN,NaN,NaN,NaN,39970
20210615,33258,5.685,33258,0,5088,13:50,Fine,17,25,NaN,NaN,NaN,NaN,39961
20210614,35090,5.998,35090,0,4980,12:05,Fine,18,30,NaN,NaN,NaN,NaN,39949
20210613,22614,3.866,22614,0,4488,12:50,Fine,17,26,NaN,NaN,NaN,NaN,39936
20210612,16279,2.783,16279,0,4416,14:25,Fine,16,23,NaN,NaN,NaN,NaN,39920
20210611,4820,0.824,4820,0,1080,11:40,Fine,18,19,NaN,NaN,NaN,NaN,39902
20210610,24009,4.104,24009,0,5076,13:10,Fine,21,29,NaN,NaN,NaN,NaN,39882
20210609,20824,3.560,20824,0,3876,15:35,Fine,21,29,NaN,NaN,NaN,NaN,39860
20210608,29544,5.050,29544,0,4656,11:50,Fine,22,31,NaN,NaN,NaN,NaN,39835
20210607,31720,5.422,31720,0,4896,13:35,Fine,21,32,NaN,NaN,NaN,NaN,39808
20210606,34094,5.828,34094,0,4968,14:20,Fine,18,33,NaN,NaN,NaN,NaN,39779
20210605,36914,6.310,36914,0,4728,14:10,Fine,17,32,NaN,NaN,NaN,NaN,39748
20210604,32856,5.616,32856,0,5004,13:10,Fine,19,28,NaN,NaN,NaN,NaN,39715
20210603,23603,4.035,23603,0,4764,14:25,Fine,18,27,NaN,NaN,NaN,NaN,39679
20210602,32234,5.510,32234,0,5112,13:50,Fine,16,27,NaN,NaN,NaN,NaN,39641
20210601,33008,5.642,33008,0,5532,14:05,Fine,10,25,NaN,NaN,NaN,NaN,39601
20210531,38777,6.629,38777,0,5148,12:50,Fine,7,22,NaN,NaN,NaN,NaN,39558
20210530,14643,2.503,14643,0,2916,12:10,Fine,8,12,NaN,NaN,NaN,NaN,39513
20210529,7692,1.315,7692,0,2148,12:20,Fine,9,11,NaN,NaN,NaN,NaN,39466
20210528,14583,2.493,14583,0,3024,14:35,Fine,16,23,NaN,NaN,NaN,NaN,39416
20210527,34603,5.915,34603,0,4992,13:05,Fine,17,28,NaN,NaN,NaN,NaN,39364
20210526,31390,5.366,31390,0,4656,13:20,Fine,20,32,NaN,NaN,NaN,NaN,39310
20210525,34685,5.929,34685,0,4872,12:35,Fine,13,27,NaN,NaN,NaN,NaN,39253
20210524,6850,1.171,6850,0,1920,11:20,Fine,14,21,NaN,NaN,NaN,NaN,39193
20210523,35841,6.127,35841,0,4872,13:35,Fine,19,32,NaN,NaN,NaN,NaN,39132
20210522,28425,4.859,28425,0,4488,12:05,Fine,14,30,NaN,NaN,NaN,NaN,39067
20210521,38653,6.607,38653,0,4800,13:10,Fine,11,28,NaN,NaN,NaN,NaN,39000
20210520,37089,6.340,37089,0,4716,13:20,Fine,12,31,NaN,NaN,NaN,NaN,38931
20210519,38510,6.583,38510,0,4836,13:05,Fine,11,29,NaN,NaN,NaN,NaN,38859
20210518,39420,6.738,39420,0,5136,13:40,Fine,8,25,NaN,NaN,NaN,NaN,38784
20210517,33264,5.686,33264,0,4896,13:35,Fine,8,22,NaN,NaN,NaN,NaN,38707
20210516,16762,2.865,16762,0,4104,10:55,Fine,7,20,NaN,NaN,NaN,NaN,38627
20210515,34971,5.978,34971,0,5424,13:10,Fine,5,24,NaN,NaN,NaN,NaN,38545
20210514,28284,4.835,28284,0,4788,11:35,Fine,5,21,NaN,NaN,NaN,NaN,38461
20210513,38718,6.618,38718,0,5160,13:10,Fine,6,20,NaN,NaN,NaN,NaN,38373
20210512,34731,5.937,34731,0,5472,13:20,Fine,6,17,NaN,NaN,NaN,NaN,38283
20210511,29413,5.028,29413,0,5244,12:25,Fine,8,19,NaN,NaN,NaN,NaN,38190
20210510,35706,6.104,35706,0,5268,12:50,Fine,9,18,NaN,NaN,NaN,NaN,38095
20210509,24541,4.195,24541,0,5220,13:35,Fine,7,20,NaN,NaN,NaN,NaN,37996
20210508,36954,6.317,36954,0,5688,12:40,Fine,5,15,NaN,NaN,NaN,NaN,37895
20210507,16851,2.881,16851,0,4116,09:50,Fine,5,16,NaN,NaN,NaN,NaN,37791
20210506,36421,6.226,36421,0,5292,13:05,Fine,7,17,NaN,NaN,NaN,NaN,37685
20210505,27572,4.713,27572,0,4956,11:55,Fine,11,25,NaN,NaN,NaN,NaN,37576
20210504,25125,4.295,25125,0,5004,11:55,Fine,17,29,NaN,NaN,NaN,NaN,37464
20210503,13305,2.274,13305,0,3396,10:40,Fine,15,23,NaN,NaN,NaN,NaN,37349
20210502,37877,6.475,37877,0,5100,12:55,Fine,9,29,NaN,NaN,NaN,NaN,37232
20210501,42231,7.219,42231,0,5400,13:20,Fine,7,20,NaN,NaN,NaN,NaN,37111
20210430,35852,6.129,35852,0,5544,12:40,Fine,9,21,NaN,NaN,NaN,NaN,36988
20210429,16640,2.844,16640,0,3444,13:25,Fine,18,28,NaN,NaN,NaN,NaN,36862
20210428,32607,5.574,32607,0,4848,13:40,Fine,16,31,NaN,NaN,NaN,NaN,36733
20210427,37461,6.404,37461,0,5016,13:05,Fine,6,29,NaN,NaN,NaN,NaN,36602
20210426,40795,6.974,40795,0,5244,13:05,Fine,5,21,NaN,NaN,NaN,NaN,36467
20210425,25132,4.296,25132,0,5244,14:35,Fine,8,17,NaN,NaN,NaN,NaN,36330
20210424,19096,3.264,19096,0,3432,11:25,Fine,1,17,NaN,NaN,NaN,NaN,36190
20210423,33675,5.756,33675,0,5172,12:35,Fine,0,17,NaN,NaN,NaN,NaN,36047
20210422,28514,4.874,28514,0,5364,13:05,Fine,-1,10,NaN,NaN,NaN,NaN,35901
20210421,29965,5.122,29965,0,5664,13:50,Fine,3,16,NaN,NaN,NaN,NaN,35753
20210420,39840,6.810,39840,0,5268,13:20,Fine,6,24,NaN,NaN,NaN,NaN,35602
20210419,25600,4.376,25600,0,5040,13:40,Fine,8,18,NaN,NaN,NaN,NaN,35447
20210418,25596,4.375,25596,0,5232,11:55,Fine,5,17,NaN,NaN,NaN,NaN,35290
20210417,23598,4.034,23598,0,5088,11:40,Fine,3,15,NaN,NaN,NaN,NaN,35131
20210416,33336,5.698,33336,0,5724,13:05,Fine,4,14,NaN,NaN,NaN,NaN,34969
20210415,33301,5.692,33301,0,5652,13:40,Fine,6,17,NaN,NaN,NaN,NaN,34804
20210414,8089,1.383,8089,0,1704,09:20,Fine,8,15,NaN,NaN,NaN,NaN,34636
20210413,32368,5.533,32368,0,5328,13:55,Fine,9,19,NaN,NaN,NaN,NaN,34465
20210412,13618,2.328,13618,0,3048,13:20,Fine,10,17,NaN,NaN,NaN,NaN,34292
20210411,30813,5.267,30813,0,5268,13:20,Fine,15,25,NaN,NaN,NaN,NaN,34116
20210410,14316,2.447,14316,0,3612,15:40,Fine,12,21,NaN,NaN,NaN,NaN,33938
20210409,6187,1.058,6187,0,1356,15:55,Fine,11,16,NaN,NaN,NaN,NaN,33757
20210408,34957,5.976,34957,0,5136,13:20,Fine,11,21,NaN,NaN,NaN,NaN,33573
20210407,27515,4.703,27515,0,4848,13:05,Fine,10,28,NaN,NaN,NaN,NaN,33387
20210406,34252,5.855,34252,0,4824,12:50,Fine,8,25,NaN,NaN,NaN,NaN,33199
20210405,36202,6.188,36202,0,5052,13:05,Fine,4,23,NaN,NaN,NaN,NaN,33008
20210404,37049,6.333,37049,0,5064,12:35,Fine,4,22,NaN,NaN,NaN,NaN,32814
20210403,39043,6.674,39043,0,5292,13:05,Fine,-3,13,NaN,NaN,NaN,NaN,32618
20210402,40621,6.944,40621,0,5700,13:05,Fine,-2,7,NaN,NaN,NaN,NaN,32420
20210401,33767,5.772,33767,0,5616,13:35,Fine,0,8,NaN,NaN,NaN,NaN,32220
20210331,5169,0.884,5169,0,1224,09:25,Fine,11,17,NaN,NaN,NaN,NaN,32017
20210330,38637,6.605,38637,0,5328,13:20,Fine,1,21,NaN,NaN,NaN,NaN,31812
20210329,39714,6.789,39714,0,5352,12:50,Fine,4,15,NaN,NaN,NaN,NaN,31605
20210328,8223,1.406,8223,0,2304,16:20,Fine,9,21,NaN,NaN,NaN,NaN,31395
20210327,25912,4.429,25912,0,4956,12:25,Fine,7,22,NaN,NaN,NaN,NaN,31184
20210326,36693,6.272,36693,0,5076,13:20,Fine,14,28,NaN,NaN,NaN,NaN,30971
20210325,8158,1.395,8158,0,1512,13:50,Fine,12,18,NaN,NaN,NaN,NaN,30756
20210324,5162,0.882,5162,0,960,13:05,Fine,11,13,NaN,NaN,NaN,NaN,30539
20210323,17139,2.930,17139,0,3696,14:20,Fine,4,19,NaN,NaN,NaN,NaN,30320
20210322,37336,6.382,37336,0,5124,12:50,Fine,0,18,NaN,NaN,NaN,NaN,30100
20210321,37344,6.384,37344,0,5112,13:25,Fine,-3,17,NaN,NaN,NaN,NaN,29877
20210320,37954,6.488,37954,0,5232,13:25,Fine,-1,13,NaN,NaN,NaN,NaN,29653
20210319,39331,6.723,39331,0,5544,13:05,Fine,2,8,NaN,NaN,NaN,NaN,29428
20210318,3992,0.682,3992,0,1236,14:25,Fine,7,12,NaN,NaN,NaN,NaN,29201
20210317,7648,1.307,7648,0,1452,13:35,Fine,4,10,NaN,NaN,NaN,NaN,28973
20210316,7099,1.214,7099,0,1248,13:35,Fine,3,6,NaN,NaN,NaN,NaN,28743
20210315,33770,5.773,33770,0,5340,13:50,Fine,0,8,NaN,NaN,NaN,NaN,28512
20210314,35550,6.077,35550,0,5232,13:35,Fine,4,19,NaN,NaN,NaN,NaN,28280
20210313,31801,5.436,31801,0,5100,12:20,Fine,4,14,NaN,NaN,NaN,NaN,28047
20210312,14071,2.405,14071,0,3804,14:55,Fine,12,20,NaN,NaN,NaN,NaN,27813
20210311,32728,5.595,32728,0,4860,12:25,Fine,9,26,NaN,NaN,NaN,NaN,27578
20210310,33006,5.642,33006,0,4824,12:40,Fine,5,22,NaN,NaN,NaN,NaN,27342
20210309,26784,4.578,26784,0,4272,13:20,Fine,2,21,NaN,NaN,NaN,NaN,27105
20210308,35370,6.046,35370,0,5064,12:20,Fine,-4,13,NaN,NaN,NaN,NaN,26869
20210307,36800,6.291,36800,0,5232,12:40,Fine,-4,8,NaN,NaN,NaN,NaN,26631
20210306,36501,6.239,36501,0,5460,12:10,Fine,-2,7,NaN,NaN,NaN,NaN,26393
20210305,37169,6.354,37169,0,5304,13:05,Fine,-3,5,NaN,NaN,NaN,NaN,26154
20210304,33364,5.703,33364,0,5184,12:50,Fine,0,11,NaN,NaN,NaN,NaN,25915
20210303,34931,5.971,34931,0,5004,12:20,Fine,-2,14,NaN,NaN,NaN,NaN,25676
20210302,36343,6.212,36343,0,5256,12:20,Fine,-1,6,NaN,NaN,NaN,NaN,25437
20210301,6866,1.174,6866,0,1776,13:35,Fine,2,10,NaN,NaN,NaN,NaN,25198
20210228,1479,0.253,1479,0,408,12:05,Fine,6,7,NaN,NaN,NaN,NaN,24958
20210227,16472,2.816,16472,0,4536,14:20,Fine,2,12,NaN,NaN,NaN,NaN,24719
20210226,20991,3.588,20991,0,4416,12:50,Fine,1,10,NaN,NaN,NaN,NaN,24481
20210225,34095,5.828,34095,0,4956,12:20,Fine,2,12,NaN,NaN,NaN,NaN,24243
20210224,33482,5.723,33482,0,5016,12:35,Fine,-1,19,NaN,NaN,NaN,NaN,24006
20210223,29798,5.094,29798,0,4884,13:20,Fine,0,14,NaN,NaN,NaN,NaN,23769
20210222,5084,0.869,5084,0,1116,14:05,Fine,-1,4,NaN,NaN,NaN,NaN,23532
20210221,32504,5.556,32504,0,5028,12:20,Fine,-7,3,NaN,NaN,NaN,NaN,23297
20210220,27009,4.617,27009,0,5280,12:20,Fine,-4,0,NaN,NaN,NaN,NaN,23063
20210219,4408,0.754,4408,0,2556,13:50,Fine,-2,3,NaN,NaN,NaN,NaN,22829
20210218,264,0.045,264,0,168,10:50,Cloudy,-3,-1,NaN,NaN,NaN,NaN,22597
20210217,27844,4.760,27844,0,5100,12:20,Fine,-5,1,NaN,NaN,NaN,NaN,22366
20210216,7016,1.199,7016,0,2100,16:20,Fine,-4,5,NaN,NaN,NaN,NaN,22137
20210215,4862,0.831,4862,0,1068,10:50,Fine,0,2,NaN,NaN,NaN,NaN,21908
20210214,7742,1.323,7742,0,1896,11:35,Fine,-3,2,NaN,NaN,NaN,NaN,21682
20210213,1643,0.281,1643,0,348,09:35,Fine,-3,-2,NaN,NaN,NaN,NaN,21457
20210212,6902,1.180,6902,0,1428,11:25,Fine,-3,0,NaN,NaN,NaN,NaN,21235
20210211,2022,0.346,2022,0,432,11:55,Fine,-1,0,NaN,NaN,NaN,NaN,21014
20210210,8349,1.427,8349,0,2580,09:50,Fine,0,4,NaN,NaN,NaN,NaN,20795
20210209,22081,3.775,22081,0,4536,13:20,Fine,-2,8,NaN,NaN,NaN,NaN,20578
20210208,30471,5.209,30471,0,4728,12:20,Fine,-6,3,NaN,NaN,NaN,NaN,20363
20210207,9810,1.677,9810,0,3948,13:50,Fine,-4,4,NaN,NaN,NaN,NaN,20151
20210206,15964,2.729,15964,0,4776,12:55,Fine,0,9,NaN,NaN,NaN,NaN,19941
20210205,28313,4.840,28313,0,4584,12:20,Fine,0,13,NaN,NaN,NaN,NaN,19734
20210204,27001,4.616,27001,0,4632,12:05,Fine,-3,8,NaN,NaN,NaN,NaN,19530
20210203,12997,2.222,12997,0,3036,14:50,Fine,-1,5,NaN,NaN,NaN,NaN,19328
20210202,485,0.083,485,0,204,12:55,Mostly Cloudy,-2,2,NaN,NaN,NaN,NaN,19129
20210201,12,0.002,12,0,24,13:35,Showers,-3,0,NaN,NaN,NaN,NaN,18933
20210131,0,0.000,0,0,0,07:50,Not Sure,-2,0,NaN,NaN,NaN,NaN,18740
20210130,27614,4.720,27614,0,4548,12:05,Fine,-7,2,NaN,NaN,NaN,NaN,18551
20210129,16115,2.755,16115,0,2892,09:40,Fine,-5,0,NaN,NaN,NaN,NaN,18364
20210128,28301,4.838,28301,0,4740,12:40,Fine,-4,1,NaN,NaN,NaN,NaN,18181
20210127,14170,2.422,14170,0,4056,13:50,Fine,0,5,NaN,NaN,NaN,NaN,18002
20210126,3469,0.593,3469,0,1080,13:35,Fine,0,2,NaN,NaN,NaN,NaN,17826
20210125,3293,0.563,3293,0,756,12:25,Fine,0,3,NaN,NaN,NaN,NaN,17654
20210124,15730,2.689,15730,0,4332,11:20,Fine,-5,2,NaN,NaN,NaN,NaN,17485
20210123,26140,4.468,26140,0,4656,11:05,Fine,-5,0,NaN,NaN,NaN,NaN,17321
20210122,25525,4.363,25525,0,4572,12:55,Fine,-3,9,NaN,NaN,NaN,NaN,17160
20210121,24619,4.208,24619,0,4440,12:10,Fine,-2,12,NaN,NaN,NaN,NaN,17003
20210120,24542,4.195,24542,0,4536,12:25,Fine,-3,5,NaN,NaN,NaN,NaN,16850
20210119,24944,4.264,24944,0,4308,12:50,Fine,-1,10,NaN,NaN,NaN,NaN,16702
20210118,14366,2.456,14366,0,4320,13:35,Fine,-1,6,NaN,NaN,NaN,NaN,16558
20210117,13377,2.287,13377,0,5616,11:35,Fine,0,8,NaN,NaN,NaN,NaN,16418
20210116,14088,2.408,14088,0,4092,11:20,Fine,0,6,NaN,NaN,NaN,NaN,16282
20210115,9402,1.607,9402,0,4092,12:05,Fine,0,10,NaN,NaN,NaN,NaN,16151
20210114,22577,3.859,22577,0,4032,12:10,Fine,-2,12,NaN,NaN,NaN,NaN,16024
20210113,24906,4.257,24906,0,4068,12:05,Fine,-6,10,NaN,NaN,NaN,NaN,15902
20210112,24707,4.223,24707,0,4092,12:35,Fine,-5,8,NaN,NaN,NaN,NaN,15785
20210111,5770,0.986,5770,0,1212,09:50,Fine,-1,5,NaN,NaN,NaN,NaN,15673
20210110,25415,4.344,25415,0,4200,12:20,Fine,-3,8,NaN,NaN,NaN,NaN,15565
20210109,25409,4.343,25409,0,4464,12:20,Fine,0,7,NaN,NaN,NaN,NaN,15462
20210108,6880,1.176,6880,0,3876,13:05,Fine,0,3,NaN,NaN,NaN,NaN,15364
20210107,23967,4.097,23967,0,4140,12:05,Fine,0,7,NaN,NaN,NaN,NaN,15271
20210106,4910,0.839,4910,0,2604,11:35,Fine,1,5,NaN,NaN,NaN,NaN,15182
20210105,2046,0.350,2046,0,540,13:35,Fine,2,4,NaN,NaN,NaN,NaN,15099
20210104,6830,1.168,6830,0,2268,09:50,Fine,-1,6,NaN,NaN,NaN,NaN,15021
20210103,1760,0.301,1760,0,468,13:20,Fine,0,3,NaN,NaN,NaN,NaN,14948
20210102,14653,2.505,14653,0,3228,12:05,Fine,2,13,NaN,NaN,NaN,NaN,14881
20210101,1530,0.262,1530,0,696,11:35,Fine,0,2,NaN,NaN,NaN,NaN,14818
20201231,8093,1.383,8093,0,2808,10:35,Fine,3,10,NaN,NaN,NaN,NaN,14761
20201230,19346,3.307,19346,0,4152,11:05,Fine,-2,7,NaN,NaN,NaN,NaN,14708
20201229,24910,4.258,24910,0,4236,12:05,Fine,-2,4,NaN,NaN,NaN,NaN,14662
20201228,21015,3.592,21015,0,3948,12:25,Fine,0,13,NaN,NaN,NaN,NaN,14620
20201227,24555,4.197,24555,0,4200,12:20,Fine,-5,5,NaN,NaN,NaN,NaN,14584
20201226,20360,3.480,20360,0,4200,13:20,Fine,-6,1,NaN,NaN,NaN,NaN,14553
20201225,4870,0.832,4870,0,1572,13:20,Fine,-6,1,NaN,NaN,NaN,NaN,14527
20201224,1133,0.194,1133,0,360,12:05,Fine,5,15,NaN,NaN,NaN,NaN,14507
20201223,17390,2.973,17390,0,3456,11:35,Fine,-2,8,NaN,NaN,NaN,NaN,14492
20201222,17796,3.042,17796,0,4032,11:10,Fine,2,9,NaN,NaN,NaN,NaN,14483
20201221,6170,1.055,6170,0,1608,13:35,Fine,2,6,NaN,NaN,NaN,NaN,14479
20201220,11978,2.048,11978,0,3672,13:35,Fine,0,7,NaN,NaN,NaN,NaN,14480
20201219,9726,1.663,9726,0,2052,12:05,Fine,-4,2,NaN,NaN,NaN,NaN,14487
20201218,4199,0.718,4199,0,1308,14:20,Fine,-1,3,NaN,NaN,NaN,NaN,14499
20201217,8294,1.418,8294,0,1848,12:40,Fine,-2,1,NaN,NaN,NaN,NaN,14516
20201216,208,0.036,208,0,144,08:50,Cloudy,-2,0,NaN,NaN,NaN,NaN,14539
20201215,20101,3.436,20101,0,3924,11:35,Fine,-2,4,NaN,NaN,NaN,NaN,14567
20201214,4178,0.714,4178,0,2688,14:35,Fine,1,4,NaN,NaN,NaN,NaN,14601
20201212,13609,2.326,13609,0,4164,12:20,Fine,4,17,NaN,NaN,NaN,NaN,14684
20201211,22478,3.842,22478,0,3840,12:05,Fine,1,17,NaN,NaN,NaN,NaN,14733
20201210,22264,3.806,22264,0,3888,12:20,Fine,-4,11,NaN,NaN,NaN,NaN,14788
20201209,11477,1.962,11477,0,3648,13:40,Fine,-2,7,NaN,NaN,NaN,NaN,14847
20201208,24842,4.246,24842,0,4128,12:25,Fine,-1,6,NaN,NaN,NaN,NaN,14912
20201207,11945,2.042,11945,0,2832,14:35,Fine,0,3,NaN,NaN,NaN,NaN,14982
20201206,23431,4.005,23431,0,4140,11:50,Fine,0,6,NaN,NaN,NaN,NaN,15058
20201205,7592,1.298,7592,0,3108,11:35,Fine,4,7,NaN,NaN,NaN,NaN,15138
20201204,2438,0.417,2438,0,840,11:50,Fine,6,9,NaN,NaN,NaN,NaN,15223
20201203,20407,3.488,20407,0,4008,13:20,Fine,-4,12,NaN,NaN,NaN,NaN,15313
20201202,24248,4.145,24248,0,4188,11:50,Fine,0,8,NaN,NaN,NaN,NaN,15408
20201201,10745,1.837,10745,0,3540,10:05,Fine,3,7,NaN,NaN,NaN,NaN,15508
20201130,5679,0.971,5679,0,2292,11:55,Fine,8,15,NaN,NaN,NaN,NaN,15613
20201129,22505,3.847,22505,0,4044,11:55,Fine,-2,14,NaN,NaN,NaN,NaN,15723
20201128,22983,3.929,22983,0,3972,12:05,Fine,3,15,NaN,NaN,NaN,NaN,15837
20201127,6867,1.174,6867,0,1692,12:50,Fine,10,15,NaN,NaN,NaN,NaN,15956
20201126,17856,3.052,17856,0,3696,11:55,Fine,10,20,NaN,NaN,NaN,NaN,16079
20201125,14011,2.395,14011,0,3228,10:20,Fine,4,13,NaN,NaN,NaN,NaN,16207
20201124,23759,4.061,23759,0,4008,12:05,Fine,2,10,NaN,NaN,NaN,NaN,16340
20201123,20980,3.586,20980,0,4356,10:50,Fine,4,10,NaN,NaN,NaN,NaN,16476
20201122,6894,1.178,6894,0,2112,11:10,Fine,10,14,NaN,NaN,NaN,NaN,16618
20201121,8231,1.407,8231,0,2784,09:50,Fine,5,18,NaN,NaN,NaN,NaN,16763
20201120,25335,4.331,25335,0,4104,11:35,Fine,2,19,NaN,NaN,NaN,NaN,16912
20201119,22223,3.799,22223,0,4020,10:35,Fine,-3,12,NaN,NaN,NaN,NaN,17066
20201118,22705,3.881,22705,0,4596,10:40,Fine,-1,6,NaN,NaN,NaN,NaN,17223
20201117,24597,4.205,24597,0,4740,11:55,Fine,2,12,NaN,NaN,NaN,NaN,17385
20201116,26772,4.576,26772,0,4236,12:10,Fine,3,16,NaN,NaN,NaN,NaN,17550
20201115,5329,0.911,5329,0,1944,09:40,Fine,6,21,NaN,NaN,NaN,NaN,17719
20201114,23557,4.027,23557,0,4176,12:05,Fine,3,14,NaN,NaN,NaN,NaN,17892
20201113,20294,3.469,20294,0,4128,12:25,Fine,7,16,NaN,NaN,NaN,NaN,18068
20201112,1316,0.225,1316,0,588,11:50,Fine,8,16,NaN,NaN,NaN,NaN,18247
20201111,1026,0.175,1026,0,444,10:05,Fine,16,20,NaN,NaN,NaN,NaN,18430
20201110,21697,3.709,21697,0,4308,11:20,Fine,12,24,NaN,NaN,NaN,NaN,18617
20201109,24606,4.206,24606,0,4020,12:40,Fine,7,23,NaN,NaN,NaN,NaN,18806
20201108,25295,4.324,25295,0,3984,12:05,Fine,4,23,NaN,NaN,NaN,NaN,18999
20201107,25550,4.368,25550,0,4008,11:55,Fine,2,24,NaN,NaN,NaN,NaN,19195
20201106,23867,4.080,23867,0,3984,11:40,Fine,5,22,NaN,NaN,NaN,NaN,19393
20201105,25003,4.274,25003,0,4188,11:20,Fine,3,21,NaN,NaN,NaN,NaN,19594
20201104,27722,4.739,27722,0,4332,12:05,Fine,0,21,NaN,NaN,NaN,NaN,19798
20201103,26765,4.575,26765,0,4404,12:10,Fine,2,17,NaN,NaN,NaN,NaN,20005
20201102,28522,4.876,28522,0,4704,11:35,Fine,2,9,NaN,NaN,NaN,NaN,20214
20201101,6114,1.045,6114,0,2136,15:05,Fine,3,13,NaN,NaN,NaN,NaN,20340
20201031,23591,4.033,23591,0,4764,12:50,Fine,1,10,NaN,NaN,NaN,NaN,20639
20201030,15865,2.712,15865,0,4512,14:50,Fine,5,11,NaN,NaN,NaN,NaN,20855
20201029,2991,0.511,2991,0,1380,14:25,Fine,10,17,NaN,NaN,NaN,NaN,21073
20201028,10714,1.831,10714,0,2520,14:20,Fine,15,21,NaN,NaN,NaN,NaN,21293
20201027,8037,1.374,8037,0,2448,11:55,Fine,13,17,NaN,NaN,NaN,NaN,21515
20201026,10405,1.779,10405,0,2664,15:50,Fine,7,16,NaN,NaN,NaN,NaN,21738
20201025,2842,0.486,2842,0,684,12:20,Fine,7,11,NaN,NaN,NaN,NaN,21964
20201024,11072,1.893,11072,0,3780,13:10,Fine,12,22,NaN,NaN,NaN,NaN,22191
20201023,22583,3.860,22583,0,4332,12:05,Fine,14,24,NaN,NaN,NaN,NaN,22419
20201022,21394,3.657,21394,0,4380,12:05,Fine,14,26,NaN,NaN,NaN,NaN,22649
20201021,20878,3.569,20878,0,4548,12:40,Fine,15,26,NaN,NaN,NaN,NaN,22880
20201020,25988,4.442,25988,0,4188,13:20,Fine,11,23,NaN,NaN,NaN,NaN,23112
20201019,16432,2.809,16432,0,3888,14:25,Fine,11,20,NaN,NaN,NaN,NaN,23345
20201018,28113,4.806,28113,0,4656,13:25,Fine,2,17,NaN,NaN,NaN,NaN,23579
20201017,30975,5.295,30975,0,4596,13:05,Fine,3,15,NaN,NaN,NaN,NaN,23814
20201016,7715,1.319,7715,0,3564,14:20,Fine,8,14,NaN,NaN,NaN,NaN,24049
20201015,30567,5.225,30567,0,4524,13:10,Fine,10,23,NaN,NaN,NaN,NaN,24286
20201014,30269,5.174,30269,0,4464,12:25,Fine,7,22,NaN,NaN,NaN,NaN,24523
20201013,27737,4.741,27737,0,4992,13:55,Fine,10,21,NaN,NaN,NaN,NaN,24760
20201012,4002,0.684,4002,0,852,13:05,Fine,12,17,NaN,NaN,NaN,NaN,24997
20201011,5691,0.973,5691,0,1512,11:35,Fine,17,20,NaN,NaN,NaN,NaN,25235
20201010,8540,1.460,8540,0,3048,12:10,Fine,13,21,NaN,NaN,NaN,NaN,25473
20201009,26456,4.522,26456,0,4368,11:40,Fine,4,20,NaN,NaN,NaN,NaN,25711
20201008,29394,5.025,29394,0,5076,13:20,Fine,9,20,NaN,NaN,NaN,NaN,25949
20201007,30659,5.241,30659,0,4488,12:40,Fine,11,26,NaN,NaN,NaN,NaN,26187
20201006,32527,5.560,32527,0,4788,13:20,Fine,5,21,NaN,NaN,NaN,NaN,26424
20201005,26663,4.558,26663,0,4920,13:05,Fine,8,19,NaN,NaN,NaN,NaN,26662
20201004,30148,5.154,30148,0,4356,12:35,Fine,5,19,NaN,NaN,NaN,NaN,26898
20201003,33219,5.678,33219,0,4776,13:20,Fine,6,18,NaN,NaN,NaN,NaN,27135
20201002,31411,5.369,31411,0,4980,12:20,Fine,9,18,NaN,NaN,NaN,NaN,27371
20201001,13452,2.299,13452,0,4584,13:55,Fine,11,22,NaN,NaN,NaN,NaN,27606
20200930,33870,5.790,33870,0,4944,12:20,Fine,11,20,NaN,NaN,NaN,NaN,27840
20200929,7454,1.274,7454,0,2724,13:20,Fine,12,23,NaN,NaN,NaN,NaN,28073
20200928,16629,2.843,16629,0,4680,13:50,Fine,18,26,NaN,NaN,NaN,NaN,28306
20200927,16916,2.892,16916,0,3132,13:35,Fine,17,24,NaN,NaN,NaN,NaN,28537
20200926,12881,2.202,12881,0,4104,14:50,Fine,15,22,NaN,NaN,NaN,NaN,28768
20200925,10085,1.724,10085,0,3000,13:50,Fine,14,19,NaN,NaN,NaN,NaN,28997
20200924,9851,1.684,9851,0,2232,12:10,Fine,13,22,NaN,NaN,NaN,NaN,29225
20200923,32499,5.555,32499,0,4584,12:50,Fine,10,26,NaN,NaN,NaN,NaN,29452
20200922,34361,5.874,34361,0,4740,13:05,Fine,4,21,NaN,NaN,NaN,NaN,29677
20200921,35655,6.095,35655,0,4908,12:55,Fine,6,18,NaN,NaN,NaN,NaN,29902
20200920,36039,6.161,36039,0,4920,13:05,Fine,4,18,NaN,NaN,NaN,NaN,30124
20200919,37494,6.409,37494,0,5100,13:05,Fine,7,17,NaN,NaN,NaN,NaN,30345
20200918,25184,4.305,25184,0,4080,13:35,Fine,14,22,NaN,NaN,NaN,NaN,30564
20200917,9567,1.635,9567,0,2088,09:50,Fine,13,21,NaN,NaN,NaN,NaN,30782
20200916,26108,4.463,26108,0,4392,13:50,Fine,8,22,NaN,NaN,NaN,NaN,30998
20200915,29168,4.986,29168,0,4464,13:05,Fine,10,19,NaN,NaN,NaN,NaN,31212
20200914,25464,4.353,25464,0,4152,13:05,Fine,16,24,NaN,NaN,NaN,NaN,31424
20200913,32464,5.549,32464,0,4668,13:20,Fine,14,27,NaN,NaN,NaN,NaN,31634
20200912,8106,1.386,8106,0,1596,14:05,Fine,18,22,NaN,NaN,NaN,NaN,31842
20200911,23636,4.040,23636,0,4500,14:25,Fine,20,27,NaN,NaN,NaN,NaN,32048
20200910,16241,2.776,16241,0,4416,13:35,Fine,23,28,NaN,NaN,NaN,NaN,32252
20200909,16206,2.770,16206,0,3432,14:25,Fine,20,25,NaN,NaN,NaN,NaN,32454
20200908,29860,5.104,29860,0,5772,12:10,Fine,15,29,NaN,NaN,NaN,NaN,32654
20200907,34051,5.821,34051,0,4644,13:20,Fine,14,27,NaN,NaN,NaN,NaN,32852
20200906,34465,5.891,34465,0,4692,12:50,Fine,14,28,NaN,NaN,NaN,NaN,33047
20200905,34676,5.928,34676,0,4740,12:35,Fine,14,25,NaN,NaN,NaN,NaN,33240
20200904,22724,3.884,22724,0,4992,13:05,Fine,19,30,NaN,NaN,NaN,NaN,33431
20200903,26941,4.605,26941,0,4752,13:55,Fine,21,32,NaN,NaN,NaN,NaN,33619
20200902,22843,3.905,22843,0,4740,13:05,Fine,22,30,NaN,NaN,NaN,NaN,33805
20200901,6726,1.150,6726,0,1608,15:50,Fine,18,24,NaN,NaN,NaN,NaN,33988
20200831,8655,1.479,8655,0,2292,11:40,Fine,17,22,NaN,NaN,NaN,NaN,34169
20200830,33353,5.701,33353,0,5112,12:05,Fine,16,27,NaN,NaN,NaN,NaN,34348
20200829,18601,3.180,18601,0,4560,14:35,Fine,21,28,NaN,NaN,NaN,NaN,34523
20200828,22329,3.817,22329,0,4764,12:20,Fine,21,32,NaN,NaN,NaN,NaN,34697
20200827,27724,4.739,27724,0,4668,13:20,Fine,21,32,NaN,NaN,NaN,NaN,34868
20200826,32493,5.554,32493,0,4536,13:20,Fine,19,29,NaN,NaN,NaN,NaN,35036
20200825,27157,4.642,27157,0,4872,13:10,Fine,20,32,NaN,NaN,NaN,NaN,35202
20200824,26624,4.551,26624,0,5172,13:40,Fine,21,30,NaN,NaN,NaN,NaN,35365
20200823,29885,5.109,29885,0,4704,14:40,Fine,21,31,NaN,NaN,NaN,NaN,35526
20200822,16604,2.838,16604,0,4572,13:25,Fine,21,28,NaN,NaN,NaN,NaN,35683
20200821,24381,4.168,24381,0,4236,13:05,Fine,18,28,NaN,NaN,NaN,NaN,35838
20200820,27609,4.719,27609,0,4332,11:35,Fine,16,27,NaN,NaN,NaN,NaN,35990
20200819,31677,5.415,31677,0,4896,12:40,Fine,18,27,NaN,NaN,NaN,NaN,36140
20200818,28824,4.927,28824,0,4884,12:35,Fine,17,28,NaN,NaN,NaN,NaN,36287
20200817,27016,4.618,27016,0,4680,13:20,Fine,16,27,NaN,NaN,NaN,NaN,36431
20200816,15436,2.639,15436,0,3276,14:05,Fine,17,23,NaN,NaN,NaN,NaN,36572
20200815,11560,1.976,11560,0,1968,13:50,Fine,19,24,NaN,NaN,NaN,NaN,36711
20200814,27210,4.651,27210,0,5004,13:25,Fine,22,29,NaN,NaN,NaN,NaN,36847
20200813,20848,3.564,20848,0,5160,14:35,Fine,22,28,NaN,NaN,NaN,NaN,36981
20200812,32011,5.472,32011,0,4980,13:40,Fine,22,32,NaN,NaN,NaN,NaN,37111
20200811,30529,5.219,30529,0,4704,12:50,Fine,21,32,NaN,NaN,NaN,NaN,37239
20200810,32354,5.531,32354,0,5004,13:05,Fine,21,33,NaN,NaN,NaN,NaN,37364
20200809,31500,5.385,31500,0,4968,13:20,Fine,21,31,NaN,NaN,NaN,NaN,37487
20200808,22779,3.894,22779,0,4992,14:40,Fine,20,28,NaN,NaN,NaN,NaN,37606
20200807,27741,4.742,27741,0,4860,12:10,Fine,20,29,NaN,NaN,NaN,NaN,37723
20200806,20734,3.544,20734,0,4668,11:35,Fine,20,28,NaN,NaN,NaN,NaN,37837
20200805,33256,5.685,33256,0,4920,14:20,Fine,18,30,NaN,NaN,NaN,NaN,37949
20200804,26746,4.572,26746,0,4944,13:40,Fine,20,30,NaN,NaN,NaN,NaN,38058
20200803,16426,2.808,16426,0,3996,10:20,Fine,21,29,NaN,NaN,NaN,NaN,38164
20200802,31560,5.395,31560,0,4764,13:50,Fine,24,32,NaN,NaN,NaN,NaN,38268
20200801,21937,3.750,21937,0,4032,11:35,Fine,21,29,NaN,NaN,NaN,NaN,38369
20200731,7405,1.266,7405,0,1620,13:35,Fine,22,24,NaN,NaN,NaN,NaN,38467
20200730,29627,5.064,29627,0,4776,14:10,Fine,21,34,NaN,NaN,NaN,NaN,38562
20200729,37642,6.435,37642,0,4728,13:20,Fine,21,32,NaN,NaN,NaN,NaN,38655
20200728,23323,3.987,23323,0,4548,13:20,Fine,22,33,NaN,NaN,NaN,NaN,38745
20200727,34669,5.926,34669,0,4740,13:50,Fine,22,34,NaN,NaN,NaN,NaN,38833
20200726,36765,6.285,36765,0,4704,12:55,Fine,22,34,NaN,NaN,NaN,NaN,38918
20200725,30572,5.226,30572,0,4956,13:20,Fine,21,32,NaN,NaN,NaN,NaN,39001
20200724,15507,2.651,15507,0,3960,12:55,Fine,22,28,NaN,NaN,NaN,NaN,39081
20200723,34031,5.817,34031,0,4740,12:20,Fine,21,33,NaN,NaN,NaN,NaN,39158
20200722,21548,3.683,21548,0,4596,13:25,Fine,21,34,NaN,NaN,NaN,NaN,39234
20200721,33124,5.662,33124,0,4584,14:05,Fine,22,35,NaN,NaN,NaN,NaN,39306
20200720,29365,5.020,29365,0,4884,12:50,Fine,24,36,NaN,NaN,NaN,NaN,39376
20200719,29550,5.051,29550,0,4668,13:35,Fine,23,36,NaN,NaN,NaN,NaN,39444
20200718,37258,6.369,37258,0,4680,13:35,Fine,22,35,NaN,NaN,NaN,NaN,39509
20200717,31656,5.411,31656,0,4680,12:50,Fine,22,34,NaN,NaN,NaN,NaN,39571
20200716,27646,4.726,27646,0,4860,13:35,Fine,22,31,NaN,NaN,NaN,NaN,39631
20200714,38328,6.552,38328,0,5232,15:50,Fine,19,30,NaN,NaN,NaN,NaN,39744
20200713,36905,6.309,36905,0,4764,13:20,Fine,18,32,NaN,NaN,NaN,NaN,39798
20200712,25859,4.420,25859,0,4704,14:05,Fine,18,31,NaN,NaN,NaN,NaN,39848
20200711,32382,5.535,32382,0,4956,13:35,Fine,21,31,NaN,NaN,NaN,NaN,39897
20200710,33889,5.793,33889,0,5016,12:50,Fine,21,31,NaN,NaN,NaN,NaN,39943
20200709,36488,6.237,36488,0,5076,14:10,Fine,20,32,NaN,NaN,NaN,NaN,39987
20200708,37287,6.374,37287,0,4920,13:05,Fine,21,32,NaN,NaN,NaN,NaN,40028
20200707,26057,4.454,26057,0,4512,14:20,Fine,21,31,NaN,NaN,NaN,NaN,40067
20200706,34450,5.889,34450,0,4620,13:35,Fine,21,34,NaN,NaN,NaN,NaN,40104
20200705,28845,4.931,28845,0,4608,14:40,Fine,21,33,NaN,NaN,NaN,NaN,40139
20200704,36324,6.209,36324,0,4872,12:35,Fine,21,33,NaN,NaN,NaN,NaN,40171
20200703,37147,6.350,37147,0,4560,12:50,Fine,21,34,NaN,NaN,NaN,NaN,40201
20200702,37451,6.402,37451,0,5016,13:25,Fine,18,30,NaN,NaN,NaN,NaN,40229
20200701,35233,6.023,35233,0,5160,12:10,Fine,19,29,NaN,NaN,NaN,NaN,40255
20200630,37770,6.456,37770,0,4680,13:20,Fine,19,31,NaN,NaN,NaN,NaN,40279
20200629,38415,6.567,38415,0,4908,13:20,Fine,21,31,NaN,NaN,NaN,NaN,40300
20200628,26550,4.538,26550,0,5100,12:55,Fine,21,29,NaN,NaN,NaN,NaN,40320
20200627,33631,5.749,33631,0,4968,12:50,Fine,20,31,NaN,NaN,NaN,NaN,40337
20200626,35621,6.089,35621,0,4812,13:50,Fine,15,30,NaN,NaN,NaN,NaN,40352
20200625,29955,5.121,29955,0,4764,12:20,Fine,17,28,NaN,NaN,NaN,NaN,40364
20200624,38989,6.665,38989,0,5220,13:50,Fine,20,29,NaN,NaN,NaN,NaN,40375
20200623,31353,5.359,31353,0,5160,14:40,Fine,18,30,NaN,NaN,NaN,NaN,40383
20200622,30073,5.141,30073,0,4992,13:35,Fine,19,31,NaN,NaN,NaN,NaN,40389
20200621,33042,5.648,33042,0,5148,13:35,Fine,19,29,NaN,NaN,NaN,NaN,40393
20200620,22206,3.796,22206,0,5460,13:35,Fine,17,26,NaN,NaN,NaN,NaN,40395
20200619,24490,4.186,24490,0,5088,12:20,Fine,18,25,NaN,NaN,NaN,NaN,40395
20200618,27108,4.634,27108,0,4944,12:10,Fine,18,26,NaN,NaN,NaN,NaN,40392
20200617,12854,2.197,12854,0,3024,10:05,Fine,16,20,NaN,NaN,NaN,NaN,40388
20200616,26175,4.474,26175,0,4608,11:10,Fine,16,23,NaN,NaN,NaN,NaN,40381
20200615,31807,5.437,31807,0,4740,14:20,Fine,14,24,NaN,NaN,NaN,NaN,40372
20200614,32355,5.531,32355,0,5028,13:35,Fine,15,23,NaN,NaN,NaN,NaN,40361
20200613,36595,6.256,36595,0,5136,13:05,Fine,14,24,NaN,NaN,NaN,NaN,40348
20200612,37376,6.389,37376,0,4788,13:10,Fine,16,29,NaN,NaN,NaN,NaN,40332
20200611,22595,3.862,22595,0,4452,12:20,Fine,21,28,NaN,NaN,NaN,NaN,40315
20200610,31559,5.395,31559,0,4884,13:05,Fine,22,32,NaN,NaN,NaN,NaN,40295
20200609,36948,6.316,36948,0,4848,13:25,Fine,15,32,NaN,NaN,NaN,NaN,40273
20200608,39791,6.802,39791,0,4884,13:20,Fine,14,27,NaN,NaN,NaN,NaN,40249
20200607,40667,6.952,40667,0,6612,12:35,Fine,16,26,NaN,NaN,NaN,NaN,40222
20200606,32432,5.544,32432,0,4332,12:35,Fine,19,31,NaN,NaN,NaN,NaN,40193
20200605,26220,4.482,26220,0,4884,13:20,Fine,19,29,NaN,NaN,NaN,NaN,40162
20200604,30707,5.249,30707,0,4716,12:50,Fine,19,32,NaN,NaN,NaN,NaN,40129
20200603,35034,5.989,35034,0,4716,13:55,Fine,19,34,NaN,NaN,NaN,NaN,40093
20200602,29135,4.980,29135,0,4896,14:40,Fine,10,26,NaN,NaN,NaN,NaN,40056
20200601,41626,7.116,41626,0,5112,12:35,Fine,8,23,NaN,NaN,NaN,NaN,40015
20200531,39673,6.782,39673,0,5628,13:05,Fine,12,22,NaN,NaN,NaN,NaN,39973
20200530,39502,6.752,39502,0,4956,13:05,Fine,17,27,NaN,NaN,NaN,NaN,39928
20200529,26276,4.492,26276,0,4608,11:20,Fine,19,29,NaN,NaN,NaN,NaN,39881
20200528,24810,4.241,24810,0,4476,13:55,Fine,20,28,NaN,NaN,NaN,NaN,39831
20200527,22578,3.859,22578,0,5292,13:25,Fine,17,25,NaN,NaN,NaN,NaN,39779
20200526,37607,6.429,37607,0,4932,13:05,Fine,13,27,NaN,NaN,NaN,NaN,39725
20200525,25601,4.376,25601,0,5124,14:25,Fine,15,24,NaN,NaN,NaN,NaN,39668
20200524,10855,1.856,10855,0,1788,13:20,Fine,16,19,NaN,NaN,NaN,NaN,39609
20200523,36902,6.308,36902,0,5100,13:35,Fine,15,27,NaN,NaN,NaN,NaN,39547
20200522,17637,3.015,17637,0,4404,15:20,Fine,15,24,NaN,NaN,NaN,NaN,39482
20200521,18431,3.151,18431,0,3084,11:50,Fine,9,20,NaN,NaN,NaN,NaN,39415
20200520,30625,5.235,30625,0,5424,13:25,Fine,10,17,NaN,NaN,NaN,NaN,39346
20200519,24743,4.230,24743,0,4848,11:35,Fine,13,19,NaN,NaN,NaN,NaN,39274
20200518,7670,1.311,7670,0,1776,11:20,Fine,13,18,NaN,NaN,NaN,NaN,39199
20200517,13142,2.246,13142,0,2448,14:20,Fine,16,19,NaN,NaN,NaN,NaN,39122
20200516,34055,5.821,34055,0,5760,13:20,Fine,17,26,NaN,NaN,NaN,NaN,39042
20200515,38408,6.565,38408,0,5016,13:25,Fine,16,30,NaN,NaN,NaN,NaN,38960
20200514,22165,3.789,22165,0,4812,13:55,Fine,8,23,NaN,NaN,NaN,NaN,38875
20200513,41501,7.094,41501,0,5364,13:20,Fine,2,20,NaN,NaN,NaN,NaN,38787
20200512,38059,6.506,38059,0,5892,13:05,Fine,4,16,NaN,NaN,NaN,NaN,38697
20200511,26221,4.482,26221,0,5616,14:35,Fine,8,14,NaN,NaN,NaN,NaN,38603
20200510,43812,7.489,43812,0,5520,13:05,Fine,1,18,NaN,NaN,NaN,NaN,38508
20200509,34121,5.833,34121,0,5940,13:55,Fine,1,10,NaN,NaN,NaN,NaN,38409
20200508,12168,2.080,12168,0,1716,11:35,Fine,8,17,NaN,NaN,NaN,NaN,38307
20200507,42436,7.254,42436,0,5400,12:50,Fine,3,19,NaN,NaN,NaN,NaN,38203
20200506,19452,3.325,19452,0,4512,13:50,Fine,8,13,NaN,NaN,NaN,NaN,38096
20200505,16618,2.841,16618,0,3816,12:20,Fine,8,14,NaN,NaN,NaN,NaN,37987
20200504,42489,7.263,42489,0,5400,13:25,Fine,14,22,NaN,NaN,NaN,NaN,37874
20200503,17366,2.969,17366,0,4128,16:05,Fine,14,25,NaN,NaN,NaN,NaN,37759
20200502,40117,6.858,40117,0,5400,13:50,Fine,9,21,NaN,NaN,NaN,NaN,37641
20200501,28476,4.868,28476,0,5676,13:40,Fine,9,18,NaN,NaN,NaN,NaN,37520
20200430,5588,0.955,5588,0,1068,13:25,Fine,14,18,NaN,NaN,NaN,NaN,37396
20200429,25855,4.420,25855,0,4944,13:50,Fine,5,24,NaN,NaN,NaN,NaN,37269
20200428,8515,1.456,8515,0,2280,09:50,Fine,4,11,NaN,NaN,NaN,NaN,37140
20200427,20223,3.457,20223,0,5208,14:50,Fine,5,13,NaN,NaN,NaN,NaN,37008
20200426,8547,1.461,0,0,1668,12:35,Fine,9,13,NaN,NaN,NaN,NaN,36873
20200425,21497,3.675,0,0,4380,11:05,Fine,5,16,NaN,NaN,NaN,NaN,36735
20200424,14981,2.561,0,0,4476,14:50,Fine,11,15,NaN,NaN,NaN,NaN,36594
20200423,10711,1.831,0,0,2580,11:25,Fine,5,14,NaN,NaN,NaN,NaN,36450
20200422,42815,7.319,0,0,7536,13:25,Fine,2,16,NaN,NaN,NaN,NaN,36304
20200421,26606,4.548,0,0,5616,13:05,Fine,7,18,NaN,NaN,NaN,NaN,36154
20200420,22145,3.785,0,0,3864,15:35,Fine,9,16,NaN,NaN,NaN,NaN,36002
20200419,29176,4.987,0,0,5232,11:50,Fine,0,18,NaN,NaN,NaN,NaN,35847
20200418,32567,5.567,0,0,5904,13:20,Fine,7,11,NaN,NaN,NaN,NaN,35689
20200417,23966,4.097,0,0,4932,11:40,Fine,0,15,NaN,NaN,NaN,NaN,35529
20200416,41500,7.094,0,0,5700,12:50,Fine,3,11,NaN,NaN,NaN,NaN,35366
20200415,41036,7.015,0,0,6576,13:35,Fine,2,11,NaN,NaN,NaN,NaN,35200
20200414,29477,5.039,0,0,4824,12:40,Fine,7,13,NaN,NaN,NaN,NaN,35031
20200413,22841,3.904,0,0,5472,13:05,Fine,14,24,NaN,NaN,NaN,NaN,34859
20200412,18340,3.135,0,0,5676,13:20,Fine,5,21,NaN,NaN,NaN,NaN,34684
20200411,40150,6.863,0,0,5844,13:20,Fine,2,16,NaN,NaN,NaN,NaN,34508
20200410,31396,5.367,0,0,5448,14:55,Fine,4,9,NaN,NaN,NaN,NaN,34328
20200409,32955,5.633,0,0,6252,14:05,Fine,11,20,NaN,NaN,NaN,NaN,34146
20200408,34538,5.904,0,0,5208,12:50,Fine,13,24,NaN,NaN,NaN,NaN,33961
20200407,24541,4.195,0,0,5064,12:25,Fine,11,22,NaN,NaN,NaN,NaN,33773
20200406,36560,6.250,0,0,5256,12:50,Fine,11,20,NaN,NaN,NaN,NaN,33584
20200405,29348,5.017,0,0,5232,13:25,Fine,6,20,NaN,NaN,NaN,NaN,33391
20200404,20325,3.474,0,0,4968,12:35,Fine,7,14,NaN,NaN,NaN,NaN,33197
20200403,40453,6.915,0,0,5400,12:55,Fine,7,18,NaN,NaN,NaN,NaN,32999
20200402,39251,6.710,0,0,5520,12:25,Fine,4,16,NaN,NaN,NaN,NaN,32799
20200401,17409,2.976,0,0,4332,14:20,Fine,3,12,NaN,NaN,NaN,NaN,32598
20200331,9300,1.590,0,0,2292,14:05,Fine,8,11,NaN,NaN,NaN,NaN,32393
20200330,38070,6.508,0,0,5280,13:35,Fine,10,23,NaN,NaN,NaN,NaN,32187
20200329,15251,2.607,0,0,4044,15:20,Fine,10,23,NaN,NaN,NaN,NaN,31978
20200328,6442,1.101,0,0,1188,13:05,Fine,11,14,NaN,NaN,NaN,NaN,31767
20200327,22914,3.917,0,0,4896,12:40,Fine,7,18,NaN,NaN,NaN,NaN,31554
20200326,31974,5.466,0,0,5532,13:40,Fine,3,16,NaN,NaN,NaN,NaN,31340
20200325,7707,1.317,0,0,1728,12:05,Fine,6,7,NaN,NaN,NaN,NaN,31123
20200324,21430,3.663,0,0,4392,13:25,Fine,4,12,NaN,NaN,NaN,NaN,30904
20200323,6231,1.065,0,0,1608,15:25,Fine,4,6,NaN,NaN,NaN,NaN,30683
20200322,30533,5.219,0,0,5160,13:10,Fine,2,10,NaN,NaN,NaN,NaN,30461
20200321,15314,2.618,0,0,4584,10:50,Fine,8,10,NaN,NaN,NaN,NaN,30237
20200320,11781,2.014,0,0,3588,15:40,Fine,15,26,NaN,NaN,NaN,NaN,30011
20200319,20314,3.472,0,0,5664,12:35,Fine,9,22,NaN,NaN,NaN,NaN,29783
20200318,17737,3.032,0,0,3600,14:20,Fine,3,13,NaN,NaN,NaN,NaN,29554
20200317,21371,3.653,0,0,5232,13:40,Fine,5,17,NaN,NaN,NaN,NaN,29324
20200316,21649,3.701,0,0,4188,12:50,Fine,0,11,NaN,NaN,NaN,NaN,29093
20200315,8002,1.368,0,0,2736,13:20,Fine,3,8,NaN,NaN,NaN,NaN,28860
20200314,24441,4.178,0,0,5268,12:40,Fine,5,13,NaN,NaN,NaN,NaN,28625
20200313,23743,4.059,0,0,5220,13:35,Fine,10,22,NaN,NaN,NaN,NaN,28390
20200312,24689,4.220,0,0,5124,13:55,Fine,7,17,NaN,NaN,NaN,NaN,28154
20200311,10420,1.781,0,0,2112,10:35,Fine,5,11,NaN,NaN,NaN,NaN,27917
20200310,14381,2.458,0,0,5148,13:50,Fine,13,20,NaN,NaN,NaN,NaN,27679
20200309,33119,5.661,0,0,5100,13:40,Fine,5,23,NaN,NaN,NaN,NaN,27440
20200308,37073,6.337,0,0,5244,13:05,Fine,-1,16,NaN,NaN,NaN,NaN,27201
20200307,37621,6.431,0,0,5436,12:35,Fine,2,10,NaN,NaN,NaN,NaN,26961
20200306,19527,3.338,0,0,5340,12:35,Fine,0,10,NaN,NaN,NaN,NaN,26720
20200305,24099,4.119,0,0,4776,13:05,Fine,2,11,NaN,NaN,NaN,NaN,26479
20200304,34892,5.964,0,0,5100,12:25,Fine,6,17,NaN,NaN,NaN,NaN,26237
20200303,14317,2.447,0,0,4476,14:20,Fine,6,17,NaN,NaN,NaN,NaN,25996
20200302,25612,4.378,0,0,5112,13:20,Fine,1,17,NaN,NaN,NaN,NaN,25755
20200301,35420,6.055,0,0,5172,12:20,Fine,-5,10,NaN,NaN,NaN,NaN,25513
20200229,27196,4.649,0,0,5640,10:10,Fine,-1,2,NaN,NaN,NaN,NaN,25272
20200228,15019,2.567,0,0,3840,11:40,Fine,-1,7,NaN,NaN,NaN,NaN,25030
20200227,34748,5.940,0,0,5472,11:40,Fine,1,5,NaN,NaN,NaN,NaN,24789
20200226,3001,0.513,0,0,972,09:50,Fine,9,11,NaN,NaN,NaN,NaN,24549
20200225,4758,0.813,0,0,1152,13:20,Fine,7,11,NaN,NaN,NaN,NaN,24308
20200224,17922,3.064,0,0,4968,12:35,Fine,0,14,NaN,NaN,NaN,NaN,24069
20200223,34247,5.854,0,0,5064,12:40,Fine,-5,14,NaN,NaN,NaN,NaN,23830
20200222,34400,5.880,0,0,5052,12:20,Fine,-5,12,NaN,NaN,NaN,NaN,23592
20200221,34922,5.970,0,0,5172,12:20,Fine,-6,2,NaN,NaN,NaN,NaN,23355
20200220,9212,1.575,0,0,1596,13:05,Fine,0,3,NaN,NaN,NaN,NaN,23119
20200219,21272,3.636,0,0,4476,14:05,Fine,2,10,NaN,NaN,NaN,NaN,22884
20200218,21947,3.752,0,0,4644,11:35,Fine,4,14,NaN,NaN,NaN,NaN,22651
20200217,30665,5.242,0,0,4776,12:20,Fine,0,12,NaN,NaN,NaN,NaN,22418
20200216,14985,2.562,0,0,3624,13:10,Fine,-1,10,NaN,NaN,NaN,NaN,22188
20200214,26364,4.507,0,0,5376,13:35,Fine,-3,4,NaN,NaN,NaN,NaN,21731
20200213,1823,0.312,0,0,732,14:50,Fine,5,12,NaN,NaN,NaN,NaN,21506
20200212,9927,1.697,0,0,2964,11:20,Fine,3,8,NaN,NaN,NaN,NaN,21282
20200211,5301,0.906,0,0,2160,13:25,Fine,8,11,NaN,NaN,NaN,NaN,21060
20200210,3484,0.596,0,0,1008,11:10,Fine,5,7,NaN,NaN,NaN,NaN,20841
20200209,28375,4.850,0,0,5028,12:25,Fine,-3,9,NaN,NaN,NaN,NaN,20623
20200208,23133,3.954,0,0,5208,11:55,Fine,-1,6,NaN,NaN,NaN,NaN,20408
20200207,15199,2.598,0,0,5208,13:20,Fine,3,13,NaN,NaN,NaN,NaN,20196
20200206,1204,0.206,0,0,312,12:05,Fine,2,7,NaN,NaN,NaN,NaN,19986
20200205,3401,0.581,0,0,888,12:35,Fine,3,6,NaN,NaN,NaN,NaN,19779
20200204,7349,1.256,0,0,1524,14:35,Fine,11,19,NaN,NaN,NaN,NaN,19574
20200203,16798,2.871,0,0,4116,10:50,Fine,6,18,NaN,NaN,NaN,NaN,19373
20200202,22923,3.918,0,0,4728,11:40,Fine,1,12,NaN,NaN,NaN,NaN,19174
20200201,19125,3.269,0,0,4608,13:20,Fine,-2,9,NaN,NaN,NaN,NaN,18978
20200131,8239,1.408,0,0,2712,11:05,Fine,-1,6,NaN,NaN,NaN,NaN,18786
20200130,13236,2.263,0,0,3504,12:35,Fine,-3,4,NaN,NaN,NaN,NaN,18597
20200129,18675,3.192,0,0,4092,13:10,Fine,2,6,NaN,NaN,NaN,NaN,18411
20200128,11888,2.032,0,0,3552,10:50,Fine,3,6,NaN,NaN,NaN,NaN,18229
20200127,14410,2.463,0,0,4596,11:05,Fine,0,8,NaN,NaN,NaN,NaN,18051
20200126,12383,2.117,0,0,3852,10:20,Fine,0,7,NaN,NaN,NaN,NaN,17876
20200125,8317,1.422,0,0,2232,12:50,Fine,3,9,NaN,NaN,NaN,NaN,17705
20200124,6381,1.091,0,0,1776,11:05,Fine,0,9,NaN,NaN,NaN,NaN,17537
20200123,11359,1.942,0,0,2436,14:25,Fine,-5,5,NaN,NaN,NaN,NaN,17374
20200122,27488,4.699,0,0,4488,12:25,Fine,-7,4,NaN,NaN,NaN,NaN,17215
20200121,28698,4.906,0,0,4632,12:25,Fine,-6,1,NaN,NaN,NaN,NaN,17059
20200120,28824,4.927,0,0,4680,12:20,Fine,-5,0,NaN,NaN,NaN,NaN,16908
20200119,23255,3.975,0,0,4632,12:55,Fine,0,6,NaN,NaN,NaN,NaN,16761
20200118,1771,0.303,0,0,744,12:25,Fine,-3,0,NaN,NaN,NaN,NaN,16619
20200117,26232,4.484,0,0,4572,11:50,Fine,-4,2,NaN,NaN,NaN,NaN,16481
20200116,26164,4.472,0,0,4368,12:05,Fine,7,11,NaN,NaN,NaN,NaN,16347
20200115,16211,2.771,0,0,4236,11:35,Fine,4,13,NaN,NaN,NaN,NaN,16218
20200114,2183,0.373,0,0,792,11:20,Fine,4,8,NaN,NaN,NaN,NaN,16094
20200113,6530,1.116,0,0,1296,10:50,Fine,4,10,NaN,NaN,NaN,NaN,15974
20200112,23074,3.944,0,0,4116,12:05,Fine,8,18,NaN,NaN,NaN,NaN,15859
20200111,7445,1.273,0,0,2388,14:20,Fine,12,20,NaN,NaN,NaN,NaN,15749
20200110,5551,0.949,0,0,1368,12:20,Fine,0,11,NaN,NaN,NaN,NaN,15644
20200109,24993,4.272,0,0,4404,12:50,Fine,-5,3,NaN,NaN,NaN,NaN,15544
20200108,10522,1.799,0,0,3132,14:10,Fine,0,6,NaN,NaN,NaN,NaN,15449
20200107,1970,0.337,0,0,792,08:35,Fine,-1,4,NaN,NaN,NaN,NaN,15358
20200106,25497,4.358,0,0,4200,12:25,Fine,1,11,NaN,NaN,NaN,NaN,15273
20200105,16560,2.831,0,0,4596,13:10,Fine,0,5,NaN,NaN,NaN,NaN,15193
20200104,3212,0.549,0,0,1116,11:05,Fine,10,14,NaN,NaN,NaN,NaN,15118
20200103,3387,0.579,0,0,1992,11:25,Fine,7,10,NaN,NaN,NaN,NaN,15048
20200102,14956,2.557,0,0,3960,12:05,Fine,-2,10,NaN,NaN,NaN,NaN,14984
20200101,24892,4.255,0,0,4176,12:35,Fine,1,9,NaN,NaN,NaN,NaN,14925
20191231,11425,1.953,0,0,3108,14:20,Fine,5,10,NaN,NaN,NaN,NaN,14871
20191230,11081,1.894,0,0,3804,12:55,Fine,11,15,NaN,NaN,NaN,NaN,14822
20191229,2134,0.365,0,0,540,12:50,Fine,6,10,NaN,NaN,NaN,NaN,14779
20191228,18937,3.237,0,0,3732,11:05,Fine,2,17,NaN,NaN,NaN,NaN,14741
20191227,14336,2.451,0,0,3996,12:20,Fine,3,14,NaN,NaN,NaN,NaN,14708
20191226,21859,3.737,0,0,3732,12:10,Fine,-1,12,NaN,NaN,NaN,NaN,14681
20191225,17758,3.036,0,0,3696,10:55,Fine,-3,9,NaN,NaN,NaN,NaN,14660
20191224,20932,3.578,0,0,3804,11:35,Fine,0,11,NaN,NaN,NaN,NaN,14643
20191223,15638,2.673,0,0,4116,12:20,Fine,1,12,NaN,NaN,NaN,NaN,14633
20191222,19829,3.390,0,0,3780,12:25,Fine,NaN,NaN,NaN,NaN,NaN,NaN,14627
20191219,25303,4.325,0,0,4272,12:25,Fine,-6,0,NaN,NaN,NaN,NaN,14643
20191218,23398,4.000,0,0,4488,12:05,Fine,-2,3,NaN,NaN,NaN,NaN,14660
20191217,2018,0.345,0,0,624,10:50,Fine,1,3,NaN,NaN,NaN,NaN,14681
20191216,1247,0.213,0,0,396,10:05,Fine,0,2,NaN,NaN,NaN,NaN,14709
20191215,18394,3.144,0,0,3960,13:05,Fine,4,11,NaN,NaN,NaN,NaN,14741
20191214,4233,0.724,0,0,1548,12:50,Fine,4,8,NaN,NaN,NaN,NaN,14779
20191213,1943,0.332,0,0,600,12:25,Fine,0,3,NaN,NaN,NaN,NaN,14822
20191212,0,0.000,0,0,0,04:35,Not Sure,-4,2,NaN,NaN,NaN,NaN,14871
20191211,0,0.000,0,0,0,04:05,Not Sure,0,4,NaN,NaN,NaN,NaN,14925
20191210,0,0.000,0,0,0,04:05,Not Sure,11,13,NaN,NaN,NaN,NaN,14984
20191209,0,0.000,0,0,0,04:35,Not Sure,4,7,NaN,NaN,NaN,NaN,15048
20191208,0,0.000,0,0,0,04:35,Not Sure,-5,7,NaN,NaN,NaN,NaN,15117
20191207,0,0.000,0,0,0,04:20,Not Sure,-1,5,NaN,NaN,NaN,NaN,15192
20191206,0,0.000,0,0,0,04:35,Not Sure,0,10,NaN,NaN,NaN,NaN,15272
20191205,0,0.000,0,0,0,04:50,Not Sure,2,7,NaN,NaN,NaN,NaN,15357
20191204,0,0.000,0,0,0,04:35,Not Sure,0,8,NaN,NaN,NaN,NaN,15447
20191203,0,0.000,0,0,0,04:20,Not Sure,3,8,NaN,NaN,NaN,NaN,15542
20191202,0,0.000,0,0,0,04:20,Not Sure,2,5,NaN,NaN,NaN,NaN,15641
20191201,0,0.000,0,0,0,04:20,Not Sure,3,5,NaN,NaN,NaN,NaN,15746
20191130,0,0.000,0,0,0,04:35,Not Sure,3,6,NaN,NaN,NaN,NaN,15856
20191129,0,0.000,0,0,0,04:50,Not Sure,2,9,NaN,NaN,NaN,NaN,15970
20191128,0,0.000,0,0,0,06:35,Not Sure,5,8,NaN,NaN,NaN,NaN,16089
20191127,0,0.000,0,0,0,05:35,Not Sure,8,13,NaN,NaN,NaN,NaN,16212
20191126,0,0.000,0,0,0,04:50,Not Sure,0,17,NaN,NaN,NaN,NaN,16341
20191125,0,0.000,0,0,0,04:50,Not Sure,0,13,NaN,NaN,NaN,NaN,16473
20191124,0,0.000,0,0,0,04:05,Not Sure,3,10,NaN,NaN,NaN,NaN,16610
20191123,0,0.000,0,0,0,04:35,Not Sure,-2,5,NaN,NaN,NaN,NaN,16752
20191122,1373,0.235,0,0,552,12:35,Fine,8,11,NaN,NaN,NaN,NaN,16898
20191121,18325,3.132,0,0,4332,11:35,Fine,0,11,NaN,NaN,NaN,NaN,17048
20191120,8102,1.385,0,0,3024,11:05,Fine,6,10,NaN,NaN,NaN,NaN,17202
20191119,15135,2.587,0,0,4020,13:40,Fine,4,11,NaN,NaN,NaN,NaN,17360
20191118,7977,1.364,0,0,3300,13:10,Fine,2,6,NaN,NaN,NaN,NaN,17522
20191117,10160,1.737,0,0,2160,11:20,Fine,0,6,NaN,NaN,NaN,NaN,17688
20191116,27680,4.732,0,0,4476,12:10,Fine,0,7,NaN,NaN,NaN,NaN,17858
20191115,18662,3.190,0,0,4368,11:35,Fine,-1,11,NaN,NaN,NaN,NaN,18031
20191114,16903,2.889,0,0,4272,12:55,Fine,-5,5,NaN,NaN,NaN,NaN,18208
20191113,27444,4.691,0,0,4608,11:55,Fine,-5,2,NaN,NaN,NaN,NaN,18389
20191112,6974,1.192,0,0,3324,13:50,Fine,0,11,NaN,NaN,NaN,NaN,18573
20191111,22480,3.843,0,0,4176,11:35,Fine,2,19,NaN,NaN,NaN,NaN,18760
20191110,15910,2.720,0,0,4044,10:35,Fine,1,13,NaN,NaN,NaN,NaN,18951
20191109,21747,3.717,0,0,4380,10:55,Fine,-4,6,NaN,NaN,NaN,NaN,19145
20191108,22276,3.808,0,0,5208,12:55,Fine,1,4,NaN,NaN,NaN,NaN,19342
20191107,7523,1.286,0,0,2076,12:25,Fine,7,15,NaN,NaN,NaN,NaN,19542
20191106,28059,4.796,0,0,4320,11:35,Fine,3,14,NaN,NaN,NaN,NaN,19744
20191105,19018,3.251,0,0,3960,11:50,Fine,2,17,NaN,NaN,NaN,NaN,19949
20191104,27981,4.783,0,0,4620,12:05,Fine,0,15,NaN,NaN,NaN,NaN,20157
20191103,29929,5.116,0,0,4572,11:55,Fine,1,12,NaN,NaN,NaN,NaN,20287
20191102,29777,5.090,0,0,4584,13:05,Fine,-1,11,NaN,NaN,NaN,NaN,20581
20191101,30540,5.221,0,0,4728,12:55,Fine,5,11,NaN,NaN,NaN,NaN,20797
20191031,2825,0.483,0,0,972,12:05,Fine,17,23,NaN,NaN,NaN,NaN,21014
20191030,5236,0.895,0,0,1476,13:05,Fine,13,18,NaN,NaN,NaN,NaN,21234
20191029,7220,1.234,0,0,1908,12:40,Fine,12,18,NaN,NaN,NaN,NaN,21456
20191028,29082,4.971,0,0,4416,12:20,Fine,9,20,NaN,NaN,NaN,NaN,21679
20191027,24043,4.110,0,0,4416,13:10,Fine,17,25,NaN,NaN,NaN,NaN,21905
20191026,7904,1.351,0,0,1560,12:20,Fine,12,17,NaN,NaN,NaN,NaN,22132
20191025,15499,2.649,0,0,4428,13:55,Fine,6,19,NaN,NaN,NaN,NaN,22361
20191024,30843,5.272,0,0,4620,12:50,Fine,3,20,NaN,NaN,NaN,NaN,22591
20191023,31256,5.343,0,0,4680,12:55,Fine,7,18,NaN,NaN,NaN,NaN,22823
20191022,2985,0.510,0,0,588,12:20,Fine,13,15,NaN,NaN,NaN,NaN,23056
20191021,26312,4.498,0,0,4620,11:50,Fine,11,19,NaN,NaN,NaN,NaN,23290
20191020,4985,0.852,0,0,1116,14:20,Fine,10,13,NaN,NaN,NaN,NaN,23525
20191019,24330,4.159,0,0,4572,12:25,Fine,2,16,NaN,NaN,NaN,NaN,23761
20191018,32069,5.482,0,0,4884,13:05,Fine,7,16,NaN,NaN,NaN,NaN,23998
20191017,23095,3.948,0,0,4956,13:20,Fine,10,13,NaN,NaN,NaN,NaN,24236
20191016,3791,0.648,0,0,1788,16:35,Fine,11,15,NaN,NaN,NaN,NaN,24475
20191015,31796,5.435,0,0,8532,11:50,Fine,5,21,NaN,NaN,NaN,NaN,24714
20191014,32127,5.492,0,0,4668,13:05,Fine,6,23,NaN,NaN,NaN,NaN,24953
20191013,15227,2.603,0,0,3984,10:55,Fine,10,17,NaN,NaN,NaN,NaN,25193
20191012,12934,2.211,0,0,2688,10:25,Fine,8,20,NaN,NaN,NaN,NaN,25434
20191011,32410,5.540,0,0,4620,12:35,Fine,9,22,NaN,NaN,NaN,NaN,25674
20191010,31040,5.306,0,0,4572,12:35,Fine,10,22,NaN,NaN,NaN,NaN,25914
20191009,32464,5.549,0,0,4632,12:50,Fine,11,20,NaN,NaN,NaN,NaN,26154
20191008,14083,2.407,0,0,2832,11:35,Fine,13,18,NaN,NaN,NaN,NaN,26394
20191007,15544,2.657,0,0,3588,11:35,Fine,18,25,NaN,NaN,NaN,NaN,26635
20191006,8447,1.444,0,0,1872,14:20,Fine,15,21,NaN,NaN,NaN,NaN,26874
20191005,22638,3.870,0,0,4956,12:25,Fine,7,17,NaN,NaN,NaN,NaN,27114
20191004,33178,5.671,0,0,4812,12:20,Fine,16,24,NaN,NaN,NaN,NaN,27353
20191003,26350,4.504,0,0,4572,12:50,Fine,22,26,NaN,NaN,NaN,NaN,27591
20191002,25915,4.430,0,0,4812,13:10,Fine,20,33,NaN,NaN,NaN,NaN,27829
20191001,28001,4.786,0,0,4392,12:35,Fine,18,29,NaN,NaN,NaN,NaN,28066
20190930,4428,0.757,0,0,1212,13:40,Fine,19,20,NaN,NaN,NaN,NaN,28302
20190929,29626,5.064,0,0,4320,12:50,Fine,19,30,NaN,NaN,NaN,NaN,28537
20190928,16205,2.770,0,0,4476,13:05,Fine,18,28,NaN,NaN,NaN,NaN,28771
20190927,28964,4.951,0,0,4776,12:50,Fine,13,27,NaN,NaN,NaN,NaN,29004
20190926,17453,2.983,0,0,4668,14:25,Fine,14,29,NaN,NaN,NaN,NaN,29235
20190925,33848,5.786,0,0,4740,12:50,Fine,11,27,NaN,NaN,NaN,NaN,29466
20190924,28785,4.921,0,0,5172,13:35,Fine,17,25,NaN,NaN,NaN,NaN,29696
20190923,27393,4.683,0,0,4656,13:20,Fine,19,32,NaN,NaN,NaN,NaN,29924
20190922,29938,5.118,0,0,4440,14:25,Fine,17,31,NaN,NaN,NaN,NaN,30150
20190921,30224,5.166,0,0,4380,12:50,Fine,12,30,NaN,NaN,NaN,NaN,30376
20190920,35379,6.048,0,0,4956,12:40,Fine,8,25,NaN,NaN,NaN,NaN,30599
20190919,33739,5.767,0,0,5028,12:40,Fine,11,22,NaN,NaN,NaN,NaN,30821
20190918,29580,5.056,0,0,4884,11:50,Fine,13,24,NaN,NaN,NaN,NaN,31041
20190917,17067,2.917,0,0,4368,15:20,Fine,20,25,NaN,NaN,NaN,NaN,31260
20190916,30666,5.242,0,0,4620,12:55,Fine,16,31,NaN,NaN,NaN,NaN,31476
20190915,34960,5.976,0,0,4764,12:55,Fine,19,29,NaN,NaN,NaN,NaN,31691
20190914,14981,2.561,0,0,2844,12:40,Fine,18,25,NaN,NaN,NaN,NaN,31904
20190913,3716,0.635,0,0,624,11:50,Fine,18,20,NaN,NaN,NaN,NaN,32114
20190912,29044,4.965,0,0,4536,13:05,Fine,20,33,NaN,NaN,NaN,NaN,32323
20190911,26244,4.486,0,0,4440,12:50,Fine,19,33,NaN,NaN,NaN,NaN,32530
20190910,30967,5.294,0,0,4872,13:20,Fine,17,29,NaN,NaN,NaN,NaN,32734
20190909,22854,3.907,0,0,4524,13:05,Fine,18,27,NaN,NaN,NaN,NaN,32937
20190908,23263,3.977,0,0,4992,13:10,Fine,14,27,NaN,NaN,NaN,NaN,33137
20190907,33054,5.650,0,0,4848,13:05,Fine,14,27,NaN,NaN,NaN,NaN,33335
20190906,26189,4.477,0,0,4596,13:20,Fine,18,24,NaN,NaN,NaN,NaN,33530
20190905,22623,3.867,0,0,4080,13:35,Fine,20,25,NaN,NaN,NaN,NaN,33724
20190904,34959,5.976,0,0,4668,13:20,Fine,21,33,NaN,NaN,NaN,NaN,33914
20190903,35772,6.115,0,0,4728,13:20,Fine,18,29,NaN,NaN,NaN,NaN,34103
20190902,23024,3.936,0,0,5040,13:50,Fine,21,30,NaN,NaN,NaN,NaN,34289
20190901,12417,2.123,0,0,2712,13:20,Fine,20,26,NaN,NaN,NaN,NaN,34472
20190831,33252,5.684,0,0,4656,12:55,Fine,18,30,NaN,NaN,NaN,NaN,34653
20190830,35989,6.152,0,0,4740,13:40,Fine,14,31,NaN,NaN,NaN,NaN,34831
20190829,37062,6.335,0,0,5088,13:20,Fine,15,27,NaN,NaN,NaN,NaN,35007
20190828,17403,2.975,0,0,3960,11:35,Fine,19,26,NaN,NaN,NaN,NaN,35180
20190827,21770,3.721,0,0,4332,13:50,Fine,16,25,NaN,NaN,NaN,NaN,35351
20190826,17717,3.029,0,0,4308,14:40,Fine,14,23,NaN,NaN,NaN,NaN,35519
20190825,32203,5.505,0,0,5112,14:55,Fine,15,25,NaN,NaN,NaN,NaN,35684
20190824,31934,5.459,0,0,5184,14:40,Fine,15,25,NaN,NaN,NaN,NaN,35847
20190823,7600,1.299,0,0,3528,16:35,Fine,18,22,NaN,NaN,NaN,NaN,36007
20190822,32251,5.513,0,0,4776,14:05,Fine,21,33,NaN,NaN,NaN,NaN,36164
20190821,31937,5.459,0,0,4884,12:35,Fine,20,32,NaN,NaN,NaN,NaN,36319
20190820,24294,4.153,0,0,4680,12:40,Fine,21,33,NaN,NaN,NaN,NaN,36470
20190819,31300,5.350,0,0,4608,12:35,Fine,21,34,NaN,NaN,NaN,NaN,36619
20190818,31480,5.381,0,0,4848,14:10,Fine,20,34,NaN,NaN,NaN,NaN,36765
20190817,29761,5.087,0,0,4800,12:40,Fine,21,33,NaN,NaN,NaN,NaN,36909
20190816,24210,4.138,0,0,4668,14:50,Fine,21,30,NaN,NaN,NaN,NaN,37050
20190815,17088,2.921,0,0,5208,13:35,Fine,21,27,NaN,NaN,NaN,NaN,37188
20190814,27387,4.682,0,0,4500,14:05,Fine,22,30,NaN,NaN,NaN,NaN,37323
20190813,15557,2.659,0,0,3288,14:05,Fine,23,30,NaN,NaN,NaN,NaN,37456
20190812,36362,6.216,0,0,4848,13:25,Fine,16,32,NaN,NaN,NaN,NaN,37586
20190811,38324,6.551,0,0,4896,13:05,Fine,16,28,NaN,NaN,NaN,NaN,37713
20190810,30936,5.288,0,0,5352,12:20,Fine,16,28,NaN,NaN,NaN,NaN,37837
20190809,35135,6.006,0,0,4788,12:20,Fine,20,31,NaN,NaN,NaN,NaN,37959
20190808,35789,6.118,0,0,5052,13:05,Fine,19,32,NaN,NaN,NaN,NaN,38077
20190807,28732,4.911,0,0,5088,13:10,Fine,20,32,NaN,NaN,NaN,NaN,38193
20190806,34846,5.957,0,0,4752,13:25,Fine,18,32,NaN,NaN,NaN,NaN,38306
20190805,24540,4.195,0,0,4512,12:05,Fine,18,30,NaN,NaN,NaN,NaN,38417
20190804,35183,6.014,0,0,5016,12:55,Fine,21,31,NaN,NaN,NaN,NaN,38525
20190803,31891,5.451,0,0,5052,14:20,Fine,20,31,NaN,NaN,NaN,NaN,38630
20190802,34371,5.875,0,0,4968,13:20,Fine,21,29,NaN,NaN,NaN,NaN,38733
20190801,27267,4.661,0,0,5172,13:20,Fine,18,31,NaN,NaN,NaN,NaN,38833
20190731,16992,2.905,0,0,4356,13:55,Fine,20,29,NaN,NaN,NaN,NaN,38930
20190730,31629,5.407,0,0,4800,13:35,Fine,21,34,NaN,NaN,NaN,NaN,39024
20190729,37198,6.359,0,0,4860,12:50,Fine,20,33,NaN,NaN,NaN,NaN,39116
20190728,37889,6.477,0,0,4932,12:40,Fine,19,32,NaN,NaN,NaN,NaN,39205
20190727,36856,6.300,0,0,5064,13:20,Fine,17,31,NaN,NaN,NaN,NaN,39292
20190726,30519,5.217,0,0,4956,12:35,Fine,16,30,NaN,NaN,NaN,NaN,39376
20190725,38442,6.571,0,0,4956,13:35,Fine,15,29,NaN,NaN,NaN,NaN,39457
20190724,37400,6.393,0,0,5268,14:35,Fine,17,28,NaN,NaN,NaN,NaN,39536
20190723,15462,2.643,0,0,2964,11:40,Fine,19,23,NaN,NaN,NaN,NaN,39613
20190722,28418,4.858,0,0,5136,12:50,Fine,21,33,NaN,NaN,NaN,NaN,39687
20190721,34367,5.875,0,0,4728,13:20,Fine,24,36,NaN,NaN,NaN,NaN,39758
20190720,35244,6.025,0,0,4932,12:50,Fine,24,35,NaN,NaN,NaN,NaN,39827
20190719,37310,6.378,0,0,4692,13:20,Fine,23,35,NaN,NaN,NaN,NaN,39893
20190718,31878,5.449,0,0,4932,14:20,Fine,23,32,NaN,NaN,NaN,NaN,39957
20190717,29896,5.110,0,0,4992,13:50,Fine,23,35,NaN,NaN,NaN,NaN,40018
20190716,31915,5.456,0,0,4992,12:35,Fine,21,33,NaN,NaN,NaN,NaN,40077
20190715,38405,6.565,0,0,4800,13:20,Fine,18,32,NaN,NaN,NaN,NaN,40134
20190714,34450,5.889,0,0,4824,13:10,Fine,20,33,NaN,NaN,NaN,NaN,40188
20190713,38951,6.658,0,0,4848,13:05,Fine,19,32,NaN,NaN,NaN,NaN,40240
20190712,31615,5.404,0,0,4608,11:50,Fine,20,31,NaN,NaN,NaN,NaN,40289
20190711,18778,3.210,0,0,4968,12:40,Fine,21,31,NaN,NaN,NaN,NaN,40337
20190710,34937,5.972,0,0,4956,12:50,Fine,19,30,NaN,NaN,NaN,NaN,40381
20190709,37967,6.490,0,0,4872,13:05,Fine,16,29,NaN,NaN,NaN,NaN,40424
20190708,11043,1.888,0,0,2340,10:50,Fine,20,23,NaN,NaN,NaN,NaN,40464
20190707,24558,4.198,0,0,5232,14:50,Fine,22,30,NaN,NaN,NaN,NaN,40502
20190706,31760,5.429,0,0,4956,12:10,Fine,22,32,NaN,NaN,NaN,NaN,40537
20190705,32217,5.507,0,0,5172,12:40,Fine,22,31,NaN,NaN,NaN,NaN,40570
20190704,28595,4.888,0,0,5112,12:50,Fine,22,32,NaN,NaN,NaN,NaN,40601
20190703,32693,5.589,0,0,4848,14:20,Fine,20,32,NaN,NaN,NaN,NaN,40630
20190702,35246,6.025,0,0,4704,12:50,Fine,17,33,NaN,NaN,NaN,NaN,40657
20190701,40334,6.895,0,0,4956,13:20,Fine,16,29,NaN,NaN,NaN,NaN,40681
20190630,39766,6.798,0,0,4968,13:20,Fine,20,31,NaN,NaN,NaN,NaN,40703
20190629,33085,5.656,0,0,4764,12:55,Fine,19,33,NaN,NaN,NaN,NaN,40723
20190628,33431,5.715,0,0,4872,13:50,Fine,19,32,NaN,NaN,NaN,NaN,40741
20190627,34205,5.847,0,0,5004,13:20,Fine,20,33,NaN,NaN,NaN,NaN,40757
20190626,39350,6.726,0,0,4968,12:50,Fine,18,32,NaN,NaN,NaN,NaN,40770
20190625,35296,6.034,0,0,5256,13:20,Fine,21,30,NaN,NaN,NaN,NaN,40781
20190624,26653,4.556,0,0,5052,13:50,Fine,17,31,NaN,NaN,NaN,NaN,40790
20190623,40704,6.958,0,0,5004,13:05,Fine,13,28,NaN,NaN,NaN,NaN,40797
20190622,41067,7.020,0,0,5280,12:35,Fine,16,27,NaN,NaN,NaN,NaN,40801
20190621,38845,6.640,0,0,5172,13:35,Fine,21,27,NaN,NaN,NaN,NaN,40804
20190620,28858,4.933,0,0,4920,13:20,Fine,22,31,NaN,NaN,NaN,NaN,40804
20190619,31134,5.322,0,0,5004,13:50,Fine,20,29,NaN,NaN,NaN,NaN,40802
20190618,24643,4.212,0,0,4632,15:50,Fine,20,29,NaN,NaN,NaN,NaN,40798
20190617,30091,5.144,0,0,4860,14:05,Fine,20,31,NaN,NaN,NaN,NaN,40792
20190616,32048,5.478,0,0,5148,12:05,Fine,18,29,NaN,NaN,NaN,NaN,40783
20190615,32681,5.586,0,0,5076,14:40,Fine,11,27,NaN,NaN,NaN,NaN,40772
20190614,42324,7.235,0,0,5352,12:35,Fine,13,24,NaN,NaN,NaN,NaN,40759
20190613,23881,4.082,0,0,5364,13:50,Fine,16,24,NaN,NaN,NaN,NaN,40744
20190612,36842,6.298,0,0,5268,13:20,Fine,14,24,NaN,NaN,NaN,NaN,40727
20190611,43219,7.388,0,0,5256,13:05,Fine,16,25,NaN,NaN,NaN,NaN,40708
20190610,13102,2.240,0,0,2352,12:35,Fine,16,23,NaN,NaN,NaN,NaN,40686
20190609,7270,1.243,0,0,1812,09:50,Fine,18,21,NaN,NaN,NaN,NaN,40662
20190608,33132,5.664,0,0,5640,13:25,Fine,18,27,NaN,NaN,NaN,NaN,40636
20190607,17223,2.944,0,0,2532,11:20,Fine,20,25,NaN,NaN,NaN,NaN,40607
20190606,33792,5.776,0,0,4848,12:05,Fine,20,30,NaN,NaN,NaN,NaN,40576
20190605,21269,3.636,0,0,5052,12:05,Fine,15,25,NaN,NaN,NaN,NaN,40543
20190604,40381,6.903,0,0,5040,12:55,Fine,8,24,NaN,NaN,NaN,NaN,40508
20190603,42675,7.295,0,0,5304,12:50,Fine,11,22,NaN,NaN,NaN,NaN,40470
20190602,27136,4.639,0,0,4968,12:25,Fine,15,28,NaN,NaN,NaN,NaN,40430
20190601,36779,6.287,0,0,4932,13:20,Fine,17,28,NaN,NaN,NaN,NaN,40388
20190531,33129,5.663,0,0,5220,13:55,Fine,17,28,NaN,NaN,NaN,NaN,40343
20190530,23279,3.979,0,0,4584,12:40,Fine,19,30,NaN,NaN,NaN,NaN,40296
20190529,33716,5.763,0,0,4872,13:40,Fine,20,32,NaN,NaN,NaN,NaN,40246
20190528,35220,6.021,0,0,4920,12:55,Fine,19,32,NaN,NaN,NaN,NaN,40195
20190527,35398,6.051,0,0,4824,13:25,Fine,19,28,NaN,NaN,NaN,NaN,40140
20190526,28876,4.936,0,0,4980,14:20,Fine,18,30,NaN,NaN,NaN,NaN,40083
20190525,22760,3.891,0,0,5040,12:35,Fine,17,28,NaN,NaN,NaN,NaN,40024
20190524,39881,6.817,0,0,5208,13:10,Fine,20,28,NaN,NaN,NaN,NaN,39962
20190523,31657,5.411,0,0,5004,12:55,Fine,15,30,NaN,NaN,NaN,NaN,39898
20190522,33118,5.661,0,0,5136,14:05,Fine,10,22,NaN,NaN,NaN,NaN,39831
20190521,40730,6.962,0,0,NaN,NaN,Fine,NaN,NaN,NaN,NaN,NaN,NaN,39761
20190520,33386,5.707,0,0,5148,13:50,Fine,21,30,NaN,NaN,NaN,NaN,39689
20190519,33543,5.734,0,0,4908,14:05,Fine,26,31,NaN,NaN,NaN,NaN,39614
20190518,30681,5.245,0,0,5112,12:35,Fine,NaN,NaN,NaN,NaN,NaN,NaN,39536
20190517,28830,4.928,0,0,NaN,NaN,Fine,NaN,NaN,NaN,NaN,NaN,NaN,39456
20190516,32350,5.530,0,0,NaN,NaN,Fine,NaN,NaN,NaN,NaN,NaN,NaN,39374
20190515,36660,6.267,0,0,NaN,NaN,Fine,NaN,NaN,NaN,NaN,NaN,NaN,39289
20190514,27870,4.764,0,0,NaN,NaN,Fine,NaN,NaN,NaN,NaN,NaN,NaN,39201
20190513,17840,3.050,0,0,NaN,NaN,Fine,NaN,NaN,NaN,NaN,NaN,NaN,39110
20190512,6670,1.140,0,0,NaN,NaN,Fine,NaN,NaN,NaN,NaN,NaN,NaN,39017
20190511,17180,2.937,0,0,NaN,NaN,Fine,NaN,NaN,NaN,NaN,NaN,NaN,38921
20190510,28020,4.790,0,0,NaN,NaN,Fine,NaN,NaN,NaN,NaN,NaN,NaN,38821
20190509,23750,4.060,0,0,NaN,NaN,Fine,NaN,NaN,NaN,NaN,NaN,NaN,38720
20190508,16230,2.774,0,0,NaN,NaN,Fine,NaN,NaN,NaN,NaN,NaN,NaN,38615
20190507,37200,6.359,0,0,NaN,NaN,Fine,NaN,NaN,NaN,NaN,NaN,NaN,38508
20190506,36120,6.174,0,0,NaN,NaN,Fine,NaN,NaN,NaN,NaN,NaN,NaN,38398
20190505,6560,1.121,0,0,NaN,NaN,Fine,NaN,NaN,NaN,NaN,NaN,NaN,38285
20190504,20710,3.540,0,0,NaN,NaN,Fine,NaN,NaN,NaN,NaN,NaN,NaN,38169
20190503,30650,5.239,0,0,NaN,NaN,Fine,NaN,NaN,NaN,NaN,NaN,NaN,38051
20190502,29250,5.000,0,0,NaN,NaN,Fine,NaN,NaN,NaN,NaN,NaN,NaN,37929
20190501,10400,1.778,0,0,NaN,NaN,Fine,NaN,NaN,NaN,NaN,NaN,NaN,37804
20190430,32060,5.480,0,0,NaN,NaN,Fine,NaN,NaN,NaN,NaN,NaN,NaN,37677
20190429,26810,4.583,0,0,NaN,NaN,Fine,NaN,NaN,NaN,NaN,NaN,NaN,37547
20190428,33360,5.703,20,0,5870,14:30,Partly Cloudy,NaN,NaN,NaN,NaN,NaN,NaN,37414
20190427,42670,7.294,0,0,NaN,NaN,Fine,NaN,NaN,NaN,NaN,NaN,NaN,37279
20190426,14830,2.535,0,0,NaN,NaN,Fine,NaN,NaN,NaN,NaN,NaN,NaN,37140
20190425,22760,3.891,0,0,NaN,NaN,Fine,NaN,NaN,NaN,NaN,NaN,NaN,36998
20190424,24570,4.200,0,0,NaN,NaN,Fine,NaN,NaN,NaN,NaN,NaN,NaN,36853
20190423,37910,6.480,0,0,NaN,NaN,Fine,NaN,NaN,NaN,NaN,NaN,NaN,36706
20190422,35170,6.012,0,0,NaN,NaN,Fine,NaN,NaN,NaN,NaN,NaN,NaN,36556
20190421,32120,5.491,0,0,NaN,NaN,Fine,NaN,NaN,NaN,NaN,NaN,NaN,36404
20190420,38790,6.631,0,0,NaN,NaN,Fine,NaN,NaN,NaN,NaN,NaN,NaN,36248
