Date,Energy Generated,Efficiency,Energy Exported,Energy Used,Peak Power,Peak Time,Condition,Min. Temperature,Max. Temperature,Peak Energy Import,Off-Peak Energy Import,Shoulder Energy Import,High-Shoulder Energy Import,Insolation
20210810,48782,3.211,0,0,12153,12:25,Partly Cloudy,21,32,NaN,NaN,NaN,NaN,88697
20210809,69464,4.573,0,0,12125,13:10,Partly Cloudy,19,31,NaN,NaN,NaN,NaN,88698
20210808,78290,5.154,0,0,11492,12:55,Fine,15,31,NaN,NaN,NaN,NaN,88696
20210807,40425,2.661,0,0,10206,10:25,Mostly Cloudy,16,25,NaN,NaN,NaN,NaN,88690
20210806,76117,5.011,0,0,12104,12:30,Fine,15,30,NaN,NaN,NaN,NaN,88682
20210805,81280,5.351,0,0,12041,12:35,Fine,13,28,NaN,NaN,NaN,NaN,88670
20210804,64341,4.236,0,0,12389,12:15,Partly Cloudy,15,26,NaN,NaN,NaN,NaN,88655
20210803,51189,3.370,0,0,11571,14:25,Mostly Cloudy,14,26,NaN,NaN,NaN,NaN,88637
20210802,76825,5.058,0,0,13222,13:20,Fine,12,26,NaN,NaN,NaN,NaN,88617
20210801,35867,2.361,0,0,10875,15:05,Cloudy,17,25,NaN,NaN,NaN,NaN,88594
20210731,64085,4.219,0,0,12287,14:00,Partly Cloudy,14,26,NaN,NaN,NaN,NaN,88569
20210730,70836,4.663,0,0,12549,12:40,Partly Cloudy,21,30,NaN,NaN,NaN,NaN,88542
20210729,55284,3.639,0,0,10916,11:30,Mostly Cloudy,20,28,NaN,NaN,NaN,NaN,88513
20210728,83505,5.497,0,0,11905,13:30,Fine,21,31,NaN,NaN,NaN,NaN,88483
20210727,83122,5.472,0,0,11931,12:35,Fine,19,32,NaN,NaN,NaN,NaN,88451
20210726,60717,3.997,0,0,11569,13:40,Mostly Cloudy,21,32,NaN,NaN,NaN,NaN,88417
20210725,72173,4.751,0,0,11398,14:55,Partly Cloudy,21,31,NaN,NaN,NaN,NaN,88382
20210724,62149,4.091,0,0,13089,12:05,Partly Cloudy,14,28,NaN,NaN,NaN,NaN,88346
20210723,72950,4.803,0,0,11869,13:30,Partly Cloudy,15,27,NaN,NaN,NaN,NaN,88309
20210722,81688,5.378,0,0,12710,13:55,Fine,15,27,NaN,NaN,NaN,NaN,88272
20210721,61715,4.063,0,0,12364,14:30,Partly Cloudy,18,29,NaN,NaN,NaN,NaN,88233
20210720,75526,4.972,0,0,10844,13:00,Partly Cloudy,24,30,NaN,NaN,NaN,NaN,88195
20210719,69832,4.597,0,0,11075,12:20,Partly Cloudy,17,30,NaN,NaN,NaN,NaN,88156
20210718,60059,3.954,0,0,13601,12:30,Mostly Cloudy,18,25,NaN,NaN,NaN,NaN,88117
20210717,50553,3.328,0,0,12521,12:40,Mostly Cloudy,21,32,NaN,NaN,NaN,NaN,88078
20210716,74832,4.926,0,0,11588,13:15,Partly Cloudy,19,32,NaN,NaN,NaN,NaN,88039
20210715,78373,5.160,0,0,11325,12:40,Fine,18,32,NaN,NaN,NaN,NaN,88001
20210714,74386,4.897,0,0,12287,12:40,Partly Cloudy,20,31,NaN,NaN,NaN,NaN,87963
20210713,83132,5.473,0,0,12080,12:30,Fine,21,32,NaN,NaN,NaN,NaN,87925
20210712,77253,5.086,0,0,12003,13:55,Fine,22,32,NaN,NaN,NaN,NaN,87888
20210711,63661,4.191,0,0,13230,12:35,Partly Cloudy,20,31,NaN,NaN,NaN,NaN,87852
20210710,65350,4.302,0,0,12348,12:50,Partly Cloudy,17,27,NaN,NaN,NaN,NaN,87817
20210709,60762,4.000,0,0,12995,13:05,Partly Cloudy,20,30,NaN,NaN,NaN,NaN,87784
20210708,45399,2.989,0,0,12444,11:50,Mostly Cloudy,21,30,NaN,NaN,NaN,NaN,87751
20210707,70547,4.644,0,0,11278,13:55,Partly Cloudy,20,33,NaN,NaN,NaN,NaN,87719
20210706,57670,3.797,0,0,10902,12:50,Mostly Cloudy,18,32,NaN,NaN,NaN,NaN,87689
20210705,74266,4.889,0,0,12363,13:15,Partly Cloudy,16,31,NaN,NaN,NaN,NaN,87661
20210704,76602,5.043,0,0,13053,13:25,Fine,13,28,NaN,NaN,NaN,NaN,87634
20210703,63059,4.151,0,0,13405,14:30,Partly Cloudy,13,24,NaN,NaN,NaN,NaN,87609
20210702,54809,3.608,0,0,13598,14:25,Mostly Cloudy,19,26,NaN,NaN,NaN,NaN,87585
20210701,35281,2.323,0,0,13414,14:00,Cloudy,20,28,NaN,NaN,NaN,NaN,87564
20210630,71658,4.717,0,0,12141,13:25,Partly Cloudy,20,34,NaN,NaN,NaN,NaN,87545
20210629,76297,5.023,0,0,12179,13:05,Fine,21,33,NaN,NaN,NaN,NaN,87527
20210628,69693,4.588,0,0,12078,13:45,Partly Cloudy,22,32,NaN,NaN,NaN,NaN,87512
20210627,64337,4.235,0,0,12752,12:25,Partly Cloudy,21,31,NaN,NaN,NaN,NaN,87498
20210626,56391,3.712,0,0,12971,13:05,Mostly Cloudy,20,28,NaN,NaN,NaN,NaN,87487
20210625,82076,5.403,0,0,12354,11:30,Fine,10,26,NaN,NaN,NaN,NaN,87478
20210624,107890,7.103,0,0,12837,13:40,Fine,9,25,NaN,NaN,NaN,NaN,87471
20210623,81030,5.334,0,0,12662,14:20,Fine,8,23,NaN,NaN,NaN,NaN,87466
20210622,20973,1.381,0,0,4401,18:00,Cloudy,17,20,NaN,NaN,NaN,NaN,87464
20210621,64610,4.253,0,0,12530,13:25,Partly Cloudy,20,32,NaN,NaN,NaN,NaN,87465
20210620,68340,4.499,0,0,11928,12:55,Partly Cloudy,18,32,NaN,NaN,NaN,NaN,87467
20210619,32932,2.168,0,0,12530,11:45,Cloudy,21,28,NaN,NaN,NaN,NaN,87472
20210618,81718,5.380,0,0,12169,12:40,Fine,9,27,NaN,NaN,NaN,NaN,87479
20210617,75150,4.947,0,0,12282,12:55,Partly Cloudy,12,25,NaN,NaN,NaN,NaN,87488
20210616,88229,5.808,0,0,12240,12:50,Fine,15,25,NaN,NaN,NaN,NaN,87499
20210615,61617,4.056,0,0,13310,13:15,Partly Cloudy,16,25,NaN,NaN,NaN,NaN,87513
20210614,60479,3.982,0,0,13186,12:10,Mostly Cloudy,18,30,NaN,NaN,NaN,NaN,87529
20210613,37612,2.476,0,0,10151,12:35,Cloudy,16,24,NaN,NaN,NaN,NaN,87546
20210612,33948,2.235,0,0,9156,16:40,Cloudy,15,23,NaN,NaN,NaN,NaN,87566
20210611,14957,0.985,0,0,3011,13:50,Showers,17,18,NaN,NaN,NaN,NaN,87588
20210610,43155,2.841,0,0,12276,11:35,Mostly Cloudy,19,29,NaN,NaN,NaN,NaN,87612
20210609,44138,2.906,0,0,11802,14:45,Mostly Cloudy,22,28,NaN,NaN,NaN,NaN,87638
20210608,61717,4.063,0,0,13093,14:10,Partly Cloudy,21,31,NaN,NaN,NaN,NaN,87667
20210607,74428,4.900,0,0,12725,12:35,Partly Cloudy,20,31,NaN,NaN,NaN,NaN,87697
20210606,77587,5.108,0,0,11882,14:15,Fine,16,32,NaN,NaN,NaN,NaN,87729
20210605,81701,5.379,0,0,11612,13:15,Fine,16,32,NaN,NaN,NaN,NaN,87762
20210604,68400,4.503,0,0,13008,12:35,Partly Cloudy,18,28,NaN,NaN,NaN,NaN,87797
20210603,38283,2.520,0,0,11280,12:20,Mostly Cloudy,18,26,NaN,NaN,NaN,NaN,87833
20210602,61982,4.080,0,0,12746,14:25,Partly Cloudy,16,26,NaN,NaN,NaN,NaN,87871
20210601,70679,4.653,0,0,12478,12:50,Partly Cloudy,9,23,NaN,NaN,NaN,NaN,87910
20210531,86740,5.710,0,0,13296,13:05,Fine,6,22,NaN,NaN,NaN,NaN,87950
20210530,23845,1.570,0,0,4638,13:45,Cloudy,8,11,NaN,NaN,NaN,NaN,87990
20210529,17525,1.154,0,0,5785,13:20,Cloudy,9,12,NaN,NaN,NaN,NaN,88032
20210528,32403,2.133,0,0,11099,10:50,Cloudy,16,21,NaN,NaN,NaN,NaN,88075
20210527,77893,5.128,0,0,12948,12:45,Fine,16,27,NaN,NaN,NaN,NaN,88118
20210526,65125,4.287,0,0,11411,12:30,Partly Cloudy,17,31,NaN,NaN,NaN,NaN,88162
20210525,60438,3.979,0,0,13224,13:25,Mostly Cloudy,12,25,NaN,NaN,NaN,NaN,88206
20210524,17394,1.145,0,0,4181,15:35,Cloudy,12,21,NaN,NaN,NaN,NaN,88250
20210523,75195,4.950,0,0,12392,12:55,Partly Cloudy,21,31,NaN,NaN,NaN,NaN,88294
20210522,65240,4.295,0,0,12501,12:10,Partly Cloudy,11,29,NaN,NaN,NaN,NaN,88338
20210521,78593,5.174,0,0,11997,12:35,Fine,8,28,NaN,NaN,NaN,NaN,88382
20210520,78866,5.192,0,0,11660,12:50,Fine,12,31,NaN,NaN,NaN,NaN,88426
20210519,84070,5.535,0,0,12112,12:40,Fine,8,28,NaN,NaN,NaN,NaN,88469
20210518,87200,5.741,0,0,12701,12:40,Fine,7,25,NaN,NaN,NaN,NaN,88511
20210517,68494,4.509,0,0,12406,13:05,Partly Cloudy,7,22,NaN,NaN,NaN,NaN,88552
20210516,40365,2.657,0,0,12984,11:55,Mostly Cloudy,6,21,NaN,NaN,NaN,NaN,88592
20210515,62619,4.122,0,0,12554,11:20,Partly Cloudy,5,23,NaN,NaN,NaN,NaN,88631
20210514,57725,3.800,0,0,12532,15:00,Mostly Cloudy,6,22,NaN,NaN,NaN,NaN,88669
20210513,78366,5.159,0,0,13578,13:20,Fine,5,20,NaN,NaN,NaN,NaN,88704
20210512,79029,5.203,0,0,13420,13:35,Fine,7,19,NaN,NaN,NaN,NaN,88739
20210511,75103,4.944,0,0,13292,12:00,Partly Cloudy,6,18,NaN,NaN,NaN,NaN,88771
20210510,81822,5.387,0,0,13601,14:10,Fine,9,17,NaN,NaN,NaN,NaN,88801
20210509,36181,2.382,0,0,11988,14:20,Cloudy,5,17,NaN,NaN,NaN,NaN,88828
20210508,53456,3.519,0,0,13595,13:10,Mostly Cloudy,2,13,NaN,NaN,NaN,NaN,88854
20210507,38708,2.548,0,0,7176,10:05,Mostly Cloudy,3,16,NaN,NaN,NaN,NaN,88876
20210506,82395,5.424,0,0,13404,11:50,Fine,5,17,NaN,NaN,NaN,NaN,88896
20210505,56837,3.742,0,0,13541,12:50,Mostly Cloudy,14,23,NaN,NaN,NaN,NaN,88913
20210504,57692,3.798,0,0,12182,11:45,Mostly Cloudy,17,27,NaN,NaN,NaN,NaN,88926
20210503,28092,1.849,0,0,9994,11:40,Cloudy,15,22,NaN,NaN,NaN,NaN,88936
20210502,75113,4.945,0,0,12841,12:20,Partly Cloudy,13,28,NaN,NaN,NaN,NaN,88943
20210501,84064,5.534,0,0,12942,12:30,Fine,6,18,NaN,NaN,NaN,NaN,88946
20210430,71258,4.691,0,0,13590,12:40,Partly Cloudy,10,20,NaN,NaN,NaN,NaN,88945
20210429,29763,1.959,0,0,6545,09:50,Cloudy,17,26,NaN,NaN,NaN,NaN,88939
20210428,69681,4.587,0,0,12371,13:00,Partly Cloudy,14,29,NaN,NaN,NaN,NaN,88930
20210427,76056,5.007,0,0,12413,12:55,Fine,6,28,NaN,NaN,NaN,NaN,88916
20210426,96726,6.368,0,0,12835,12:15,Fine,1,19,NaN,NaN,NaN,NaN,88897
20210425,45628,3.004,0,0,13590,12:40,Mostly Cloudy,8,17,NaN,NaN,NaN,NaN,88873
20210424,54682,3.600,0,0,10532,10:45,Mostly Cloudy,1,17,NaN,NaN,NaN,NaN,88845
20210423,86802,5.714,0,0,13081,13:30,Fine,-1,16,NaN,NaN,NaN,NaN,88811
20210422,59355,3.908,0,0,13597,11:35,Mostly Cloudy,0,8,NaN,NaN,NaN,NaN,88772
20210421,61004,4.016,0,0,13577,13:50,Partly Cloudy,5,16,NaN,NaN,NaN,NaN,88727
20210420,94603,6.228,0,0,12687,12:05,Fine,4,23,NaN,NaN,NaN,NaN,88677
20210419,46846,3.084,0,0,12776,12:40,Mostly Cloudy,6,17,NaN,NaN,NaN,NaN,88621
20210418,77949,5.132,0,0,13259,14:10,Fine,3,17,NaN,NaN,NaN,NaN,88559
20210417,54618,3.596,0,0,13301,13:50,Mostly Cloudy,3,13,NaN,NaN,NaN,NaN,88490
20210416,59054,3.888,0,0,13606,13:15,Mostly Cloudy,5,13,NaN,NaN,NaN,NaN,88416
20210415,76528,5.038,0,0,13579,12:50,Fine,9,16,NaN,NaN,NaN,NaN,88335
20210414,17996,1.185,0,0,3879,11:50,Cloudy,7,14,NaN,NaN,NaN,NaN,88248
20210413,57492,3.785,0,0,13609,14:15,Mostly Cloudy,8,19,NaN,NaN,NaN,NaN,88154
20210412,31344,2.063,0,0,13321,11:55,Cloudy,8,16,NaN,NaN,NaN,NaN,88053
20210411,71599,4.714,0,0,13515,11:15,Partly Cloudy,14,25,NaN,NaN,NaN,NaN,87945
20210410,36320,2.391,0,0,11121,14:55,Cloudy,11,20,NaN,NaN,NaN,NaN,87830
20210409,11120,0.732,0,0,2606,12:30,Showers,10,12,NaN,NaN,NaN,NaN,87708
20210408,83477,5.496,0,0,13294,13:35,Fine,10,21,NaN,NaN,NaN,NaN,87579
20210407,79428,5.229,0,0,11850,13:00,Fine,7,26,NaN,NaN,NaN,NaN,87442
20210406,70994,4.674,0,0,12375,12:50,Partly Cloudy,8,24,NaN,NaN,NaN,NaN,87297
20210405,91571,6.028,0,0,12573,12:30,Fine,3,22,NaN,NaN,NaN,NaN,87145
20210404,77822,5.123,0,0,12594,12:40,Fine,4,21,NaN,NaN,NaN,NaN,86986
20210403,79360,5.224,0,0,13179,14:00,Fine,NaN,NaN,NaN,NaN,NaN,NaN,86819
20210402,89691,5.905,0,0,13528,12:50,Fine,NaN,NaN,NaN,NaN,NaN,NaN,86644
20210401,28839,1.899,0,0,9691,15:30,Cloudy,NaN,NaN,NaN,NaN,NaN,NaN,86460
20210331,10109,0.666,0,0,2756,09:00,Showers,NaN,NaN,NaN,NaN,NaN,NaN,86269
20210330,87791,5.780,0,0,12898,12:45,Fine,0,11,NaN,NaN,NaN,NaN,86070
20210329,90522,5.959,0,0,13283,10:55,Fine,2,13,NaN,NaN,NaN,NaN,85863
20210328,10404,0.685,0,0,2904,14:40,Showers,11,19,NaN,NaN,NaN,NaN,85648
20210327,61421,4.044,0,0,12575,12:15,Partly Cloudy,5,21,NaN,NaN,NaN,NaN,85425
20210326,79951,5.263,0,0,12686,12:45,Fine,17,25,NaN,NaN,NaN,NaN,85193
20210325,18890,1.244,0,0,4535,12:55,Cloudy,12,16,NaN,NaN,NaN,NaN,84954
20210324,8189,0.539,0,0,2163,14:20,Showers,11,13,NaN,NaN,NaN,NaN,84706
20210323,65151,4.289,0,0,13603,13:30,Partly Cloudy,3,18,NaN,NaN,NaN,NaN,84450
20210322,87526,5.762,0,0,12707,12:45,Fine,-2,17,NaN,NaN,NaN,NaN,84186
20210321,90249,5.941,0,0,12758,13:15,Fine,-1,17,NaN,NaN,NaN,NaN,83914
20210320,86571,5.699,0,0,12756,12:20,Fine,-3,13,NaN,NaN,NaN,NaN,83634
20210319,83701,5.510,0,0,13396,12:00,Fine,0,8,NaN,NaN,NaN,NaN,83346
20210318,5464,0.360,0,0,2057,14:45,Showers,7,10,NaN,NaN,NaN,NaN,83050
20210317,12872,0.847,0,0,2579,14:50,Showers,3,8,NaN,NaN,NaN,NaN,82746
20210316,13739,0.904,0,0,4567,10:20,Showers,2,5,NaN,NaN,NaN,NaN,82435
20210315,78152,5.145,0,0,13066,12:10,Fine,-4,7,NaN,NaN,NaN,NaN,82115
20210314,87075,5.732,0,0,12859,13:00,Fine,5,15,NaN,NaN,NaN,NaN,81788
20210313,80848,5.322,0,0,13091,11:40,Fine,4,13,NaN,NaN,NaN,NaN,81453
20210312,43981,2.895,0,0,12404,12:30,Mostly Cloudy,11,20,NaN,NaN,NaN,NaN,81111
20210311,79182,5.213,0,0,12458,12:05,Fine,4,25,NaN,NaN,NaN,NaN,80762
20210310,80773,5.318,0,0,12521,12:00,Fine,6,21,NaN,NaN,NaN,NaN,80405
20210309,58399,3.845,0,0,13255,12:40,Mostly Cloudy,0,20,NaN,NaN,NaN,NaN,80042
20210308,82534,5.433,0,0,12862,12:15,Fine,-6,11,NaN,NaN,NaN,NaN,79671
20210307,85065,5.600,0,0,12948,12:05,Fine,-7,6,NaN,NaN,NaN,NaN,79294
20210306,70859,4.665,0,0,13602,12:55,Partly Cloudy,-1,5,NaN,NaN,NaN,NaN,78911
20210305,85421,5.624,0,0,13134,11:40,Fine,-5,3,NaN,NaN,NaN,NaN,78520
20210304,67523,4.445,0,0,12923,12:15,Partly Cloudy,0,9,NaN,NaN,NaN,NaN,78124
20210303,83661,5.508,0,0,12868,11:40,Fine,-5,14,NaN,NaN,NaN,NaN,77722
20210302,85140,5.605,0,0,12990,11:50,Fine,-3,5,NaN,NaN,NaN,NaN,77314
20210301,15747,1.037,0,0,7967,15:55,Cloudy,5,9,NaN,NaN,NaN,NaN,76901
20210228,3564,0.235,0,0,954,14:25,Showers,5,6,NaN,NaN,NaN,NaN,76482
20210227,31377,2.066,0,0,8421,14:00,Cloudy,1,12,NaN,NaN,NaN,NaN,76058
20210226,49134,3.235,0,0,11095,11:25,Mostly Cloudy,2,8,NaN,NaN,NaN,NaN,75630
20210225,82065,5.403,0,0,12754,11:40,Fine,0,13,NaN,NaN,NaN,NaN,75197
20210224,84561,5.567,0,0,12759,12:00,Fine,-1,16,NaN,NaN,NaN,NaN,74759
20210223,54211,3.569,0,0,12294,13:15,Mostly Cloudy,-2,11,NaN,NaN,NaN,NaN,74318
20210222,6056,0.399,0,0,2312,12:55,Showers,-1,1,NaN,NaN,NaN,NaN,73872
20210221,80365,5.291,0,0,12776,11:35,Fine,-8,2,NaN,NaN,NaN,NaN,73423
20210220,72144,4.749,0,0,13246,12:20,Partly Cloudy,-5,-1,NaN,NaN,NaN,NaN,72972
20210219,21981,1.447,0,0,9071,15:05,Cloudy,-2,2,NaN,NaN,NaN,NaN,72517
20210218,5386,0.355,0,0,2581,11:30,Showers,-4,-2,NaN,NaN,NaN,NaN,72059
20210217,75683,4.982,0,0,13441,12:45,Partly Cloudy,-5,0,NaN,NaN,NaN,NaN,71599
20210216,26608,1.752,0,0,13617,12:20,Cloudy,0,7,NaN,NaN,NaN,NaN,71138
20210215,9834,0.647,0,0,3042,10:55,Showers,0,1,NaN,NaN,NaN,NaN,70675
20210214,14543,0.957,0,0,5087,12:40,Showers,-4,1,NaN,NaN,NaN,NaN,70210
20210213,5939,0.391,0,0,1205,14:00,Showers,-3,-2,NaN,NaN,NaN,NaN,69744
20210212,9728,0.640,0,0,1909,13:05,Showers,-4,-2,NaN,NaN,NaN,NaN,69278
20210211,3143,0.207,0,0,790,14:45,Showers,-1,0,NaN,NaN,NaN,NaN,68812
20210210,44120,2.905,0,0,13132,11:10,Mostly Cloudy,-1,4,NaN,NaN,NaN,NaN,68345
20210209,37890,2.494,0,0,11992,12:40,Cloudy,-2,6,NaN,NaN,NaN,NaN,67879
20210208,72270,4.758,0,0,12281,12:10,Partly Cloudy,-7,2,NaN,NaN,NaN,NaN,67414
20210207,18044,1.188,0,0,7453,14:55,Cloudy,-2,3,NaN,NaN,NaN,NaN,66950
20210206,26019,1.713,0,0,7201,10:50,Cloudy,-1,6,NaN,NaN,NaN,NaN,66487
20210205,66159,4.355,0,0,12260,13:50,Partly Cloudy,2,10,NaN,NaN,NaN,NaN,66027
20210204,70832,4.663,0,0,11787,12:10,Partly Cloudy,-3,6,NaN,NaN,NaN,NaN,65568
20210203,25120,1.654,0,0,8530,14:30,Cloudy,-1,5,NaN,NaN,NaN,NaN,65113
20210202,16243,1.069,0,0,4593,13:20,Cloudy,-2,1,NaN,NaN,NaN,NaN,64660
20210201,1,0.000,0,0,13,15:05,Showers,-4,-1,NaN,NaN,NaN,NaN,64211
20210131,60,0.004,0,0,132,13:15,Showers,-3,-1,NaN,NaN,NaN,NaN,63765
20210130,70102,4.615,0,0,12380,11:55,Partly Cloudy,-8,2,NaN,NaN,NaN,NaN,63324
20210129,35407,2.331,0,0,13570,11:35,Cloudy,-5,-1,NaN,NaN,NaN,NaN,62888
20210128,70821,4.662,0,0,12460,11:45,Partly Cloudy,-4,0,NaN,NaN,NaN,NaN,62456
20210127,27012,1.778,0,0,11997,13:15,Cloudy,1,4,NaN,NaN,NaN,NaN,62030
20210126,3998,0.263,0,0,1750,14:40,Showers,-1,0,NaN,NaN,NaN,NaN,61609
20210125,5562,0.366,0,0,2028,13:05,Showers,-1,1,NaN,NaN,NaN,NaN,61195
20210124,44275,2.915,0,0,12247,11:45,Mostly Cloudy,-7,1,NaN,NaN,NaN,NaN,60787
20210123,65489,4.311,0,0,12371,11:45,Partly Cloudy,-5,1,NaN,NaN,NaN,NaN,60385
20210122,33068,2.177,0,0,12617,12:10,Cloudy,-3,6,NaN,NaN,NaN,NaN,59992
20210121,62752,4.131,0,0,12182,11:45,Partly Cloudy,-4,10,NaN,NaN,NaN,NaN,59605
20210120,62163,4.092,0,0,13196,11:55,Partly Cloudy,-5,5,NaN,NaN,NaN,NaN,59227
20210119,47505,3.127,0,0,13009,12:10,Mostly Cloudy,-1,8,NaN,NaN,NaN,NaN,58857
20210118,35645,2.347,0,0,10010,10:20,Cloudy,-1,6,NaN,NaN,NaN,NaN,58496
20210117,25958,1.709,0,0,11444,14:05,Cloudy,0,7,NaN,NaN,NaN,NaN,58144
20210116,41692,2.745,0,0,11290,13:00,Mostly Cloudy,0,6,NaN,NaN,NaN,NaN,57801
20210115,24338,1.602,0,0,12257,12:10,Cloudy,0,8,NaN,NaN,NaN,NaN,57468
20210114,52144,3.433,0,0,11062,12:35,Mostly Cloudy,-1,11,NaN,NaN,NaN,NaN,57145
20210113,55811,3.674,0,0,11465,12:05,Mostly Cloudy,-5,9,NaN,NaN,NaN,NaN,56833
20210112,66391,4.371,0,0,11764,11:45,Partly Cloudy,-6,7,NaN,NaN,NaN,NaN,56531
20210111,15622,1.028,0,0,4052,14:45,Cloudy,-3,5,NaN,NaN,NaN,NaN,56240
20210110,61075,4.021,0,0,11687,11:45,Partly Cloudy,-1,8,NaN,NaN,NaN,NaN,55961
20210109,63269,4.165,0,0,11884,12:10,Partly Cloudy,-2,7,NaN,NaN,NaN,NaN,55693
20210108,13223,0.871,0,0,3393,13:45,Showers,-2,1,NaN,NaN,NaN,NaN,55437
20210107,63337,4.170,0,0,11495,12:00,Partly Cloudy,-1,6,NaN,NaN,NaN,NaN,55193
20210106,8540,0.562,0,0,2694,10:45,Showers,2,3,NaN,NaN,NaN,NaN,54961
20210105,5548,0.365,0,0,1453,13:40,Showers,2,3,NaN,NaN,NaN,NaN,54742
20210104,13496,0.888,0,0,4869,11:00,Showers,-1,5,NaN,NaN,NaN,NaN,54536
20210103,2951,0.194,0,0,1118,15:40,Showers,1,2,NaN,NaN,NaN,NaN,54343
20210102,32802,2.159,0,0,9259,10:50,Cloudy,1,11,NaN,NaN,NaN,NaN,54163
20210101,2744,0.181,0,0,980,12:35,Showers,-2,1,NaN,NaN,NaN,NaN,53997
20201231,7619,0.502,0,0,3072,11:45,Showers,0,8,NaN,NaN,NaN,NaN,53844
20201230,41691,2.745,0,0,11744,12:55,Mostly Cloudy,-2,5,NaN,NaN,NaN,NaN,53705
20201229,60016,3.951,0,0,11749,12:10,Mostly Cloudy,-3,3,NaN,NaN,NaN,NaN,53580
20201228,59275,3.902,0,0,11108,11:50,Mostly Cloudy,1,12,NaN,NaN,NaN,NaN,53469
20201227,56297,3.706,0,0,11454,12:00,Mostly Cloudy,-7,4,NaN,NaN,NaN,NaN,53372
20201226,41689,2.745,0,0,12371,11:50,Mostly Cloudy,-6,-1,NaN,NaN,NaN,NaN,53290
20201225,15793,1.040,0,0,12409,12:55,Cloudy,-3,1,NaN,NaN,NaN,NaN,53222
20201224,1952,0.129,0,0,938,13:30,Showers,5,14,NaN,NaN,NaN,NaN,53168
20201223,40462,2.664,0,0,11287,11:10,Mostly Cloudy,-3,7,NaN,NaN,NaN,NaN,53129
20201222,37811,2.489,0,0,11907,12:25,Cloudy,0,7,NaN,NaN,NaN,NaN,53104
20201221,22775,1.499,0,0,10027,13:05,Cloudy,0,6,NaN,NaN,NaN,NaN,53094
20201220,26992,1.777,0,0,9606,11:15,Cloudy,-1,6,NaN,NaN,NaN,NaN,53099
20201219,20823,1.371,0,0,4850,13:15,Cloudy,-8,1,NaN,NaN,NaN,NaN,53118
20201218,13284,0.875,0,0,8276,13:55,Showers,-3,1,NaN,NaN,NaN,NaN,53151
20201217,38158,2.512,0,0,10434,12:50,Mostly Cloudy,-5,1,NaN,NaN,NaN,NaN,53199
20201216,941,0.062,0,0,696,09:50,Showers,-2,0,NaN,NaN,NaN,NaN,53262
20201215,46284,3.047,0,0,11180,11:50,Mostly Cloudy,-4,3,NaN,NaN,NaN,NaN,53339
20201214,4556,0.300,0,0,7403,14:55,Showers,0,3,NaN,NaN,NaN,NaN,53430
20201213,39824,2.622,0,0,12114,12:00,Mostly Cloudy,2,16,NaN,NaN,NaN,NaN,53535
20201212,25289,1.665,0,0,11022,12:55,Cloudy,2,17,NaN,NaN,NaN,NaN,53655
20201211,53225,3.504,0,0,10840,11:55,Mostly Cloudy,-1,15,NaN,NaN,NaN,NaN,53788
20201210,52063,3.427,0,0,10645,11:35,Mostly Cloudy,-3,11,NaN,NaN,NaN,NaN,53935
20201209,22512,1.482,0,0,10205,13:50,Cloudy,-1,6,NaN,NaN,NaN,NaN,54096
20201208,55706,3.667,0,0,11725,11:55,Mostly Cloudy,-1,6,NaN,NaN,NaN,NaN,54270
20201207,45706,3.009,0,0,11883,12:25,Mostly Cloudy,-3,3,NaN,NaN,NaN,NaN,54457
20201206,59577,3.922,0,0,12163,11:10,Mostly Cloudy,0,5,NaN,NaN,NaN,NaN,54658
20201205,13612,0.896,0,0,8939,11:55,Showers,5,7,NaN,NaN,NaN,NaN,54871
20201204,3149,0.207,0,0,1283,12:55,Showers,5,6,NaN,NaN,NaN,NaN,55097
20201203,51191,3.370,0,0,12180,11:45,Mostly Cloudy,-3,12,NaN,NaN,NaN,NaN,55336
20201202,50247,3.308,0,0,12598,11:20,Mostly Cloudy,2,7,NaN,NaN,NaN,NaN,55586
20201201,33381,2.198,0,0,12547,11:15,Cloudy,1,6,NaN,NaN,NaN,NaN,55849
20201130,4775,0.314,0,0,2735,13:30,Showers,8,16,NaN,NaN,NaN,NaN,56123
20201129,59074,3.889,0,0,11353,11:45,Mostly Cloudy,-2,13,NaN,NaN,NaN,NaN,56408
20201128,50800,3.344,0,0,11580,10:45,Mostly Cloudy,3,13,NaN,NaN,NaN,NaN,56705
20201127,7357,0.484,0,0,1956,14:55,Showers,9,13,NaN,NaN,NaN,NaN,57012
20201126,47952,3.157,0,0,10890,12:50,Mostly Cloudy,6,20,NaN,NaN,NaN,NaN,57330
20201125,35996,2.370,0,0,12009,11:10,Cloudy,3,13,NaN,NaN,NaN,NaN,57658
20201124,53591,3.528,0,0,11393,11:45,Mostly Cloudy,1,9,NaN,NaN,NaN,NaN,57995
20201123,54135,3.564,0,0,11970,11:20,Mostly Cloudy,5,13,NaN,NaN,NaN,NaN,58342
20201122,16637,1.095,0,0,8368,11:20,Cloudy,8,12,NaN,NaN,NaN,NaN,58697
20201121,14459,0.952,0,0,7891,13:25,Showers,11,18,NaN,NaN,NaN,NaN,59061
20201120,60829,4.005,0,0,11376,11:55,Partly Cloudy,0,18,NaN,NaN,NaN,NaN,59437
20201119,54728,3.603,0,0,12223,11:45,Mostly Cloudy,-5,11,NaN,NaN,NaN,NaN,59818
20201118,31759,2.091,0,0,12674,10:45,Cloudy,-3,4,NaN,NaN,NaN,NaN,60207
20201117,45372,2.987,0,0,12288,12:25,Mostly Cloudy,0,11,NaN,NaN,NaN,NaN,60603
20201116,63679,4.192,0,0,12034,11:35,Partly Cloudy,8,14,NaN,NaN,NaN,NaN,61005
20201115,8231,0.542,0,0,6705,11:15,Showers,5,18,NaN,NaN,NaN,NaN,61413
20201113,50735,3.340,0,0,11680,12:00,Mostly Cloudy,6,15,NaN,NaN,NaN,NaN,62256
20201112,2244,0.148,0,0,953,12:20,Showers,8,18,NaN,NaN,NaN,NaN,62682
20201111,2166,0.143,0,0,920,12:30,Showers,18,20,NaN,NaN,NaN,NaN,63114
20201110,44236,2.912,0,0,12567,12:20,Mostly Cloudy,8,23,NaN,NaN,NaN,NaN,63549
20201109,57257,3.769,0,0,11750,12:15,Mostly Cloudy,7,23,NaN,NaN,NaN,NaN,63987
20201108,59971,3.948,0,0,11036,11:55,Mostly Cloudy,5,24,NaN,NaN,NaN,NaN,64442
20201107,65932,4.340,0,0,11108,11:30,Partly Cloudy,5,24,NaN,NaN,NaN,NaN,64890
20201106,52808,3.476,0,0,11162,11:45,Mostly Cloudy,6,22,NaN,NaN,NaN,NaN,65341
20201105,57200,3.766,0,0,11825,11:15,Mostly Cloudy,2,20,NaN,NaN,NaN,NaN,65794
20201104,63194,4.160,0,0,11752,11:50,Partly Cloudy,1,20,NaN,NaN,NaN,NaN,66249
20201103,50526,3.326,0,0,12002,11:40,Mostly Cloudy,3,14,NaN,NaN,NaN,NaN,66719
20201102,68960,4.540,0,0,13170,11:05,Partly Cloudy,2,8,NaN,NaN,NaN,NaN,67180
20201101,6267,0.413,0,0,2245,13:20,Showers,6,11,NaN,NaN,NaN,NaN,65837
20201031,38918,2.562,0,0,13565,12:45,Mostly Cloudy,0,9,NaN,NaN,NaN,NaN,68103
20201030,23576,1.552,0,0,9182,09:55,Cloudy,7,10,NaN,NaN,NaN,NaN,68577
20201029,3743,0.246,0,0,1545,14:55,Showers,8,14,NaN,NaN,NaN,NaN,69041
20201028,18169,1.196,0,0,8368,14:15,Cloudy,15,20,NaN,NaN,NaN,NaN,69505
20201027,18192,1.198,0,0,10482,11:45,Cloudy,12,16,NaN,NaN,NaN,NaN,69968
20201026,15542,1.023,0,0,4247,15:30,Cloudy,7,15,NaN,NaN,NaN,NaN,70430
20201025,7427,0.489,0,0,2514,12:30,Showers,6,8,NaN,NaN,NaN,NaN,70903
20201024,17936,1.181,0,0,5739,10:20,Cloudy,12,20,NaN,NaN,NaN,NaN,71364
20201023,48062,3.164,0,0,11895,12:00,Mostly Cloudy,15,25,NaN,NaN,NaN,NaN,71823
20201022,51469,3.388,0,0,11403,11:45,Mostly Cloudy,14,26,NaN,NaN,NaN,NaN,72280
20201021,35040,2.307,0,0,11751,14:15,Cloudy,16,25,NaN,NaN,NaN,NaN,72744
20201020,56430,3.715,0,0,12340,12:25,Mostly Cloudy,11,24,NaN,NaN,NaN,NaN,73198
20201019,28944,1.905,0,0,8417,15:35,Cloudy,10,21,NaN,NaN,NaN,NaN,73648
20201018,63318,4.168,0,0,12682,13:50,Partly Cloudy,1,17,NaN,NaN,NaN,NaN,74094
20201017,75886,4.996,0,0,12242,12:05,Partly Cloudy,2,16,NaN,NaN,NaN,NaN,74545
20201016,14364,0.946,0,0,8277,15:10,Showers,11,16,NaN,NaN,NaN,NaN,74986
20201015,73418,4.833,0,0,12181,12:10,Partly Cloudy,10,22,NaN,NaN,NaN,NaN,75422
20201014,72926,4.801,0,0,12220,12:20,Partly Cloudy,4,22,NaN,NaN,NaN,NaN,75854
20201013,45906,3.022,0,0,12969,14:30,Mostly Cloudy,11,21,NaN,NaN,NaN,NaN,76287
20201012,7498,0.494,0,0,2197,11:55,Showers,12,16,NaN,NaN,NaN,NaN,76711
20201011,15355,1.011,0,0,5486,12:55,Cloudy,15,22,NaN,NaN,NaN,NaN,77129
20201010,33074,2.177,0,0,12108,13:15,Cloudy,11,22,NaN,NaN,NaN,NaN,77543
20201009,69037,4.545,0,0,12309,12:15,Partly Cloudy,4,20,NaN,NaN,NaN,NaN,77954
20201008,72263,4.757,0,0,12840,12:00,Partly Cloudy,8,20,NaN,NaN,NaN,NaN,78357
20201007,76509,5.037,0,0,12080,12:40,Fine,7,27,NaN,NaN,NaN,NaN,78755
20201006,113472,7.470,0,0,12364,12:30,Fine,3,21,NaN,NaN,NaN,NaN,79146
20201005,69760,4.592,0,0,13223,13:10,Partly Cloudy,10,19,NaN,NaN,NaN,NaN,79533
20201004,70465,4.639,0,0,11685,12:35,Partly Cloudy,4,20,NaN,NaN,NaN,NaN,79912
20201003,84202,5.543,0,0,12314,12:20,Fine,4,18,NaN,NaN,NaN,NaN,80284
20201002,70903,4.668,0,0,13047,14:00,Partly Cloudy,11,18,NaN,NaN,NaN,NaN,80650
20201001,36986,2.435,0,0,12137,13:45,Cloudy,10,20,NaN,NaN,NaN,NaN,81010
20200930,77402,5.096,0,0,13162,12:50,Fine,11,21,NaN,NaN,NaN,NaN,81363
20200929,21909,1.442,0,0,12399,14:05,Cloudy,12,23,NaN,NaN,NaN,NaN,81708
20200928,53481,3.521,0,0,12376,14:10,Mostly Cloudy,18,26,NaN,NaN,NaN,NaN,82046
20200927,30865,2.032,0,0,11330,15:00,Cloudy,17,24,NaN,NaN,NaN,NaN,82377
20200926,19322,1.272,0,0,9327,15:45,Cloudy,16,21,NaN,NaN,NaN,NaN,82701
20200925,25896,1.705,0,0,6358,13:30,Cloudy,13,20,NaN,NaN,NaN,NaN,83017
20200924,21526,1.417,0,0,4205,14:45,Cloudy,14,22,NaN,NaN,NaN,NaN,83326
20200923,79042,5.204,0,0,12198,12:30,Fine,6,26,NaN,NaN,NaN,NaN,83627
20200922,75987,5.002,0,0,12386,12:25,Fine,3,21,NaN,NaN,NaN,NaN,83920
20200921,86323,5.683,0,0,12446,12:35,Fine,3,19,NaN,NaN,NaN,NaN,84205
20200920,82774,5.449,0,0,12489,12:45,Fine,3,19,NaN,NaN,NaN,NaN,84483
20200919,82393,5.424,0,0,12638,12:30,Fine,6,18,NaN,NaN,NaN,NaN,84752
20200918,60713,3.997,0,0,12116,12:30,Mostly Cloudy,14,22,NaN,NaN,NaN,NaN,85014
20200917,35440,2.333,0,0,6733,11:15,Cloudy,11,22,NaN,NaN,NaN,NaN,85268
20200916,60780,4.001,0,0,12566,12:35,Partly Cloudy,6,21,NaN,NaN,NaN,NaN,85514
20200915,61987,4.081,0,0,10902,13:30,Partly Cloudy,7,19,NaN,NaN,NaN,NaN,85753
20200914,59106,3.891,0,0,10592,13:15,Mostly Cloudy,13,24,NaN,NaN,NaN,NaN,85983
20200913,69892,4.601,0,0,12002,12:40,Partly Cloudy,12,26,NaN,NaN,NaN,NaN,86205
20200912,28966,1.907,0,0,13467,13:45,Cloudy,18,22,NaN,NaN,NaN,NaN,86420
20200911,29391,1.935,0,0,9343,11:35,Cloudy,21,25,NaN,NaN,NaN,NaN,86627
20200910,21093,1.389,0,0,6764,12:05,Cloudy,22,26,NaN,NaN,NaN,NaN,86825
20200909,32517,2.141,0,0,10753,15:20,Cloudy,18,26,NaN,NaN,NaN,NaN,87016
20200908,68255,4.493,0,0,11845,14:30,Partly Cloudy,13,28,NaN,NaN,NaN,NaN,87200
20200907,77102,5.076,0,0,11739,12:40,Fine,13,27,NaN,NaN,NaN,NaN,87375
20200906,75209,4.951,0,0,11793,13:05,Partly Cloudy,12,27,NaN,NaN,NaN,NaN,87543
20200905,72888,4.798,0,0,12574,11:55,Partly Cloudy,11,26,NaN,NaN,NaN,NaN,87704
20200904,54533,3.590,0,0,12595,12:50,Mostly Cloudy,18,28,NaN,NaN,NaN,NaN,87857
20200903,44174,2.908,0,0,12393,13:00,Mostly Cloudy,19,30,NaN,NaN,NaN,NaN,88003
20200902,36906,2.430,0,0,11077,14:45,Cloudy,21,28,NaN,NaN,NaN,NaN,88142
20200901,21315,1.403,0,0,10497,14:20,Cloudy,17,25,NaN,NaN,NaN,NaN,88273
20200831,17441,1.148,0,0,4232,11:15,Cloudy,16,22,NaN,NaN,NaN,NaN,88397
20200830,78805,5.188,0,0,12967,13:40,Fine,14,26,NaN,NaN,NaN,NaN,88514
20200829,35301,2.324,0,0,11554,15:05,Cloudy,21,29,NaN,NaN,NaN,NaN,88624
20200828,48706,3.206,0,0,12961,11:20,Mostly Cloudy,22,30,NaN,NaN,NaN,NaN,88728
20200827,60596,3.989,0,0,12227,13:55,Mostly Cloudy,19,32,NaN,NaN,NaN,NaN,88825
20200826,72437,4.769,0,0,11902,13:05,Partly Cloudy,18,29,NaN,NaN,NaN,NaN,88915
20200825,62004,4.082,0,0,11887,12:55,Partly Cloudy,20,32,NaN,NaN,NaN,NaN,88999
20200824,63477,4.179,0,0,12540,12:50,Partly Cloudy,18,30,NaN,NaN,NaN,NaN,89077
20200823,57935,3.814,0,0,13173,12:05,Mostly Cloudy,21,30,NaN,NaN,NaN,NaN,89149
20200822,63216,4.162,0,0,12162,13:05,Partly Cloudy,21,28,NaN,NaN,NaN,NaN,89215
20200821,54717,3.602,0,0,10452,14:45,Mostly Cloudy,16,28,NaN,NaN,NaN,NaN,89275
20200820,75959,5.001,0,0,12772,12:55,Fine,15,27,NaN,NaN,NaN,NaN,89329
20200819,52223,3.438,0,0,13362,11:50,Mostly Cloudy,17,27,NaN,NaN,NaN,NaN,89378
20200818,72305,4.760,0,0,12530,13:10,Partly Cloudy,16,28,NaN,NaN,NaN,NaN,89422
20200817,69341,4.565,0,0,13088,13:00,Partly Cloudy,14,28,NaN,NaN,NaN,NaN,89460
20200816,36116,2.378,0,0,9147,13:25,Cloudy,18,23,NaN,NaN,NaN,NaN,89493
20200815,24058,1.584,0,0,5343,10:55,Cloudy,20,25,NaN,NaN,NaN,NaN,89521
20200814,58774,3.869,0,0,12546,13:25,Mostly Cloudy,20,30,NaN,NaN,NaN,NaN,89545
20200813,38134,2.510,0,0,9955,15:55,Mostly Cloudy,22,28,NaN,NaN,NaN,NaN,89563
20200812,58972,3.882,0,0,12766,13:20,Mostly Cloudy,22,32,NaN,NaN,NaN,NaN,89578
20200811,67776,4.462,0,0,12593,13:05,Partly Cloudy,21,32,NaN,NaN,NaN,NaN,89588
20200810,68170,4.488,0,0,12585,12:30,Partly Cloudy,19,33,NaN,NaN,NaN,NaN,89594
20200809,71700,4.720,0,0,12924,12:00,Partly Cloudy,18,31,NaN,NaN,NaN,NaN,89596
20200808,40975,2.697,0,0,9606,15:40,Mostly Cloudy,18,28,NaN,NaN,NaN,NaN,89595
20200807,69535,4.578,0,0,13484,14:05,Partly Cloudy,21,29,NaN,NaN,NaN,NaN,89590
20200806,46685,3.073,0,0,12807,12:55,Mostly Cloudy,20,28,NaN,NaN,NaN,NaN,89582
20200805,68564,4.514,0,0,12116,12:45,Partly Cloudy,17,29,NaN,NaN,NaN,NaN,89570
20200804,44534,2.932,0,0,13063,13:55,Mostly Cloudy,20,29,NaN,NaN,NaN,NaN,89556
20200803,71903,4.734,0,0,13099,11:20,Partly Cloudy,20,28,NaN,NaN,NaN,NaN,89539
20200802,65539,4.315,0,0,13129,14:25,Partly Cloudy,24,31,NaN,NaN,NaN,NaN,89519
20200801,46387,3.054,0,0,11642,13:50,Mostly Cloudy,19,29,NaN,NaN,NaN,NaN,89497
20200731,27710,1.824,0,0,6717,15:00,Cloudy,21,26,NaN,NaN,NaN,NaN,89472
20200730,69107,4.550,0,0,11592,12:30,Partly Cloudy,19,33,NaN,NaN,NaN,NaN,89445
20200729,82267,5.416,0,0,11699,13:10,Fine,19,32,NaN,NaN,NaN,NaN,89416
20200728,70111,4.616,0,0,12677,11:30,Partly Cloudy,22,31,NaN,NaN,NaN,NaN,89386
20200727,78831,5.190,0,0,12274,13:00,Fine,21,33,NaN,NaN,NaN,NaN,89354
20200726,82874,5.456,0,0,12351,12:45,Fine,21,33,NaN,NaN,NaN,NaN,89320
20200725,67005,4.411,0,0,12884,11:55,Partly Cloudy,19,31,NaN,NaN,NaN,NaN,89285
20200724,45091,2.968,0,0,12724,13:25,Mostly Cloudy,21,28,NaN,NaN,NaN,NaN,89249
20200723,61378,4.041,0,0,12717,13:50,Partly Cloudy,21,32,NaN,NaN,NaN,NaN,89212
20200722,48979,3.224,0,0,11279,12:50,Mostly Cloudy,21,33,NaN,NaN,NaN,NaN,89174
20200721,65185,4.291,0,0,11604,12:50,Partly Cloudy,20,34,NaN,NaN,NaN,NaN,89136
20200720,69798,4.595,0,0,13140,13:20,Partly Cloudy,23,35,NaN,NaN,NaN,NaN,89097
20200719,71275,4.692,0,0,12169,13:15,Partly Cloudy,20,35,NaN,NaN,NaN,NaN,89057
20200718,73491,4.838,0,0,11609,12:55,Partly Cloudy,18,33,NaN,NaN,NaN,NaN,89018
20200717,78143,5.144,0,0,13176,13:20,Fine,22,33,NaN,NaN,NaN,NaN,88979
20200716,55387,3.646,0,0,12354,13:35,Mostly Cloudy,21,28,NaN,NaN,NaN,NaN,88939
20200715,77594,5.108,0,0,13181,12:15,Fine,17,32,NaN,NaN,NaN,NaN,88900
20200714,78991,5.200,0,0,12042,13:40,Fine,17,30,NaN,NaN,NaN,NaN,88862
20200713,73507,4.839,0,0,12367,13:45,Partly Cloudy,18,30,NaN,NaN,NaN,NaN,88824
20200712,65209,4.293,0,0,12785,13:35,Partly Cloudy,17,30,NaN,NaN,NaN,NaN,88786
20200711,65680,4.324,0,0,13322,13:45,Partly Cloudy,21,30,NaN,NaN,NaN,NaN,88750
20200710,58902,3.878,0,0,12564,13:50,Mostly Cloudy,20,30,NaN,NaN,NaN,NaN,88714
20200709,72537,4.775,0,0,12576,12:10,Partly Cloudy,18,31,NaN,NaN,NaN,NaN,88680
20200708,64956,4.276,0,0,12542,13:15,Partly Cloudy,21,31,NaN,NaN,NaN,NaN,88646
20200707,43190,2.843,0,0,10376,15:05,Mostly Cloudy,20,30,NaN,NaN,NaN,NaN,88614
20200706,71948,4.737,0,0,12608,12:45,Partly Cloudy,21,32,NaN,NaN,NaN,NaN,88583
20200705,69812,4.596,0,0,12625,12:20,Partly Cloudy,20,32,NaN,NaN,NaN,NaN,88554
20200704,77861,5.126,0,0,12035,12:55,Fine,21,32,NaN,NaN,NaN,NaN,88526
20200703,84800,5.583,0,0,11241,13:20,Fine,21,33,NaN,NaN,NaN,NaN,88501
20200702,78098,5.141,0,0,12380,12:00,Fine,17,31,NaN,NaN,NaN,NaN,88477
20200701,67608,4.451,0,0,12438,12:15,Partly Cloudy,18,28,NaN,NaN,NaN,NaN,88455
20200630,83154,5.474,0,0,12179,13:20,Fine,19,31,NaN,NaN,NaN,NaN,88434
20200629,74749,4.921,0,0,12226,12:45,Partly Cloudy,20,31,NaN,NaN,NaN,NaN,88416
20200628,66542,4.381,0,0,13344,13:05,Partly Cloudy,20,30,NaN,NaN,NaN,NaN,88400
20200627,62638,4.124,0,0,12750,14:25,Partly Cloudy,18,30,NaN,NaN,NaN,NaN,88386
20200626,85142,5.605,0,0,12726,14:00,Fine,16,30,NaN,NaN,NaN,NaN,88374
20200625,51817,3.411,0,0,10804,14:55,Mostly Cloudy,16,28,NaN,NaN,NaN,NaN,88364
20200624,83280,5.483,0,0,12928,12:45,Fine,19,27,NaN,NaN,NaN,NaN,88357
20200623,65059,4.283,0,0,12120,11:15,Partly Cloudy,18,30,NaN,NaN,NaN,NaN,88352
20200622,57630,3.794,0,0,12566,12:55,Mostly Cloudy,17,30,NaN,NaN,NaN,NaN,88349
20200621,63672,4.192,0,0,13546,12:50,Partly Cloudy,19,28,NaN,NaN,NaN,NaN,88349
20200620,29340,1.932,0,0,8856,11:45,Cloudy,17,24,NaN,NaN,NaN,NaN,88350
20200619,53112,3.497,0,0,13514,13:40,Mostly Cloudy,17,26,NaN,NaN,NaN,NaN,88355
20200618,44556,2.933,0,0,12824,13:15,Mostly Cloudy,18,25,NaN,NaN,NaN,NaN,88361
20200617,36660,2.413,0,0,7947,13:50,Cloudy,NaN,NaN,NaN,NaN,NaN,NaN,88370
