Date,Energy Generated,Efficiency,Energy Exported,Energy Used,Peak Power,Peak Time,Condition,Min. Temperature,Max. Temperature,Peak Energy Import,Off-Peak Energy Import,Shoulder Energy Import,High-Shoulder Energy Import,Insolation
20210810,24865,2.382,0,0,7262,14:20,Partly Cloudy,22,33,NaN,NaN,NaN,NaN,59867
20210809,39700,3.803,0,0,6920,15:35,Fine,20,31,NaN,NaN,NaN,NaN,60120
20210808,54692,5.239,9432,0,7533,14:50,Fine,17,31,NaN,NaN,NaN,NaN,60367
20210807,19419,1.860,0,0,3573,17:05,Mostly Cloudy,18,25,NaN,NaN,NaN,NaN,60609
20210806,50847,4.870,6597,0,7455,14:30,Fine,18,31,NaN,NaN,NaN,NaN,60847
20210805,55272,5.294,11882,0,7689,15:10,Fine,15,29,NaN,NaN,NaN,NaN,61079
20210804,53592,5.133,21650,0,7824,15:00,Fine,16,26,NaN,NaN,NaN,NaN,61306
20210803,40115,3.842,5253,0,6447,15:15,Fine,16,26,NaN,NaN,NaN,NaN,61528
20210802,53905,5.163,13068,0,8369,14:00,Fine,15,25,NaN,NaN,NaN,NaN,61745
20210801,26273,2.517,0,0,6800,17:05,Partly Cloudy,18,24,NaN,NaN,NaN,NaN,61957
20210731,47834,4.582,1669,0,8006,14:25,Fine,16,27,NaN,NaN,NaN,NaN,62164
20210730,52810,5.058,3847,0,8489,15:05,Fine,20,30,NaN,NaN,NaN,NaN,62367
20210729,31298,2.998,0,0,5455,11:55,Partly Cloudy,21,29,NaN,NaN,NaN,NaN,62565
20210728,48666,4.661,0,0,7798,14:50,Fine,20,31,NaN,NaN,NaN,NaN,62757
20210727,55258,5.293,0,0,7542,15:15,Fine,20,33,NaN,NaN,NaN,NaN,62944
20210726,41587,3.983,0,0,7812,15:45,Fine,22,32,NaN,NaN,NaN,NaN,63126
20210725,47150,4.516,0,0,7607,15:10,Fine,21,31,NaN,NaN,NaN,NaN,63303
20210724,37808,3.621,0,0,6698,13:40,Partly Cloudy,16,29,NaN,NaN,NaN,NaN,63475
20210723,58450,5.599,22101,0,8199,14:45,Fine,16,28,NaN,NaN,NaN,NaN,63642
20210722,54216,5.193,10901,0,8027,15:20,Fine,16,27,NaN,NaN,NaN,NaN,63804
20210721,47190,4.520,0,0,7671,14:30,Fine,20,30,NaN,NaN,NaN,NaN,63962
20210720,53569,5.131,0,0,7295,14:40,Fine,19,31,NaN,NaN,NaN,NaN,64114
20210719,52433,5.022,2301,0,7112,14:40,Fine,18,30,NaN,NaN,NaN,NaN,64261
20210718,37164,3.560,0,0,6589,12:00,Partly Cloudy,20,25,NaN,NaN,NaN,NaN,64403
20210717,26352,2.524,0,0,7544,13:25,Mostly Cloudy,22,33,NaN,NaN,NaN,NaN,64540
20210716,21441,2.054,0,0,7443,16:15,Mostly Cloudy,22,33,NaN,NaN,NaN,NaN,64671
20210715,52455,5.024,0,0,7376,13:55,Fine,20,32,NaN,NaN,NaN,NaN,64798
20210714,39442,3.778,0,0,7331,13:30,Partly Cloudy,22,31,NaN,NaN,NaN,NaN,64919
20210713,50644,4.851,0,0,7738,14:05,Fine,23,33,NaN,NaN,NaN,NaN,65036
20210712,48919,4.686,0,0,8092,16:05,Fine,23,33,NaN,NaN,NaN,NaN,65148
20210711,46114,4.417,0,0,7895,14:20,Fine,21,31,NaN,NaN,NaN,NaN,65256
20210710,56541,5.416,7234,0,8372,16:00,Fine,18,27,NaN,NaN,NaN,NaN,65358
20210709,43389,4.156,0,0,7769,14:00,Fine,20,30,NaN,NaN,NaN,NaN,65455
20210708,29804,2.855,0,0,5566,12:30,Partly Cloudy,21,30,NaN,NaN,NaN,NaN,65547
20210707,42783,4.098,0,0,7434,14:35,Fine,22,33,NaN,NaN,NaN,NaN,65633
20210706,55897,5.354,6467,0,7515,14:45,Fine,20,34,NaN,NaN,NaN,NaN,65715
20210705,52109,4.991,3308,0,8228,14:45,Fine,17,30,NaN,NaN,NaN,NaN,65792
20210704,59219,5.672,17243,0,8470,15:05,Fine,15,28,NaN,NaN,NaN,NaN,65864
20210703,42919,4.111,341,0,8112,16:40,Fine,15,24,NaN,NaN,NaN,NaN,65930
20210702,51853,4.967,9724,0,8309,16:40,Fine,18,26,NaN,NaN,NaN,NaN,65992
20210701,23581,2.259,0,0,6786,13:05,Mostly Cloudy,21,29,NaN,NaN,NaN,NaN,66050
20210630,53137,5.090,0,0,8147,14:30,Fine,22,34,NaN,NaN,NaN,NaN,66102
20210629,60274,5.773,0,0,8012,14:05,Fine,22,34,NaN,NaN,NaN,NaN,66150
20210628,59636,5.712,0,0,8021,16:40,Fine,22,32,NaN,NaN,NaN,NaN,66192
20210627,57998,5.555,4171,0,8424,14:45,Fine,21,31,NaN,NaN,NaN,NaN,66229
20210626,51660,4.948,0,0,7464,13:20,Fine,21,29,NaN,NaN,NaN,NaN,66262
20210625,63752,6.107,34466,0,8164,15:10,Fine,12,26,NaN,NaN,NaN,NaN,66289
20210624,59092,5.660,30184,0,8581,15:10,Fine,11,24,NaN,NaN,NaN,NaN,66312
20210623,64740,6.201,36023,0,8577,15:50,Fine,10,23,NaN,NaN,NaN,NaN,66329
20210622,17943,1.719,0,0,3788,19:00,Cloudy,13,21,NaN,NaN,NaN,NaN,66342
20210621,43600,4.176,0,0,8268,14:35,Fine,21,32,NaN,NaN,NaN,NaN,66349
20210620,56962,5.456,0,0,8305,15:10,Fine,19,32,NaN,NaN,NaN,NaN,66352
20210619,25234,2.417,0,0,6494,15:50,Mostly Cloudy,21,27,NaN,NaN,NaN,NaN,66349
20210618,55659,5.331,22200,0,8169,14:25,Fine,12,28,NaN,NaN,NaN,NaN,66342
20210617,66343,6.355,28552,0,8579,15:30,Fine,13,25,NaN,NaN,NaN,NaN,66330
20210616,66417,6.362,31036,0,8485,14:55,Fine,15,25,NaN,NaN,NaN,NaN,66313
20210615,53222,5.098,15272,0,8579,14:30,Fine,16,25,NaN,NaN,NaN,NaN,66290
20210614,59305,5.681,9153,0,8480,14:50,Fine,18,29,NaN,NaN,NaN,NaN,66263
20210613,32403,3.104,0,0,7107,16:35,Partly Cloudy,17,25,NaN,NaN,NaN,NaN,66231
20210612,43636,4.180,6679,0,7410,17:00,Fine,16,24,NaN,NaN,NaN,NaN,66194
20210611,8897,0.852,0,0,1869,13:40,Showers,17,20,NaN,NaN,NaN,NaN,66152
20210610,17194,1.647,0,0,5435,11:30,Cloudy,20,29,NaN,NaN,NaN,NaN,66105
20210609,36991,3.543,0,0,8281,15:25,Partly Cloudy,22,28,NaN,NaN,NaN,NaN,66053
20210608,47677,4.567,3419,0,8287,15:35,Fine,22,30,NaN,NaN,NaN,NaN,65996
20210607,54166,5.188,711,0,8561,15:15,Fine,21,32,NaN,NaN,NaN,NaN,65934
20210606,54323,5.203,4846,0,8279,14:10,Fine,19,33,NaN,NaN,NaN,NaN,65867
20210605,60512,5.796,17996,0,8051,15:40,Fine,17,32,NaN,NaN,NaN,NaN,65795
20210604,54601,5.230,9888,0,8481,15:10,Fine,19,28,NaN,NaN,NaN,NaN,65718
20210603,38281,3.667,8524,0,7938,12:55,Partly Cloudy,18,27,NaN,NaN,NaN,NaN,65636
20210602,59559,5.705,26870,0,7991,15:35,Fine,16,26,NaN,NaN,NaN,NaN,65549
20210601,44261,4.240,19407,0,8153,14:15,Fine,11,25,NaN,NaN,NaN,NaN,65457
20210531,65809,6.304,38517,0,8568,15:40,Fine,8,22,NaN,NaN,NaN,NaN,65359
20210530,19838,1.900,0,0,3343,15:05,Mostly Cloudy,8,11,NaN,NaN,NaN,NaN,65257
20210529,11585,1.110,0,0,3562,13:35,Cloudy,9,13,NaN,NaN,NaN,NaN,65149
20210528,23465,2.248,0,0,4232,11:10,Mostly Cloudy,13,21,NaN,NaN,NaN,NaN,65037
20210527,56723,5.433,24171,0,8536,15:10,Fine,17,28,NaN,NaN,NaN,NaN,64919
20210526,50197,4.808,17859,0,7941,15:10,Fine,17,31,NaN,NaN,NaN,NaN,64796
20210525,58028,5.558,26407,0,8561,14:20,Fine,12,24,NaN,NaN,NaN,NaN,64668
20210524,14948,1.432,0,0,2581,11:35,Cloudy,13,24,NaN,NaN,NaN,NaN,64535
20210523,57104,5.470,23793,0,8510,15:05,Fine,20,31,NaN,NaN,NaN,NaN,64396
20210522,45421,4.351,10618,0,7217,13:25,Fine,15,30,NaN,NaN,NaN,NaN,64252
20210521,61390,5.880,24573,0,8081,14:55,Fine,11,28,NaN,NaN,NaN,NaN,64103
20210520,60969,5.840,32686,0,7966,14:55,Fine,15,29,NaN,NaN,NaN,NaN,63949
20210519,59234,5.674,26097,0,8230,14:45,Fine,12,29,NaN,NaN,NaN,NaN,63790
20210518,61896,5.929,38783,0,8584,14:35,Fine,9,25,NaN,NaN,NaN,NaN,63626
20210517,42255,4.047,18912,0,6528,16:20,Fine,9,21,NaN,NaN,NaN,NaN,63457
20210516,28487,2.729,0,0,6813,12:05,Partly Cloudy,8,21,NaN,NaN,NaN,NaN,63282
20210515,40943,3.922,14613,0,8583,15:30,Fine,8,23,NaN,NaN,NaN,NaN,63103
20210514,45263,4.336,20645,0,8578,16:30,Fine,7,22,NaN,NaN,NaN,NaN,62918
20210513,52788,5.056,24992,0,8383,16:55,Fine,6,20,NaN,NaN,NaN,NaN,62727
20210512,62469,5.984,38334,0,8446,14:25,Fine,6,18,NaN,NaN,NaN,NaN,62531
20210511,39622,3.795,17085,0,7418,12:40,Fine,8,18,NaN,NaN,NaN,NaN,62330
20210510,67035,6.421,37745,0,8564,16:05,Fine,8,17,NaN,NaN,NaN,NaN,62124
20210509,29967,2.870,0,0,8002,14:20,Partly Cloudy,5,16,NaN,NaN,NaN,NaN,61914
20210508,50279,4.816,14834,0,8560,17:00,Fine,4,13,NaN,NaN,NaN,NaN,61698
20210507,21693,2.078,0,0,5408,12:05,Mostly Cloudy,5,16,NaN,NaN,NaN,NaN,61477
20210506,51343,4.918,29874,0,8400,13:30,Fine,6,17,NaN,NaN,NaN,NaN,61250
20210505,50812,4.867,21542,0,8554,16:35,Fine,12,23,NaN,NaN,NaN,NaN,61018
20210504,36620,3.508,10340,0,8357,14:50,Partly Cloudy,18,29,NaN,NaN,NaN,NaN,60781
20210503,20638,1.977,0,0,5545,11:50,Mostly Cloudy,17,22,NaN,NaN,NaN,NaN,60539
20210502,55753,5.340,34735,0,8495,15:05,Fine,11,29,NaN,NaN,NaN,NaN,60292
20210501,66128,6.334,43752,0,8585,14:20,Fine,6,18,NaN,NaN,NaN,NaN,60041
20210430,47331,4.534,24383,0,8564,13:35,Fine,9,20,NaN,NaN,NaN,NaN,59783
20210429,26518,2.540,0,0,5624,14:05,Partly Cloudy,18,27,NaN,NaN,NaN,NaN,59521
20210428,47136,4.515,19648,0,7643,14:45,Fine,17,30,NaN,NaN,NaN,NaN,59253
20210427,57623,5.519,30489,0,8293,15:20,Fine,7,28,NaN,NaN,NaN,NaN,58981
20210426,64731,6.200,42202,0,8570,15:05,Fine,4,18,NaN,NaN,NaN,NaN,58704
20210425,42214,4.043,17530,0,7800,16:05,Fine,9,18,NaN,NaN,NaN,NaN,58422
20210424,28925,2.771,2296,0,5718,13:15,Partly Cloudy,3,18,NaN,NaN,NaN,NaN,58135
20210423,48880,4.682,18933,0,8472,13:45,Fine,1,16,NaN,NaN,NaN,NaN,57843
20210422,38802,3.717,12386,0,7239,12:50,Fine,0,9,NaN,NaN,NaN,NaN,57546
20210421,53553,5.130,32975,0,8580,16:30,Fine,3,18,NaN,NaN,NaN,NaN,57245
20210420,61191,5.861,37259,0,8579,14:50,Fine,7,23,NaN,NaN,NaN,NaN,56939
20210419,43300,4.148,14818,0,8462,14:40,Fine,7,17,NaN,NaN,NaN,NaN,56628
20210418,41550,3.980,13093,0,8579,13:45,Fine,3,18,NaN,NaN,NaN,NaN,56312
20210417,31423,3.010,8165,0,6477,12:05,Partly Cloudy,3,13,NaN,NaN,NaN,NaN,55992
20210416,36820,3.527,13175,0,8361,15:25,Fine,4,13,NaN,NaN,NaN,NaN,55668
20210415,50843,4.870,26674,0,8578,16:05,Fine,6,17,NaN,NaN,NaN,NaN,55339
20210414,14090,1.350,0,0,3028,12:00,Cloudy,8,16,NaN,NaN,NaN,NaN,55006
20210413,48352,4.631,15677,0,8398,16:10,Fine,8,18,NaN,NaN,NaN,NaN,54667
20210412,31648,3.031,6770,0,7517,14:20,Partly Cloudy,9,15,NaN,NaN,NaN,NaN,54325
20210411,49626,4.753,25625,0,8355,15:15,Fine,14,25,NaN,NaN,NaN,NaN,53980
20210410,34291,3.285,6115,0,8092,14:40,Partly Cloudy,11,20,NaN,NaN,NaN,NaN,53630
20210409,8435,0.808,0,0,2050,15:05,Cloudy,10,13,NaN,NaN,NaN,NaN,53275
20210408,53830,5.156,32428,0,8180,15:10,Fine,9,20,NaN,NaN,NaN,NaN,52916
20210407,39398,3.774,10028,0,8009,14:25,Fine,9,25,NaN,NaN,NaN,NaN,52554
20210406,53481,5.123,30056,0,8039,15:05,Fine,10,23,NaN,NaN,NaN,NaN,52189
20210405,53438,5.119,27083,0,8335,15:25,Fine,4,21,NaN,NaN,NaN,NaN,51819
20210404,58314,5.586,34154,0,8456,15:15,Fine,3,21,NaN,NaN,NaN,NaN,51445
20210403,58680,5.621,29124,0,8560,15:55,Fine,-2,11,NaN,NaN,NaN,NaN,51068
20210402,60081,5.755,29248,0,8578,13:55,Fine,-2,6,NaN,NaN,NaN,NaN,50688
20210401,21680,2.077,0,0,6463,12:50,Mostly Cloudy,0,11,NaN,NaN,NaN,NaN,50305
20210331,9126,0.874,0,0,2830,10:35,Cloudy,10,17,NaN,NaN,NaN,NaN,49917
20210330,56541,5.416,34746,0,8501,14:55,Fine,3,19,NaN,NaN,NaN,NaN,49526
20210329,61659,5.906,37749,0,8581,15:05,Fine,5,13,NaN,NaN,NaN,NaN,49134
20210328,11517,1.103,0,0,5167,14:55,Cloudy,8,20,NaN,NaN,NaN,NaN,48739
20210327,33033,3.164,6375,0,7103,13:25,Fine,7,21,NaN,NaN,NaN,NaN,48340
20210326,55790,5.344,33671,0,8466,15:10,Fine,14,27,NaN,NaN,NaN,NaN,47938
20210325,13683,1.311,0,0,2718,14:50,Mostly Cloudy,12,17,NaN,NaN,NaN,NaN,47534
20210324,5397,0.517,0,0,1392,15:20,Showers,10,14,NaN,NaN,NaN,NaN,47128
20210323,39657,3.799,16275,0,7604,14:20,Fine,4,18,NaN,NaN,NaN,NaN,46720
20210322,54638,5.234,29913,0,8318,15:05,Fine,0,16,NaN,NaN,NaN,NaN,46308
20210321,55301,5.297,22565,0,8359,15:15,Fine,-1,16,NaN,NaN,NaN,NaN,45895
20210320,54918,5.260,29049,0,8302,14:55,Fine,-2,13,NaN,NaN,NaN,NaN,45481
20210319,59089,5.660,30733,0,8586,14:35,Fine,2,8,NaN,NaN,NaN,NaN,45065
20210318,4553,0.436,0,0,1048,14:50,Showers,7,10,NaN,NaN,NaN,NaN,44646
20210317,11174,1.070,0,0,1592,13:35,Cloudy,3,9,NaN,NaN,NaN,NaN,44225
20210316,11972,1.147,0,0,2217,10:45,Cloudy,3,6,NaN,NaN,NaN,NaN,43805
20210315,46669,4.470,17897,0,8575,15:05,Fine,-2,7,NaN,NaN,NaN,NaN,43384
20210314,51004,4.885,23183,0,8549,15:20,Fine,4,16,NaN,NaN,NaN,NaN,42960
20210313,51547,4.937,20646,0,8366,14:50,Fine,4,12,NaN,NaN,NaN,NaN,42535
20210312,34808,3.334,9818,0,8019,15:05,Fine,12,19,NaN,NaN,NaN,NaN,42110
20210311,44406,4.253,21187,0,7788,14:10,Fine,8,25,NaN,NaN,NaN,NaN,41685
20210310,47034,4.505,22727,0,7767,14:20,Fine,7,19,NaN,NaN,NaN,NaN,41259
20210309,39079,3.743,13395,0,7504,13:00,Fine,3,20,NaN,NaN,NaN,NaN,40833
20210308,49125,4.705,20252,0,8423,13:50,Fine,-5,11,NaN,NaN,NaN,NaN,40405
20210307,53248,5.100,17790,0,8522,14:35,Fine,-5,6,NaN,NaN,NaN,NaN,39980
20210306,49801,4.770,20790,0,8567,13:40,Fine,-2,6,NaN,NaN,NaN,NaN,39554
20210305,52732,5.051,22327,0,8579,14:10,Fine,-4,4,NaN,NaN,NaN,NaN,39128
20210304,46892,4.492,19295,0,8417,15:25,Fine,0,10,NaN,NaN,NaN,NaN,38702
20210303,49740,4.764,22079,0,8102,14:15,Fine,-2,14,NaN,NaN,NaN,NaN,38277
20210302,52134,4.994,23487,0,8406,13:55,Fine,-2,5,NaN,NaN,NaN,NaN,37854
20210301,14763,1.414,0,0,6272,16:20,Mostly Cloudy,2,9,NaN,NaN,NaN,NaN,37432
20210228,3329,0.319,0,0,599,08:30,Showers,5,7,NaN,NaN,NaN,NaN,37010
20210227,25975,2.488,0,0,7170,16:00,Partly Cloudy,1,11,NaN,NaN,NaN,NaN,36589
20210226,26419,2.531,0,0,6124,14:00,Partly Cloudy,0,8,NaN,NaN,NaN,NaN,36171
20210225,48872,4.681,25407,0,8014,14:15,Fine,0,12,NaN,NaN,NaN,NaN,35754
20210224,47883,4.586,12323,0,7940,14:25,Fine,0,16,NaN,NaN,NaN,NaN,35339
20210223,41255,3.952,14303,0,8328,14:30,Fine,0,11,NaN,NaN,NaN,NaN,34926
20210222,5036,0.482,0,0,1188,16:15,Showers,-2,1,NaN,NaN,NaN,NaN,34515
20210221,44385,4.251,15290,0,7993,14:00,Fine,-7,2,NaN,NaN,NaN,NaN,34107
20210220,44432,4.256,14962,0,8358,14:25,Fine,-5,-1,NaN,NaN,NaN,NaN,33701
20210219,14883,1.426,0,0,5456,15:55,Mostly Cloudy,-2,1,NaN,NaN,NaN,NaN,33298
20210218,3055,0.293,0,0,1375,11:45,Showers,-4,-1,NaN,NaN,NaN,NaN,32898
20210217,42173,4.040,13001,0,7892,13:40,Fine,-5,0,NaN,NaN,NaN,NaN,32501
20210216,18460,1.768,0,0,5555,12:40,Partly Cloudy,-4,7,NaN,NaN,NaN,NaN,32106
20210215,10063,0.964,0,0,2400,13:00,Cloudy,0,2,NaN,NaN,NaN,NaN,31717
20210214,10857,1.040,0,0,2826,12:25,Cloudy,-3,2,NaN,NaN,NaN,NaN,31330
20210213,4018,0.385,0,0,878,11:40,Showers,-3,-1,NaN,NaN,NaN,NaN,30947
20210212,8109,0.777,0,0,1540,13:20,Cloudy,-3,-1,NaN,NaN,NaN,NaN,30568
20210211,1774,0.170,0,0,440,12:20,Showers,-1,0,NaN,NaN,NaN,NaN,30192
20210210,20291,1.944,0,0,6450,13:00,Partly Cloudy,-2,4,NaN,NaN,NaN,NaN,29821
20210209,31772,3.043,0,0,7316,14:55,Fine,-3,7,NaN,NaN,NaN,NaN,29455
20210208,39462,3.780,10420,0,7243,14:10,Fine,-6,1,NaN,NaN,NaN,NaN,29094
20210207,9138,0.875,0,0,4560,16:15,Cloudy,-3,4,NaN,NaN,NaN,NaN,28737
20210206,18756,1.797,0,0,3365,13:20,Partly Cloudy,-1,7,NaN,NaN,NaN,NaN,28384
20210205,34417,3.297,9139,0,7153,13:45,Fine,1,11,NaN,NaN,NaN,NaN,28037
20210204,38117,3.651,5311,0,7255,14:10,Fine,-3,7,NaN,NaN,NaN,NaN,27694
20210203,21456,2.055,0,0,6988,15:10,Partly Cloudy,-2,3,NaN,NaN,NaN,NaN,27357
20210202,730,0.070,0,0,234,16:15,Showers,-2,1,NaN,NaN,NaN,NaN,27026
20210201,81,0.008,0,0,37,12:40,Showers,-2,0,NaN,NaN,NaN,NaN,26701
20210131,197,0.019,0,0,75,08:55,Showers,-2,-1,NaN,NaN,NaN,NaN,26381
20210130,38456,3.684,3333,0,7082,13:50,Fine,-6,2,NaN,NaN,NaN,NaN,26067
20210129,18079,1.732,0,0,4052,14:20,Fine,-5,-1,NaN,NaN,NaN,NaN,25759
20210128,39323,3.767,9609,0,7226,14:10,Fine,-5,0,NaN,NaN,NaN,NaN,25457
20210127,14424,1.382,0,0,3827,10:50,Partly Cloudy,0,4,NaN,NaN,NaN,NaN,25162
20210126,2866,0.275,0,0,755,14:30,Showers,-1,1,NaN,NaN,NaN,NaN,24872
20210125,5370,0.514,0,0,1973,12:50,Cloudy,-1,1,NaN,NaN,NaN,NaN,24589
20210124,23961,2.295,0,0,6919,13:20,Fine,-6,2,NaN,NaN,NaN,NaN,24313
20210123,38219,3.661,9757,0,7090,14:00,Fine,-5,2,NaN,NaN,NaN,NaN,24044
20210122,31968,3.062,3412,0,6954,14:20,Fine,0,7,NaN,NaN,NaN,NaN,23782
20210121,29317,2.808,0,0,6787,14:05,Fine,-6,10,NaN,NaN,NaN,NaN,23526
20210120,32956,3.157,0,0,6693,12:40,Fine,-4,5,NaN,NaN,NaN,NaN,23278
20210119,32711,3.133,3207,0,6595,14:10,Fine,-1,9,NaN,NaN,NaN,NaN,23037
20210118,23370,2.239,0,0,6314,15:15,Fine,0,5,NaN,NaN,NaN,NaN,22803
20210117,16237,1.555,0,0,6104,14:00,Partly Cloudy,0,7,NaN,NaN,NaN,NaN,22576
20210116,23879,2.287,0,0,6705,13:40,Fine,0,7,NaN,NaN,NaN,NaN,22357
20210115,11357,1.088,0,0,3695,11:35,Mostly Cloudy,0,9,NaN,NaN,NaN,NaN,22145
20210114,29985,2.872,2435,0,5966,14:00,Fine,-2,11,NaN,NaN,NaN,NaN,21941
20210113,30377,2.910,0,0,6020,13:55,Fine,-3,9,NaN,NaN,NaN,NaN,21745
20210112,32461,3.109,0,0,6338,13:55,Fine,-4,7,NaN,NaN,NaN,NaN,21556
20210111,10397,0.996,0,0,2104,10:50,Mostly Cloudy,-4,6,NaN,NaN,NaN,NaN,21375
20210110,32185,3.083,4248,0,6235,13:55,Fine,-2,8,NaN,NaN,NaN,NaN,21202
20210109,33176,3.178,2128,0,6447,13:55,Fine,-2,6,NaN,NaN,NaN,NaN,21037
20210108,7220,0.692,0,0,1858,12:20,Cloudy,-1,1,NaN,NaN,NaN,NaN,20880
20210107,30707,2.941,4691,0,6246,13:50,Fine,-1,6,NaN,NaN,NaN,NaN,20731
20210106,7160,0.686,0,0,1855,13:55,Cloudy,2,4,NaN,NaN,NaN,NaN,20590
20210105,5292,0.507,0,0,1411,11:25,Cloudy,2,4,NaN,NaN,NaN,NaN,20457
20210104,10305,0.987,0,0,2713,11:45,Mostly Cloudy,0,6,NaN,NaN,NaN,NaN,20333
20210103,2770,0.265,0,0,687,10:30,Showers,1,3,NaN,NaN,NaN,NaN,20217
20210102,16098,1.542,0,0,4906,13:15,Partly Cloudy,2,11,NaN,NaN,NaN,NaN,20109
20210101,2817,0.270,0,0,846,13:35,Showers,-1,2,NaN,NaN,NaN,NaN,20009
20201231,8774,0.840,0,0,2393,11:40,Mostly Cloudy,0,9,NaN,NaN,NaN,NaN,19917
20201230,23623,2.263,0,0,6347,12:55,Fine,-3,7,NaN,NaN,NaN,NaN,19834
20201229,31634,3.030,1178,0,6250,14:10,Fine,-3,4,NaN,NaN,NaN,NaN,19760
20201228,28317,2.712,0,0,5673,13:55,Fine,0,12,NaN,NaN,NaN,NaN,19693
20201227,28933,2.771,0,0,6031,13:50,Fine,-6,4,NaN,NaN,NaN,NaN,19636
20201226,21221,2.033,0,0,6557,13:25,Fine,-6,0,NaN,NaN,NaN,NaN,19587
20201225,14141,1.355,0,0,5750,14:45,Partly Cloudy,-5,14,NaN,NaN,NaN,NaN,19546
20201224,2764,0.265,0,0,697,09:50,Showers,4,15,NaN,NaN,NaN,NaN,19514
20201223,22540,2.159,0,0,5280,12:50,Fine,-2,8,NaN,NaN,NaN,NaN,19490
20201222,24875,2.383,0,0,5989,13:40,Fine,1,7,NaN,NaN,NaN,NaN,19475
20201221,20545,1.968,0,0,5314,12:40,Fine,0,7,NaN,NaN,NaN,NaN,19469
20201220,14338,1.373,0,0,4999,11:30,Partly Cloudy,-1,5,NaN,NaN,NaN,NaN,19470
20201219,16179,1.550,0,0,3555,13:15,Partly Cloudy,-7,1,NaN,NaN,NaN,NaN,19480
20201218,8253,0.791,0,0,3294,14:10,Mostly Cloudy,-4,1,NaN,NaN,NaN,NaN,19499
20201217,18474,1.770,0,0,5081,14:45,Fine,-4,1,NaN,NaN,NaN,NaN,19526
20201216,1173,0.112,0,0,440,09:50,Showers,-2,1,NaN,NaN,NaN,NaN,19561
20201215,20967,2.008,0,0,4903,12:35,Fine,-2,3,NaN,NaN,NaN,NaN,19606
20201214,4355,0.417,0,0,4589,15:15,Cloudy,0,4,NaN,NaN,NaN,NaN,19659
20201213,19752,1.892,0,0,5593,13:05,Fine,2,16,NaN,NaN,NaN,NaN,19720
20201212,20544,1.968,0,0,5605,14:15,Fine,5,16,NaN,NaN,NaN,NaN,19789
20201211,26975,2.584,0,0,5482,13:30,Fine,1,15,NaN,NaN,NaN,NaN,19867
20201210,27364,2.621,0,0,5491,13:40,Fine,-3,10,NaN,NaN,NaN,NaN,19953
20201209,14350,1.375,0,0,4310,15:25,Partly Cloudy,-2,5,NaN,NaN,NaN,NaN,20047
20201208,31343,3.002,3873,0,6199,13:30,Fine,-1,6,NaN,NaN,NaN,NaN,20150
20201207,28013,2.683,1335,0,6229,13:30,Fine,-2,3,NaN,NaN,NaN,NaN,20261
20201206,31546,3.022,6069,0,6142,13:30,Fine,-1,5,NaN,NaN,NaN,NaN,20380
20201205,11948,1.144,0,0,4265,11:10,Partly Cloudy,4,8,NaN,NaN,NaN,NaN,20508
20201204,4246,0.407,0,0,1654,12:55,Cloudy,5,8,NaN,NaN,NaN,NaN,20643
20201203,25046,2.399,0,0,6249,14:40,Fine,-1,12,NaN,NaN,NaN,NaN,20786
20201202,31600,3.027,4694,0,6255,13:30,Fine,1,7,NaN,NaN,NaN,NaN,20937
20201201,17424,1.669,0,0,6142,12:15,Fine,2,7,NaN,NaN,NaN,NaN,21097
20201130,2784,0.267,0,0,1211,12:30,Showers,7,15,NaN,NaN,NaN,NaN,21265
20201129,27010,2.587,0,0,5873,13:40,Fine,-1,13,NaN,NaN,NaN,NaN,21440
20201128,29273,2.804,5921,0,5986,13:40,Fine,3,13,NaN,NaN,NaN,NaN,21623
20201127,8541,0.818,0,0,2387,14:30,Cloudy,8,14,NaN,NaN,NaN,NaN,21813
20201126,21501,2.059,0,0,5592,13:05,Fine,8,19,NaN,NaN,NaN,NaN,22011
20201125,17820,1.707,0,0,4839,11:25,Partly Cloudy,4,13,NaN,NaN,NaN,NaN,22217
20201124,29670,2.842,3380,0,6027,13:35,Fine,1,9,NaN,NaN,NaN,NaN,22430
20201123,30879,2.958,3180,0,6400,13:45,Fine,5,13,NaN,NaN,NaN,NaN,22651
20201122,13113,1.256,0,0,3893,11:45,Partly Cloudy,9,12,NaN,NaN,NaN,NaN,22879
20201121,8895,0.852,0,0,2116,13:20,Mostly Cloudy,7,18,NaN,NaN,NaN,NaN,23114
20201120,32046,3.070,10857,0,6061,13:45,Fine,3,18,NaN,NaN,NaN,NaN,23356
20201119,32111,3.076,7542,0,6920,13:55,Fine,-4,10,NaN,NaN,NaN,NaN,23605
20201118,32258,3.090,6932,0,7544,13:00,Fine,-3,5,NaN,NaN,NaN,NaN,23861
20201117,24091,2.308,0,0,7033,13:55,Fine,1,11,NaN,NaN,NaN,NaN,24124
20201116,35140,3.366,14229,0,6592,13:40,Fine,5,14,NaN,NaN,NaN,NaN,24394
20201115,10440,1.000,0,0,3155,10:25,Mostly Cloudy,5,19,NaN,NaN,NaN,NaN,24670
20201114,34634,3.317,6997,0,6488,13:30,Fine,4,13,NaN,NaN,NaN,NaN,24952
20201113,32260,3.090,9561,0,6209,13:45,Fine,6,15,NaN,NaN,NaN,NaN,25241
20201112,2219,0.213,0,0,786,12:35,Showers,8,20,NaN,NaN,NaN,NaN,25537
20201111,1964,0.188,0,0,834,11:05,Showers,15,20,NaN,NaN,NaN,NaN,25839
20201110,30509,2.922,10827,0,6337,13:45,Fine,9,24,NaN,NaN,NaN,NaN,26146
20201109,32053,3.070,8114,0,6307,13:30,Fine,8,23,NaN,NaN,NaN,NaN,26459
20201108,32721,3.134,11864,0,5997,13:30,Fine,5,24,NaN,NaN,NaN,NaN,26778
20201107,33241,3.184,7874,0,6041,13:30,Fine,5,23,NaN,NaN,NaN,NaN,27102
20201106,34304,3.286,12593,0,6142,13:45,Fine,7,22,NaN,NaN,NaN,NaN,27432
20201105,30363,2.908,7912,0,6365,13:05,Fine,4,20,NaN,NaN,NaN,NaN,27768
20201104,36590,3.505,10967,0,6637,13:45,Fine,1,19,NaN,NaN,NaN,NaN,28109
20201103,27611,2.645,3405,0,6581,13:00,Fine,3,15,NaN,NaN,NaN,NaN,28455
20201102,41171,3.944,12930,0,7258,12:50,Fine,2,8,NaN,NaN,NaN,NaN,28805
20201101,6424,0.615,0,0,1372,14:30,Cloudy,4,12,NaN,NaN,NaN,NaN,29160
20201031,12079,1.157,0,0,3147,14:20,Mostly Cloudy,2,8,NaN,NaN,NaN,NaN,29519
20201030,16118,1.544,0,0,4245,14:10,Mostly Cloudy,6,9,NaN,NaN,NaN,NaN,29884
20201029,4191,0.401,0,0,1549,15:30,Showers,9,15,NaN,NaN,NaN,NaN,30253
20201027,10952,1.049,0,0,3083,13:25,Cloudy,12,16,NaN,NaN,NaN,NaN,31003
20201026,12422,1.190,0,0,2301,14:25,Mostly Cloudy,7,16,NaN,NaN,NaN,NaN,31383
20201025,5092,0.488,0,0,1079,12:55,Showers,7,12,NaN,NaN,NaN,NaN,31767
20201024,19363,1.855,0,0,5883,13:40,Partly Cloudy,13,22,NaN,NaN,NaN,NaN,32155
20201023,34063,3.263,8289,0,6870,15:00,Fine,15,23,NaN,NaN,NaN,NaN,32546
20201022,36696,3.515,4182,0,6751,15:05,Fine,14,25,NaN,NaN,NaN,NaN,32941
20201021,28047,2.686,0,0,6767,15:35,Fine,15,23,NaN,NaN,NaN,NaN,33338
20201020,37221,3.565,16672,0,6229,14:10,Fine,12,23,NaN,NaN,NaN,NaN,33739
20201019,20693,1.982,0,0,4531,14:50,Partly Cloudy,10,20,NaN,NaN,NaN,NaN,34141
20201018,29972,2.871,8351,0,6689,15:35,Fine,2,17,NaN,NaN,NaN,NaN,34546
20201017,42363,4.058,16877,0,7182,14:45,Fine,3,15,NaN,NaN,NaN,NaN,34954
20201016,8594,0.823,0,0,3420,15:40,Cloudy,9,17,NaN,NaN,NaN,NaN,35363
20201015,41056,3.933,15417,0,7176,15:05,Fine,11,23,NaN,NaN,NaN,NaN,35776
20201014,42063,4.029,21385,0,6998,15:25,Fine,7,21,NaN,NaN,NaN,NaN,36190
20201013,25649,2.457,2775,0,5858,16:50,Partly Cloudy,11,19,NaN,NaN,NaN,NaN,36606
20201012,6171,0.591,0,0,1297,12:40,Cloudy,13,16,NaN,NaN,NaN,NaN,37023
20201011,8139,0.780,0,0,2011,12:55,Cloudy,16,20,NaN,NaN,NaN,NaN,37442
20201010,18879,1.808,0,0,4805,13:05,Partly Cloudy,12,22,NaN,NaN,NaN,NaN,37861
20201009,38990,3.735,18460,0,6550,14:55,Fine,5,20,NaN,NaN,NaN,NaN,38282
20201008,45295,4.339,25148,0,7824,14:55,Fine,8,19,NaN,NaN,NaN,NaN,38703
20201007,42811,4.101,11004,0,7149,14:25,Fine,10,26,NaN,NaN,NaN,NaN,39126
20201006,44992,4.310,23608,0,7442,14:45,Fine,5,21,NaN,NaN,NaN,NaN,39549
20201005,42371,4.059,22275,0,8096,14:05,Fine,8,18,NaN,NaN,NaN,NaN,39973
20201004,40597,3.889,16205,0,6979,14:20,Fine,4,18,NaN,NaN,NaN,NaN,40397
20201003,46088,4.415,21072,0,8012,16:05,Fine,5,18,NaN,NaN,NaN,NaN,40821
20201002,43264,4.144,12843,0,8242,15:25,Fine,7,18,NaN,NaN,NaN,NaN,41245
20201001,25563,2.449,2806,0,7741,14:45,Partly Cloudy,12,20,NaN,NaN,NaN,NaN,41668
20200930,48468,4.643,24447,0,7832,14:00,Fine,11,20,NaN,NaN,NaN,NaN,42092
20200929,27663,2.650,0,0,7687,14:00,Partly Cloudy,12,25,NaN,NaN,NaN,NaN,42514
20200928,35500,3.400,0,0,6422,15:45,Fine,18,26,NaN,NaN,NaN,NaN,42936
20200927,19679,1.885,0,0,4500,16:20,Mostly Cloudy,18,24,NaN,NaN,NaN,NaN,43358
20200926,14732,1.411,0,0,4003,13:35,Mostly Cloudy,16,21,NaN,NaN,NaN,NaN,43779
20200925,20295,1.944,0,0,5057,14:15,Mostly Cloudy,13,21,NaN,NaN,NaN,NaN,44199
20200924,16135,1.545,0,0,2468,14:30,Mostly Cloudy,14,21,NaN,NaN,NaN,NaN,44617
20200923,48227,4.619,26995,0,7633,14:40,Fine,9,25,NaN,NaN,NaN,NaN,45034
20200922,49808,4.771,28542,0,7859,15:10,Fine,4,21,NaN,NaN,NaN,NaN,45450
20200921,51787,4.960,24542,0,7902,14:50,Fine,4,18,NaN,NaN,NaN,NaN,45863
20200920,52450,5.024,26392,0,8020,14:55,Fine,4,18,NaN,NaN,NaN,NaN,46275
20200919,54138,5.186,30096,0,8075,14:40,Fine,5,17,NaN,NaN,NaN,NaN,46685
20200918,40720,3.900,11315,0,7052,14:15,Fine,13,22,NaN,NaN,NaN,NaN,47093
20200917,14966,1.434,0,0,2918,12:40,Mostly Cloudy,12,22,NaN,NaN,NaN,NaN,47500
20200916,41495,3.975,20587,0,6863,14:40,Fine,7,22,NaN,NaN,NaN,NaN,47904
20200915,42548,4.075,18867,0,6657,14:20,Fine,9,19,NaN,NaN,NaN,NaN,48306
20200914,36285,3.476,0,0,6618,14:45,Fine,13,24,NaN,NaN,NaN,NaN,48706
20200913,43603,4.177,6594,0,7672,15:00,Fine,13,26,NaN,NaN,NaN,NaN,49102
20200912,23598,2.260,0,0,6743,15:50,Partly Cloudy,16,22,NaN,NaN,NaN,NaN,49496
20200911,23008,2.204,0,0,3781,14:30,Partly Cloudy,20,24,NaN,NaN,NaN,NaN,49887
20200910,11426,1.094,0,0,2537,16:05,Cloudy,22,25,NaN,NaN,NaN,NaN,50275
20200909,18135,1.737,0,0,4250,12:10,Mostly Cloudy,20,25,NaN,NaN,NaN,NaN,50660
20200908,43229,4.141,4854,0,7824,15:35,Fine,14,28,NaN,NaN,NaN,NaN,51042
20200907,50461,4.833,13144,0,7456,14:55,Fine,14,27,NaN,NaN,NaN,NaN,51421
20200906,50099,4.799,8913,0,7408,14:45,Fine,13,28,NaN,NaN,NaN,NaN,51797
20200905,52145,4.995,12551,0,7914,15:20,Fine,13,25,NaN,NaN,NaN,NaN,52170
20200904,34602,3.314,0,0,7380,13:40,Fine,18,29,NaN,NaN,NaN,NaN,52538
20200903,29875,2.862,0,0,6916,15:35,Partly Cloudy,21,30,NaN,NaN,NaN,NaN,52904
20200902,32924,3.154,0,0,7269,15:55,Fine,21,30,NaN,NaN,NaN,NaN,53265
20200901,20116,1.927,0,0,8215,14:25,Mostly Cloudy,18,25,NaN,NaN,NaN,NaN,53623
20200831,14686,1.407,0,0,2847,11:45,Cloudy,17,22,NaN,NaN,NaN,NaN,53977
20200830,48393,4.635,7466,0,8288,15:55,Fine,16,26,NaN,NaN,NaN,NaN,54327
20200829,39705,3.803,0,0,7938,16:05,Fine,21,28,NaN,NaN,NaN,NaN,54672
20200828,30570,2.928,0,0,7924,14:30,Partly Cloudy,21,31,NaN,NaN,NaN,NaN,55015
20200827,40002,3.832,0,0,7833,15:10,Fine,21,32,NaN,NaN,NaN,NaN,55353
20200826,50672,4.854,491,0,7605,15:30,Fine,17,29,NaN,NaN,NaN,NaN,55687
20200825,44485,4.261,0,0,7640,14:50,Fine,21,31,NaN,NaN,NaN,NaN,56017
20200824,43762,4.192,0,0,8187,15:25,Fine,19,30,NaN,NaN,NaN,NaN,56343
20200823,44535,4.266,0,0,8083,14:20,Fine,20,31,NaN,NaN,NaN,NaN,56664
20200822,33689,3.227,0,0,6265,12:50,Partly Cloudy,21,28,NaN,NaN,NaN,NaN,56980
20200821,39734,3.806,0,0,7631,14:25,Fine,16,28,NaN,NaN,NaN,NaN,57292
20200820,50084,4.797,2242,0,8018,15:55,Fine,15,27,NaN,NaN,NaN,NaN,57599
20200819,53932,5.166,16610,0,7996,15:25,Fine,18,27,NaN,NaN,NaN,NaN,57902
20200818,54379,5.209,13338,0,8233,15:50,Fine,17,28,NaN,NaN,NaN,NaN,58201
20200817,43842,4.199,0,0,8216,15:20,Fine,15,28,NaN,NaN,NaN,NaN,58496
20200816,23866,2.286,0,0,6639,17:45,Mostly Cloudy,17,22,NaN,NaN,NaN,NaN,58785
20200815,19925,1.909,0,0,3219,13:40,Mostly Cloudy,20,25,NaN,NaN,NaN,NaN,59070
20200814,26745,2.562,0,0,6812,12:20,Partly Cloudy,21,29,NaN,NaN,NaN,NaN,59350
20200813,27988,2.681,0,0,6938,16:20,Partly Cloudy,21,27,NaN,NaN,NaN,NaN,59624
20200812,44448,4.257,0,0,8244,15:05,Fine,21,32,NaN,NaN,NaN,NaN,59894
20200811,49923,4.782,0,0,8367,15:10,Fine,22,32,NaN,NaN,NaN,NaN,60159
20200810,52245,5.004,0,0,7841,15:40,Fine,22,33,NaN,NaN,NaN,NaN,60419
20200809,54166,5.188,0,0,8321,14:55,Fine,19,31,NaN,NaN,NaN,NaN,60675
20200808,46122,4.418,0,0,8224,15:35,Fine,20,28,NaN,NaN,NaN,NaN,60926
20200807,50847,4.870,0,0,8254,15:00,Fine,21,29,NaN,NaN,NaN,NaN,61172
20200806,47333,4.534,0,0,8094,14:35,Fine,21,28,NaN,NaN,NaN,NaN,61413
20200805,55192,5.287,0,0,8020,15:35,Fine,17,29,NaN,NaN,NaN,NaN,61649
20200804,45119,4.322,1290,0,8251,15:10,Fine,19,29,NaN,NaN,NaN,NaN,61880
20200803,32451,3.108,0,0,7349,13:15,Partly Cloudy,20,30,NaN,NaN,NaN,NaN,62105
20200802,49464,4.738,0,0,8193,14:10,Fine,24,32,NaN,NaN,NaN,NaN,62325
20200801,41977,4.021,0,0,7024,16:20,Fine,20,29,NaN,NaN,NaN,NaN,62541
20200731,19371,1.855,0,0,4195,13:05,Mostly Cloudy,21,26,NaN,NaN,NaN,NaN,62752
20200730,41235,3.950,0,0,8206,14:55,Fine,21,34,NaN,NaN,NaN,NaN,62958
20200729,59985,5.746,7731,0,7987,15:40,Fine,19,33,NaN,NaN,NaN,NaN,63158
20200728,53758,5.149,0,0,8258,15:15,Fine,23,32,NaN,NaN,NaN,NaN,63354
20200727,58193,5.574,0,0,8138,14:50,Fine,21,34,NaN,NaN,NaN,NaN,63544
20200726,60356,5.781,4665,0,8010,14:35,Fine,23,33,NaN,NaN,NaN,NaN,63730
20200725,53074,5.084,0,0,8019,16:00,Fine,20,31,NaN,NaN,NaN,NaN,63910
20200724,31310,2.999,0,0,6969,13:40,Partly Cloudy,21,29,NaN,NaN,NaN,NaN,64084
20200723,52820,5.059,0,0,8128,14:00,Fine,21,32,NaN,NaN,NaN,NaN,64254
20200722,31203,2.989,0,0,7659,14:15,Partly Cloudy,21,34,NaN,NaN,NaN,NaN,64419
20200721,49640,4.755,0,0,7896,15:45,Fine,22,35,NaN,NaN,NaN,NaN,64579
20200720,46017,4.408,0,0,8408,14:50,Fine,25,35,NaN,NaN,NaN,NaN,64734
20200719,53633,5.137,0,0,7861,15:15,Fine,20,35,NaN,NaN,NaN,NaN,64884
20200718,60292,5.775,0,0,7875,14:50,Fine,20,34,NaN,NaN,NaN,NaN,65029
20200717,59111,5.662,6594,0,8532,14:35,Fine,22,33,NaN,NaN,NaN,NaN,65168
20200716,46562,4.460,0,0,7331,13:35,Fine,22,29,NaN,NaN,NaN,NaN,65303
20200715,53996,5.172,0,0,8331,14:40,Fine,18,31,NaN,NaN,NaN,NaN,65432
20200714,61495,5.890,5089,0,8347,15:35,Fine,18,30,NaN,NaN,NaN,NaN,65555
20200713,55851,5.350,4640,0,8204,14:50,Fine,18,30,NaN,NaN,NaN,NaN,65674
20200712,32192,3.084,0,0,7718,15:55,Partly Cloudy,19,30,NaN,NaN,NaN,NaN,65789
20200711,51526,4.935,0,0,8337,14:40,Fine,22,30,NaN,NaN,NaN,NaN,65899
20200710,48665,4.661,0,0,7898,16:30,Fine,22,29,NaN,NaN,NaN,NaN,66003
20200709,58159,5.571,0,0,8427,14:45,Fine,20,31,NaN,NaN,NaN,NaN,66102
20200708,60159,5.762,0,0,8006,16:15,Fine,22,31,NaN,NaN,NaN,NaN,66196
20200707,41002,3.927,0,0,7973,15:45,Fine,20,29,NaN,NaN,NaN,NaN,66285
20200706,49305,4.723,0,0,8174,15:05,Fine,21,33,NaN,NaN,NaN,NaN,66369
20200705,54698,5.239,0,0,8081,14:35,Fine,21,33,NaN,NaN,NaN,NaN,66448
20200704,53943,5.167,0,0,8214,14:15,Fine,21,31,NaN,NaN,NaN,NaN,66521
20200703,59476,5.697,15657,0,7835,14:55,Fine,21,34,NaN,NaN,NaN,NaN,66590
20200702,59972,5.744,12616,0,8051,15:15,Fine,18,31,NaN,NaN,NaN,NaN,66654
20200701,45622,4.370,0,0,8451,14:40,Fine,18,29,NaN,NaN,NaN,NaN,66713
20200630,58616,5.615,8018,0,8377,14:35,Fine,20,30,NaN,NaN,NaN,NaN,66767
20200629,60273,5.773,12090,0,8454,16:05,Fine,20,31,NaN,NaN,NaN,NaN,66816
20200628,45248,4.334,0,0,7740,15:35,Fine,21,30,NaN,NaN,NaN,NaN,66860
20200627,47470,4.547,0,0,7780,13:05,Fine,21,31,NaN,NaN,NaN,NaN,66899
20200626,54731,5.242,6394,0,8304,15:25,Fine,16,29,NaN,NaN,NaN,NaN,66933
20200625,45932,4.400,1849,0,8573,15:40,Fine,17,27,NaN,NaN,NaN,NaN,66962
20200624,63025,6.037,13554,0,8520,15:10,Fine,20,28,NaN,NaN,NaN,NaN,66986
20200623,48106,4.608,0,0,7966,15:20,Fine,18,30,NaN,NaN,NaN,NaN,67005
20200622,34355,3.291,0,0,7845,13:45,Partly Cloudy,19,31,NaN,NaN,NaN,NaN,67018
20200621,57619,5.519,10422,0,7954,12:40,Fine,18,28,NaN,NaN,NaN,NaN,67027
20200620,23945,2.294,0,0,5784,18:15,Mostly Cloudy,17,24,NaN,NaN,NaN,NaN,67031
20200619,31628,3.030,0,0,7237,12:40,Partly Cloudy,17,27,NaN,NaN,NaN,NaN,67030
20200618,44138,4.228,0,0,7691,16:55,Fine,18,26,NaN,NaN,NaN,NaN,67024
20200617,17469,1.673,0,0,3747,13:10,Cloudy,16,21,NaN,NaN,NaN,NaN,67012
20200616,46704,4.474,21360,0,8455,16:10,Fine,14,23,NaN,NaN,NaN,NaN,66996
20200615,61804,5.920,31255,0,8577,15:10,Fine,13,24,NaN,NaN,NaN,NaN,66975
20200614,59864,5.734,30603,0,8479,15:45,Fine,14,23,NaN,NaN,NaN,NaN,66949
20200613,62103,5.949,25052,0,8583,15:15,Fine,14,24,NaN,NaN,NaN,NaN,66917
20200612,56366,5.399,4388,0,8276,15:45,Fine,16,29,NaN,NaN,NaN,NaN,66881
20200611,41596,3.984,0,0,8087,15:25,Partly Cloudy,22,28,NaN,NaN,NaN,NaN,66840
20200610,48900,4.684,0,0,8356,13:55,Fine,21,31,NaN,NaN,NaN,NaN,66794
20200609,60357,5.781,16004,0,8287,14:40,Fine,13,31,NaN,NaN,NaN,NaN,66742
20200608,66076,6.329,29991,0,8542,15:05,Fine,12,26,NaN,NaN,NaN,NaN,66686
20200607,64947,6.221,23802,0,8582,15:10,Fine,15,26,NaN,NaN,NaN,NaN,66624
20200606,56245,5.387,1391,0,8434,16:20,Fine,20,30,NaN,NaN,NaN,NaN,66558
20200605,42200,4.042,0,0,8564,15:25,Fine,19,29,NaN,NaN,NaN,NaN,66486
20200604,53428,5.118,1672,0,8444,15:10,Fine,19,31,NaN,NaN,NaN,NaN,66410
20200603,54887,5.257,7530,0,8096,14:25,Fine,17,33,NaN,NaN,NaN,NaN,66328
20200602,39985,3.830,14005,0,6975,17:10,Partly Cloudy,10,23,NaN,NaN,NaN,NaN,66241
20200601,62106,5.949,32818,0,8580,16:05,Fine,7,22,NaN,NaN,NaN,NaN,66149
20200531,58228,5.577,21625,0,8497,16:45,Fine,12,22,NaN,NaN,NaN,NaN,66052
20200529,42803,4.100,0,0,7216,15:15,Fine,22,29,NaN,NaN,NaN,NaN,65843
20200528,21748,2.083,0,0,6061,16:05,Mostly Cloudy,20,25,NaN,NaN,NaN,NaN,65730
20200527,36936,3.538,0,0,6383,16:15,Partly Cloudy,16,25,NaN,NaN,NaN,NaN,65612
20200526,54812,5.250,20329,0,8470,15:40,Fine,13,26,NaN,NaN,NaN,NaN,65490
20200525,56297,5.392,22907,0,8362,15:00,Fine,15,23,NaN,NaN,NaN,NaN,65361
20200524,22298,2.136,0,0,5485,15:30,Mostly Cloudy,14,19,NaN,NaN,NaN,NaN,65228
20200523,59213,5.672,11204,0,8572,14:05,Fine,15,26,NaN,NaN,NaN,NaN,65089
20200522,24171,2.315,0,0,7889,16:05,Mostly Cloudy,14,21,NaN,NaN,NaN,NaN,64945
20200521,44049,4.219,18406,0,7557,17:00,Fine,7,20,NaN,NaN,NaN,NaN,64796
20200520,51899,4.971,25206,0,8278,15:50,Fine,10,16,NaN,NaN,NaN,NaN,64641
20200519,40341,3.864,16347,0,8148,13:30,Fine,12,19,NaN,NaN,NaN,NaN,64482
20200518,16250,1.557,0,0,4349,14:00,Cloudy,12,18,NaN,NaN,NaN,NaN,64317
20200517,20703,1.983,0,0,3415,14:30,Mostly Cloudy,13,18,NaN,NaN,NaN,NaN,64148
20200516,50580,4.845,12603,0,8579,14:40,Fine,15,26,NaN,NaN,NaN,NaN,63973
20200515,60060,5.753,27013,0,8478,14:10,Fine,15,29,NaN,NaN,NaN,NaN,63792
20200514,40091,3.840,12082,0,7577,17:00,Fine,4,21,NaN,NaN,NaN,NaN,63607
20200513,64320,6.161,41626,0,8576,15:00,Fine,2,20,NaN,NaN,NaN,NaN,63416
20200512,55254,5.293,28089,0,8322,15:40,Fine,4,15,NaN,NaN,NaN,NaN,63219
20200511,44078,4.222,16711,0,8308,14:15,Fine,5,14,NaN,NaN,NaN,NaN,63017
20200510,68656,6.576,41539,0,8585,14:35,Fine,0,17,NaN,NaN,NaN,NaN,62810
20200509,53932,5.166,21889,0,8298,17:10,Fine,0,8,NaN,NaN,NaN,NaN,62599
20200508,18157,1.739,0,0,3556,13:10,Mostly Cloudy,4,14,NaN,NaN,NaN,NaN,62382
20200507,66730,6.392,40284,0,8590,15:00,Fine,4,18,NaN,NaN,NaN,NaN,62160
20200506,14972,1.434,0,0,3312,14:10,Cloudy,6,10,NaN,NaN,NaN,NaN,61932
20200505,26610,2.549,1294,0,4044,14:15,Partly Cloudy,5,14,NaN,NaN,NaN,NaN,61699
20200504,67039,6.421,33676,0,8590,14:00,Fine,11,21,NaN,NaN,NaN,NaN,61461
20200503,36106,3.458,7683,0,8175,15:05,Partly Cloudy,14,25,NaN,NaN,NaN,NaN,61217
20200502,60862,5.830,37101,0,8577,15:00,Fine,8,22,NaN,NaN,NaN,NaN,60970
20200501,42750,4.095,17113,0,7095,17:25,Fine,10,17,NaN,NaN,NaN,NaN,60716
20200430,7236,0.693,0,0,1653,13:30,Showers,13,17,NaN,NaN,NaN,NaN,60458
20200429,43044,4.123,16679,0,7733,14:00,Fine,7,22,NaN,NaN,NaN,NaN,60194
20200428,23039,2.207,0,0,5069,12:55,Mostly Cloudy,3,13,NaN,NaN,NaN,NaN,59924
20200427,39010,3.737,13653,0,6709,18:00,Fine,5,12,NaN,NaN,NaN,NaN,59651
20200426,11696,1.120,0,0,3150,13:15,Cloudy,8,12,NaN,NaN,NaN,NaN,59372
20200425,35341,3.385,6681,0,7573,15:10,Partly Cloudy,6,17,NaN,NaN,NaN,NaN,59089
20200424,16906,1.619,0,0,3214,15:05,Mostly Cloudy,9,12,NaN,NaN,NaN,NaN,58800
20200423,19380,1.856,0,0,3086,11:35,Mostly Cloudy,5,13,NaN,NaN,NaN,NaN,58506
20200422,64540,6.182,32179,0,8593,14:55,Fine,1,14,NaN,NaN,NaN,NaN,58207
20200421,41472,3.972,10825,0,8584,16:15,Fine,6,17,NaN,NaN,NaN,NaN,57904
20200420,39484,3.782,15980,0,6485,15:25,Fine,9,16,NaN,NaN,NaN,NaN,57596
20200419,42161,4.038,11371,0,7960,13:00,Fine,0,17,NaN,NaN,NaN,NaN,57284
20200418,44291,4.242,17717,0,8579,16:35,Fine,3,10,NaN,NaN,NaN,NaN,56966
20200417,29514,2.827,690,0,6846,12:25,Partly Cloudy,0,13,NaN,NaN,NaN,NaN,56642
20200416,60440,5.789,33361,0,8586,14:25,Fine,1,10,NaN,NaN,NaN,NaN,56316
20200415,57839,5.540,31062,0,8578,15:10,Fine,2,11,NaN,NaN,NaN,NaN,55986
20200414,38945,3.730,12537,0,7290,16:00,Fine,4,13,NaN,NaN,NaN,NaN,55650
20200413,41492,3.974,14010,0,8591,15:25,Fine,12,23,NaN,NaN,NaN,NaN,55309
20200412,30657,2.936,5405,0,7505,14:40,Partly Cloudy,5,20,NaN,NaN,NaN,NaN,54964
20200411,59974,5.745,31868,0,8579,14:35,Fine,2,15,NaN,NaN,NaN,NaN,54616
20200410,45147,4.324,19879,0,7613,14:35,Fine,4,9,NaN,NaN,NaN,NaN,54264
20200409,53699,5.144,31271,0,8589,14:15,Fine,7,19,NaN,NaN,NaN,NaN,53906
20200408,56559,5.418,32448,0,8420,16:05,Fine,12,24,NaN,NaN,NaN,NaN,53545
20200407,25894,2.480,299,0,4922,12:00,Partly Cloudy,9,20,NaN,NaN,NaN,NaN,53180
20200406,59604,5.709,37006,0,8553,15:05,Fine,9,19,NaN,NaN,NaN,NaN,52812
20200405,44807,4.292,15508,0,8398,15:30,Fine,8,19,NaN,NaN,NaN,NaN,52439
20200404,19792,1.896,0,0,3892,14:25,Mostly Cloudy,8,14,NaN,NaN,NaN,NaN,52062
20200403,44673,4.279,18389,0,8569,14:45,Fine,7,16,NaN,NaN,NaN,NaN,51681
20200402,53909,5.164,26823,0,8232,14:50,Fine,3,15,NaN,NaN,NaN,NaN,51299
20200401,24491,2.346,0,0,5327,15:05,Partly Cloudy,4,12,NaN,NaN,NaN,NaN,50913
20200331,15939,1.527,0,0,3352,14:10,Mostly Cloudy,5,11,NaN,NaN,NaN,NaN,50522
20200330,43386,4.156,19339,0,7914,13:45,Fine,10,21,NaN,NaN,NaN,NaN,50128
20200329,23424,2.244,0,0,7219,16:55,Partly Cloudy,9,17,NaN,NaN,NaN,NaN,49732
20200328,6887,0.660,0,0,1199,13:10,Cloudy,9,14,NaN,NaN,NaN,NaN,49334
20200327,27866,2.669,0,0,5895,17:20,Partly Cloudy,7,18,NaN,NaN,NaN,NaN,48932
20200326,54949,5.263,29185,0,8575,15:20,Fine,3,15,NaN,NaN,NaN,NaN,48526
20200325,9441,0.904,0,0,2887,13:25,Cloudy,6,8,NaN,NaN,NaN,NaN,48118
20200324,36515,3.498,8815,0,7591,16:10,Fine,4,12,NaN,NaN,NaN,NaN,47709
20200323,10997,1.053,0,0,3381,16:35,Cloudy,3,6,NaN,NaN,NaN,NaN,47297
20200322,40373,3.867,14979,0,7981,13:55,Fine,1,10,NaN,NaN,NaN,NaN,46882
20200321,23605,2.261,0,0,4118,11:00,Partly Cloudy,7,19,NaN,NaN,NaN,NaN,46465
20200320,20871,1.999,0,0,7334,16:10,Partly Cloudy,12,26,NaN,NaN,NaN,NaN,46047
20200319,30200,2.893,5243,0,7553,16:25,Fine,8,19,NaN,NaN,NaN,NaN,45627
20200318,30165,2.889,6611,0,6426,12:35,Fine,3,12,NaN,NaN,NaN,NaN,45205
20200317,37379,3.580,13503,0,8240,15:25,Fine,5,16,NaN,NaN,NaN,NaN,44780
20200316,37064,3.550,13073,0,8062,15:20,Fine,1,11,NaN,NaN,NaN,NaN,44356
20200315,24661,2.362,0,0,6151,17:45,Partly Cloudy,3,10,NaN,NaN,NaN,NaN,43930
20200314,34001,3.257,6713,0,7738,14:00,Fine,5,13,NaN,NaN,NaN,NaN,43502
20200313,30293,2.902,11798,0,7133,13:30,Fine,9,21,NaN,NaN,NaN,NaN,43073
20200312,27093,2.595,3750,0,7223,13:30,Partly Cloudy,5,15,NaN,NaN,NaN,NaN,42644
20200311,14085,1.349,0,0,3651,11:35,Mostly Cloudy,5,13,NaN,NaN,NaN,NaN,42215
20200310,19791,1.896,50,0,7776,14:35,Mostly Cloudy,13,20,NaN,NaN,NaN,NaN,41785
20200309,47000,4.502,23284,0,7961,14:40,Fine,4,22,NaN,NaN,NaN,NaN,41354
20200308,48904,4.684,23301,0,8302,15:30,Fine,0,15,NaN,NaN,NaN,NaN,40922
20200307,54670,5.237,29039,0,8561,14:15,Fine,2,9,NaN,NaN,NaN,NaN,40492
20200306,20290,1.943,0,0,8470,14:30,Partly Cloudy,1,8,NaN,NaN,NaN,NaN,40062
20200305,29967,2.870,9361,0,6376,11:45,Fine,2,11,NaN,NaN,NaN,NaN,39632
20200304,45998,4.406,23475,0,8189,14:00,Fine,6,17,NaN,NaN,NaN,NaN,39201
20200303,23309,2.233,1140,0,6265,15:50,Partly Cloudy,5,16,NaN,NaN,NaN,NaN,38772
20200302,30964,2.966,8004,0,7992,13:15,Fine,0,17,NaN,NaN,NaN,NaN,38344
20200301,48492,4.645,16230,0,8212,14:05,Fine,-5,9,NaN,NaN,NaN,NaN,37917
20200229,37226,3.566,9218,0,8453,14:50,Fine,-2,1,NaN,NaN,NaN,NaN,37491
20200228,34678,3.322,9796,0,7138,14:00,Fine,-1,6,NaN,NaN,NaN,NaN,37065
20200227,47920,4.590,21515,0,8578,14:15,Fine,0,5,NaN,NaN,NaN,NaN,36642
20200226,5787,0.554,0,0,1067,10:05,Cloudy,6,10,NaN,NaN,NaN,NaN,36221
20200225,6115,0.586,0,0,1536,11:30,Cloudy,7,10,NaN,NaN,NaN,NaN,35802
20200224,25502,2.443,1068,0,4800,12:25,Partly Cloudy,-1,14,NaN,NaN,NaN,NaN,35384
20200223,45804,4.387,17243,0,7823,14:25,Fine,-4,13,NaN,NaN,NaN,NaN,34968
20200222,47591,4.559,21154,0,8099,14:05,Fine,-4,11,NaN,NaN,NaN,NaN,34555
20200221,47330,4.534,20588,0,8089,14:05,Fine,-6,2,NaN,NaN,NaN,NaN,34145
20200220,16813,1.610,0,0,2999,14:00,Mostly Cloudy,-1,3,NaN,NaN,NaN,NaN,33737
20200219,38638,3.701,18699,0,8250,14:15,Fine,1,10,NaN,NaN,NaN,NaN,33332
20200218,28186,2.700,3712,0,6987,12:40,Fine,3,14,NaN,NaN,NaN,NaN,32929
20200217,42332,4.055,16378,0,7387,14:15,Fine,0,11,NaN,NaN,NaN,NaN,32530
20200216,32820,3.144,4251,0,7464,13:40,Fine,-1,10,NaN,NaN,NaN,NaN,32136
20200215,37717,3.613,0,0,6980,13:30,Fine,-7,1,NaN,NaN,NaN,NaN,31744
20200214,45111,4.321,22018,0,8139,14:25,Fine,-4,4,NaN,NaN,NaN,NaN,31357
20200213,3269,0.313,0,0,933,15:20,Showers,3,12,NaN,NaN,NaN,NaN,30972
20200212,17502,1.676,0,0,4483,12:30,Partly Cloudy,3,8,NaN,NaN,NaN,NaN,30592
20200211,9585,0.918,0,0,2790,14:40,Cloudy,7,11,NaN,NaN,NaN,NaN,30216
20200210,6794,0.651,0,0,2348,10:55,Cloudy,4,8,NaN,NaN,NaN,NaN,29845
20200209,39261,3.761,9219,0,7319,13:50,Fine,-2,8,NaN,NaN,NaN,NaN,29479
20200208,25832,2.474,0,0,7204,15:05,Partly Cloudy,-1,5,NaN,NaN,NaN,NaN,29117
20200207,31386,3.006,8188,0,7924,14:15,Fine,0,13,NaN,NaN,NaN,NaN,28760
20200206,2378,0.228,0,0,549,12:50,Showers,2,6,NaN,NaN,NaN,NaN,28408
20200205,5136,0.492,0,0,1438,14:10,Showers,2,12,NaN,NaN,NaN,NaN,28061
20200204,11586,1.110,0,0,2668,12:30,Mostly Cloudy,10,18,NaN,NaN,NaN,NaN,27719
20200203,23441,2.245,5195,0,6049,12:40,Partly Cloudy,6,17,NaN,NaN,NaN,NaN,27383
20200202,28164,2.698,0,0,7183,13:45,Fine,1,10,NaN,NaN,NaN,NaN,27053
20200201,21158,2.027,0,0,6752,14:15,Partly Cloudy,-1,8,NaN,NaN,NaN,NaN,26728
20200131,13619,1.305,0,0,3166,13:35,Partly Cloudy,0,6,NaN,NaN,NaN,NaN,26410
20200130,24297,2.327,0,0,6231,13:05,Fine,-3,3,NaN,NaN,NaN,NaN,26097
20200129,38600,3.697,14099,0,6991,14:10,Fine,-1,6,NaN,NaN,NaN,NaN,25791
20200128,11265,1.079,0,0,2934,10:20,Mostly Cloudy,2,6,NaN,NaN,NaN,NaN,25490
20200127,12759,1.222,0,0,5794,12:40,Partly Cloudy,1,8,NaN,NaN,NaN,NaN,25197
20200126,11080,1.061,0,0,3510,13:55,Mostly Cloudy,1,7,NaN,NaN,NaN,NaN,24909
20200125,14981,1.435,0,0,4458,15:40,Partly Cloudy,3,9,NaN,NaN,NaN,NaN,24628
20200124,15222,1.458,0,0,4029,11:40,Partly Cloudy,0,9,NaN,NaN,NaN,NaN,24354
20200123,15874,1.520,0,0,3431,11:55,Partly Cloudy,-5,5,NaN,NaN,NaN,NaN,24088
20200122,34862,3.339,6381,0,6720,14:05,Fine,-7,3,NaN,NaN,NaN,NaN,23828
20200121,36452,3.492,6767,0,6937,14:00,Fine,-7,1,NaN,NaN,NaN,NaN,23576
20200120,36979,3.542,10948,0,7082,14:00,Fine,-5,0,NaN,NaN,NaN,NaN,23330
20200119,24309,2.328,0,0,7050,13:40,Fine,-3,4,NaN,NaN,NaN,NaN,23092
20200118,5119,0.490,0,0,2076,10:25,Cloudy,-4,3,NaN,NaN,NaN,NaN,22862
20200117,34876,3.341,13847,0,7001,14:25,Fine,-4,1,NaN,NaN,NaN,NaN,22638
20200116,30193,2.892,10953,0,6527,13:15,Fine,1,10,NaN,NaN,NaN,NaN,22423
20200115,27499,2.634,6794,0,5871,13:15,Fine,4,13,NaN,NaN,NaN,NaN,22214
20200114,3467,0.332,0,0,813,11:30,Showers,3,7,NaN,NaN,NaN,NaN,22014
20200113,8753,0.838,0,0,2107,12:25,Mostly Cloudy,3,10,NaN,NaN,NaN,NaN,21822
20200112,31417,3.009,2811,0,6244,14:00,Fine,6,19,NaN,NaN,NaN,NaN,21637
20200111,9032,0.865,0,0,2490,14:45,Mostly Cloudy,9,20,NaN,NaN,NaN,NaN,21460
20200110,12510,1.198,0,0,2822,13:00,Partly Cloudy,0,11,NaN,NaN,NaN,NaN,21292
20200109,29715,2.846,0,0,6847,14:55,Fine,-5,2,NaN,NaN,NaN,NaN,21131
20200108,26164,2.506,5774,0,6311,14:25,Fine,-1,5,NaN,NaN,NaN,NaN,20979
20200107,6649,0.637,0,0,2758,10:30,Cloudy,-1,5,NaN,NaN,NaN,NaN,20834
20200106,31090,2.978,8129,0,6315,14:20,Fine,0,10,NaN,NaN,NaN,NaN,20698
20200105,13822,1.324,0,0,5400,14:40,Partly Cloudy,0,6,NaN,NaN,NaN,NaN,20570
20200104,5320,0.510,0,0,1392,11:35,Cloudy,6,13,NaN,NaN,NaN,NaN,20451
20200103,6873,0.658,0,0,2629,12:00,Cloudy,7,10,NaN,NaN,NaN,NaN,20340
20200102,21956,2.103,0,0,5339,12:30,Fine,-2,10,NaN,NaN,NaN,NaN,20237
20200101,31632,3.030,7895,0,6262,13:50,Fine,0,8,NaN,NaN,NaN,NaN,20143
20191230,11360,1.088,0,0,5500,14:15,Partly Cloudy,6,15,NaN,NaN,NaN,NaN,19979
20191229,3253,0.312,0,0,777,11:20,Showers,5,9,NaN,NaN,NaN,NaN,19910
20191228,20561,1.969,1142,0,4735,12:25,Fine,3,16,NaN,NaN,NaN,NaN,19849
20191227,17058,1.634,0,0,5459,13:30,Fine,3,13,NaN,NaN,NaN,NaN,19798
20191226,24279,2.326,39,0,5226,13:30,Fine,-2,11,NaN,NaN,NaN,NaN,19755
20191225,19345,1.853,0,0,4448,12:35,Fine,-3,8,NaN,NaN,NaN,NaN,19720
20191224,27610,2.645,583,0,5699,12:45,Fine,-1,10,NaN,NaN,NaN,NaN,19694
20191223,23730,2.273,0,0,6086,13:30,Fine,-2,11,NaN,NaN,NaN,NaN,19677
20191222,24189,2.317,0,0,5727,14:00,Fine,-5,9,NaN,NaN,NaN,NaN,19668
20191221,12510,1.198,0,0,2480,12:35,Partly Cloudy,-4,2,NaN,NaN,NaN,NaN,19668
20191220,29143,2.791,0,0,5926,13:45,Fine,-7,3,NaN,NaN,NaN,NaN,19676
20191219,31804,3.046,7676,0,6341,13:25,Fine,-7,0,NaN,NaN,NaN,NaN,19693
20191218,20723,1.985,0,0,6014,14:05,Fine,-4,3,NaN,NaN,NaN,NaN,19718
20191217,2616,0.251,0,0,562,12:15,Showers,1,3,NaN,NaN,NaN,NaN,19752
20191216,997,0.095,0,0,273,12:50,Showers,0,2,NaN,NaN,NaN,NaN,19795
20191215,28842,2.763,120,0,6061,13:40,Fine,2,10,NaN,NaN,NaN,NaN,19846
20191214,7992,0.766,0,0,3786,14:15,Mostly Cloudy,5,8,NaN,NaN,NaN,NaN,19906
20191213,3053,0.292,0,0,836,12:40,Showers,-1,5,NaN,NaN,NaN,NaN,19974
20191212,29076,2.785,5656,0,6013,13:25,Fine,-3,2,NaN,NaN,NaN,NaN,20050
20191211,29396,2.816,7558,0,6471,13:55,Fine,-1,3,NaN,NaN,NaN,NaN,20135
20191210,2535,0.243,0,0,646,13:00,Showers,2,13,NaN,NaN,NaN,NaN,20228
20191209,2342,0.224,0,0,549,12:20,Showers,5,10,NaN,NaN,NaN,NaN,20329
20191208,24455,2.342,0,0,5048,14:05,Fine,-4,7,NaN,NaN,NaN,NaN,20440
20191207,30727,2.943,0,0,6419,13:45,Fine,-2,7,NaN,NaN,NaN,NaN,20558
20191206,15069,1.443,0,0,3775,10:45,Partly Cloudy,0,10,NaN,NaN,NaN,NaN,20685
20191205,28126,2.694,5583,0,6683,13:30,Fine,0,7,NaN,NaN,NaN,NaN,20820
20191204,11447,1.096,0,0,4822,13:15,Partly Cloudy,0,7,NaN,NaN,NaN,NaN,20963
20191203,29272,2.804,6265,0,6461,13:35,Fine,2,7,NaN,NaN,NaN,NaN,21113
20191202,3869,0.371,0,0,1957,13:05,Cloudy,2,4,NaN,NaN,NaN,NaN,21272
20191201,1322,0.127,0,0,642,11:35,Showers,2,5,NaN,NaN,NaN,NaN,21440
20191130,10158,0.973,0,0,2943,10:50,Mostly Cloudy,1,6,NaN,NaN,NaN,NaN,21615
20191129,29287,2.805,5544,0,6305,13:40,Fine,1,8,NaN,NaN,NaN,NaN,21798
20191128,17237,1.651,0,0,5527,11:55,Partly Cloudy,4,12,NaN,NaN,NaN,NaN,21988
20191127,5820,0.557,0,0,2606,14:00,Cloudy,5,13,NaN,NaN,NaN,NaN,22186
20191126,27260,2.611,6107,0,6067,13:40,Fine,0,15,NaN,NaN,NaN,NaN,22392
20191125,31752,3.041,13193,0,6164,13:30,Fine,0,13,NaN,NaN,NaN,NaN,22606
20191124,30589,2.930,6639,0,6813,13:05,Fine,3,10,NaN,NaN,NaN,NaN,22827
20191123,9975,0.955,0,0,2843,12:55,Mostly Cloudy,-2,5,NaN,NaN,NaN,NaN,23056
20191122,5074,0.486,0,0,3045,16:05,Cloudy,2,11,NaN,NaN,NaN,NaN,23291
20191121,20427,1.957,0,0,6702,14:10,Fine,1,11,NaN,NaN,NaN,NaN,23534
20191120,8427,0.807,0,0,3218,13:25,Cloudy,5,10,NaN,NaN,NaN,NaN,23783
20191119,20502,1.964,1512,0,5618,13:15,Fine,4,11,NaN,NaN,NaN,NaN,24041
20191118,23513,2.252,1066,0,6440,14:35,Fine,2,7,NaN,NaN,NaN,NaN,24305
20191117,9257,0.887,0,0,2332,11:00,Mostly Cloudy,0,6,NaN,NaN,NaN,NaN,24576
20191116,35745,3.424,8728,0,6730,13:40,Fine,0,6,NaN,NaN,NaN,NaN,24854
20191115,23061,2.209,889,0,6143,12:15,Fine,-1,11,NaN,NaN,NaN,NaN,25137
20191114,29377,2.814,7446,0,7290,13:10,Fine,-4,5,NaN,NaN,NaN,NaN,25427
20191113,35975,3.446,11994,0,6986,13:40,Fine,-5,2,NaN,NaN,NaN,NaN,25724
20191112,6697,0.641,0,0,5313,14:40,Cloudy,-2,14,NaN,NaN,NaN,NaN,26028
20191111,29061,2.784,9563,0,6363,13:10,Fine,2,18,NaN,NaN,NaN,NaN,26337
20191110,20594,1.973,0,0,5514,11:40,Fine,0,13,NaN,NaN,NaN,NaN,26652
20191109,23967,2.296,0,0,6460,12:00,Fine,-4,5,NaN,NaN,NaN,NaN,26972
20191108,22258,2.132,3054,0,6884,14:40,Fine,-1,7,NaN,NaN,NaN,NaN,27299
20191107,12312,1.179,0,0,4757,13:50,Mostly Cloudy,6,14,NaN,NaN,NaN,NaN,27631
20191106,36759,3.521,19812,0,6690,13:45,Fine,3,13,NaN,NaN,NaN,NaN,27969
20191105,29102,2.788,11305,0,6519,14:10,Fine,3,17,NaN,NaN,NaN,NaN,28312
20191104,35451,3.396,16283,0,6944,13:50,Fine,0,15,NaN,NaN,NaN,NaN,28660
20191103,39744,3.807,13720,0,7116,13:50,Fine,1,11,NaN,NaN,NaN,NaN,29013
20191102,38281,3.667,12241,0,6883,14:35,Fine,0,11,NaN,NaN,NaN,NaN,29370
20191101,40529,3.882,24837,0,7344,14:35,Fine,2,11,NaN,NaN,NaN,NaN,29732
20191031,3192,0.306,0,0,1080,15:55,Showers,12,23,NaN,NaN,NaN,NaN,30099
20191030,11021,1.056,0,0,3135,14:25,Cloudy,12,18,NaN,NaN,NaN,NaN,30471
20191029,10971,1.051,0,0,2426,12:45,Cloudy,12,17,NaN,NaN,NaN,NaN,30847
20191028,38607,3.698,22540,0,6933,15:00,Fine,9,19,NaN,NaN,NaN,NaN,31226
20191027,31761,3.042,7726,0,7042,14:35,Fine,14,24,NaN,NaN,NaN,NaN,31610
20191026,10354,0.992,0,0,2377,13:55,Cloudy,12,16,NaN,NaN,NaN,NaN,31997
20191025,20676,1.980,1523,0,5537,14:30,Partly Cloudy,7,18,NaN,NaN,NaN,NaN,32387
20191024,40647,3.893,24976,0,7095,14:35,Fine,3,19,NaN,NaN,NaN,NaN,32781
20191023,42690,4.089,27877,0,7449,14:30,Fine,7,18,NaN,NaN,NaN,NaN,33179
20191022,3508,0.336,0,0,892,12:00,Showers,13,15,NaN,NaN,NaN,NaN,33580
20191021,33719,3.230,25059,0,6942,14:55,Fine,13,19,NaN,NaN,NaN,NaN,33984
20191020,645,0.062,0,0,436,10:25,Showers,10,12,NaN,NaN,NaN,NaN,34390
20191019,28512,2.731,12583,0,7294,14:00,Fine,3,17,NaN,NaN,NaN,NaN,34799
20191018,45246,4.334,27759,0,7593,15:00,Fine,7,16,NaN,NaN,NaN,NaN,35210
20191017,23131,2.216,1264,0,5353,13:40,Partly Cloudy,9,13,NaN,NaN,NaN,NaN,35623
20191016,3957,0.379,0,0,2679,17:35,Showers,10,16,NaN,NaN,NaN,NaN,36039
20191015,42107,4.033,26353,0,7061,14:45,Fine,6,20,NaN,NaN,NaN,NaN,36457
20191014,44014,4.216,24762,0,7374,15:10,Fine,7,23,NaN,NaN,NaN,NaN,36877
20191013,15393,1.474,0,0,5468,12:35,Mostly Cloudy,10,17,NaN,NaN,NaN,NaN,37298
20191012,19873,1.904,3975,0,6132,12:10,Partly Cloudy,8,20,NaN,NaN,NaN,NaN,37720
20191011,44448,4.257,29850,0,7373,14:40,Fine,9,22,NaN,NaN,NaN,NaN,38144
20191010,40352,3.865,24435,0,7158,14:30,Fine,11,23,NaN,NaN,NaN,NaN,38568
20191009,40112,3.842,18904,0,7417,14:50,Fine,11,19,NaN,NaN,NaN,NaN,38994
20191008,20254,1.940,3837,0,5008,12:50,Partly Cloudy,13,18,NaN,NaN,NaN,NaN,39420
20191007,20243,1.939,2589,0,5008,16:35,Partly Cloudy,15,25,NaN,NaN,NaN,NaN,39848
20191006,5969,0.572,0,0,1202,10:55,Cloudy,14,21,NaN,NaN,NaN,NaN,40276
20191005,36286,3.476,17185,0,8333,15:55,Fine,6,17,NaN,NaN,NaN,NaN,40704
20191004,46909,4.493,20093,0,8151,14:05,Fine,10,23,NaN,NaN,NaN,NaN,41133
20191003,6213,0.595,0,0,1058,13:10,Cloudy,21,25,NaN,NaN,NaN,NaN,41561
20191002,34555,3.310,2731,0,6929,15:50,Fine,20,33,NaN,NaN,NaN,NaN,41989
20191001,42479,4.069,18081,0,6884,14:40,Fine,18,29,NaN,NaN,NaN,NaN,42416
20190930,8801,0.843,0,0,2876,14:10,Cloudy,19,21,NaN,NaN,NaN,NaN,42843
20190929,34424,3.297,0,0,7757,13:45,Fine,20,28,NaN,NaN,NaN,NaN,43269
20190928,31702,3.037,0,0,7025,15:30,Partly Cloudy,17,29,NaN,NaN,NaN,NaN,43696
20190927,42337,4.055,16732,0,7873,14:45,Fine,13,26,NaN,NaN,NaN,NaN,44121
20190926,26368,2.526,8064,0,7078,14:30,Partly Cloudy,14,28,NaN,NaN,NaN,NaN,44546
20190925,48550,4.650,28078,0,7582,14:50,Fine,12,27,NaN,NaN,NaN,NaN,44969
20190924,44062,4.220,18915,0,8277,15:30,Fine,15,25,NaN,NaN,NaN,NaN,45390
20190923,35301,3.381,4238,0,7890,14:35,Fine,20,32,NaN,NaN,NaN,NaN,45810
20190922,40067,3.838,8454,0,6883,15:10,Fine,17,31,NaN,NaN,NaN,NaN,46229
20190921,45106,4.320,13709,0,7210,14:35,Fine,12,30,NaN,NaN,NaN,NaN,46645
20190920,51143,4.899,32487,0,7938,14:50,Fine,9,25,NaN,NaN,NaN,NaN,47060
20190919,53554,5.130,35240,0,7898,15:00,Fine,11,22,NaN,NaN,NaN,NaN,47472
20190918,42861,4.105,18824,0,8575,14:35,Fine,12,24,NaN,NaN,NaN,NaN,47884
20190917,38947,3.731,6713,0,8054,15:45,Fine,16,25,NaN,NaN,NaN,NaN,48293
20190916,43905,4.205,18058,0,7262,14:55,Fine,16,31,NaN,NaN,NaN,NaN,48699
20190915,51112,4.896,7167,0,7767,15:00,Fine,18,29,NaN,NaN,NaN,NaN,49103
20190914,17802,1.705,0,0,3451,12:20,Mostly Cloudy,16,25,NaN,NaN,NaN,NaN,49505
20190913,10585,1.014,0,0,2477,12:15,Cloudy,18,23,NaN,NaN,NaN,NaN,49903
20190912,42581,4.079,10270,0,7547,14:10,Fine,21,33,NaN,NaN,NaN,NaN,50299
20190911,37496,3.592,0,0,7141,15:05,Fine,19,33,NaN,NaN,NaN,NaN,50691
20190910,40303,3.860,8326,0,7003,13:35,Fine,17,29,NaN,NaN,NaN,NaN,51081
20190909,26949,2.581,2888,0,5960,13:50,Partly Cloudy,18,27,NaN,NaN,NaN,NaN,51467
20190908,41779,4.002,9414,0,7771,13:30,Fine,14,26,NaN,NaN,NaN,NaN,51851
20190907,43622,4.178,14766,0,8154,14:20,Fine,13,26,NaN,NaN,NaN,NaN,52232
20190906,16490,1.580,0,0,4625,18:30,Mostly Cloudy,16,22,NaN,NaN,NaN,NaN,52609
20190905,33492,3.208,2322,0,7123,12:40,Fine,19,25,NaN,NaN,NaN,NaN,52982
20190904,40347,3.865,4519,0,7617,16:00,Fine,20,33,NaN,NaN,NaN,NaN,53352
20190903,53168,5.093,16394,0,7809,15:00,Fine,18,29,NaN,NaN,NaN,NaN,53719
20190902,40180,3.849,0,0,8157,14:35,Fine,21,30,NaN,NaN,NaN,NaN,54081
20190901,28217,2.703,0,0,6759,14:15,Partly Cloudy,19,26,NaN,NaN,NaN,NaN,54439
20190831,51883,4.970,0,0,7704,14:55,Fine,18,29,NaN,NaN,NaN,NaN,54793
20190830,53066,5.083,21138,0,7841,14:55,Fine,14,31,NaN,NaN,NaN,NaN,55143
20190829,55104,5.278,30649,0,8450,15:05,Fine,15,27,NaN,NaN,NaN,NaN,55490
20190828,23367,2.238,0,0,3964,14:10,Mostly Cloudy,18,26,NaN,NaN,NaN,NaN,55833
20190827,41018,3.929,15135,0,7930,14:10,Fine,16,25,NaN,NaN,NaN,NaN,56172
20190826,27416,2.626,6308,0,5854,13:05,Partly Cloudy,15,23,NaN,NaN,NaN,NaN,56506
20190825,47791,4.578,28675,0,8578,14:55,Fine,15,24,NaN,NaN,NaN,NaN,56836
20190824,29252,2.802,0,0,6806,13:55,Partly Cloudy,14,24,NaN,NaN,NaN,NaN,57161
20190823,9677,0.927,0,0,2130,15:10,Cloudy,17,22,NaN,NaN,NaN,NaN,57482
20190822,50082,4.797,14090,0,7945,14:25,Fine,21,32,NaN,NaN,NaN,NaN,57798
20190821,41989,4.022,7440,0,7999,15:15,Fine,20,32,NaN,NaN,NaN,NaN,58110
20190820,43416,4.159,883,0,7997,14:40,Fine,22,33,NaN,NaN,NaN,NaN,58416
20190819,46798,4.483,8081,0,7732,14:35,Fine,20,34,NaN,NaN,NaN,NaN,58720
20190818,40931,3.921,0,0,8261,14:50,Fine,22,34,NaN,NaN,NaN,NaN,59018
20190817,52505,5.029,0,0,7789,14:05,Fine,22,32,NaN,NaN,NaN,NaN,59312
20190816,35258,3.377,0,0,7049,13:55,Partly Cloudy,21,30,NaN,NaN,NaN,NaN,59600
20190815,28550,2.735,0,0,7921,14:30,Partly Cloudy,22,28,NaN,NaN,NaN,NaN,59884
20190814,41675,3.992,0,0,7021,16:40,Fine,23,29,NaN,NaN,NaN,NaN,60163
20190813,25524,2.445,0,0,5890,14:50,Partly Cloudy,23,27,NaN,NaN,NaN,NaN,60437
20190812,49242,4.717,5362,0,8079,15:00,Fine,16,31,NaN,NaN,NaN,NaN,60706
20190811,59733,5.722,12203,0,8264,15:15,Fine,16,28,NaN,NaN,NaN,NaN,60970
20190810,57218,5.481,10365,0,8399,14:55,Fine,16,28,NaN,NaN,NaN,NaN,61229
20190809,57372,5.495,11663,0,8199,15:10,Fine,20,31,NaN,NaN,NaN,NaN,61484
20190808,54582,5.228,11279,0,8342,14:50,Fine,19,31,NaN,NaN,NaN,NaN,61734
20190807,37078,3.552,0,0,7597,13:40,Partly Cloudy,20,31,NaN,NaN,NaN,NaN,61978
20190806,43727,4.188,6315,0,7932,15:00,Fine,20,32,NaN,NaN,NaN,NaN,62217
20190805,35926,3.441,0,0,6682,13:45,Partly Cloudy,20,30,NaN,NaN,NaN,NaN,62452
20190804,52869,5.064,0,0,8084,14:20,Fine,20,31,NaN,NaN,NaN,NaN,62681
20190803,51819,4.964,0,0,8355,14:05,Fine,20,30,NaN,NaN,NaN,NaN,62905
20190801,49125,4.705,5844,0,8064,15:45,Fine,19,30,NaN,NaN,NaN,NaN,63337
20190731,31218,2.990,0,0,7925,15:35,Partly Cloudy,21,29,NaN,NaN,NaN,NaN,63547
20190730,51602,4.943,10160,0,8105,14:35,Fine,22,34,NaN,NaN,NaN,NaN,63751
20190729,48338,4.630,9001,0,7526,14:15,Fine,21,33,NaN,NaN,NaN,NaN,63949
20190728,57965,5.552,0,0,8100,15:15,Fine,20,32,NaN,NaN,NaN,NaN,64143
20190727,59486,5.698,19531,0,7978,15:20,Fine,18,31,NaN,NaN,NaN,NaN,64331
20190726,47364,4.537,10087,0,8245,14:35,Fine,16,30,NaN,NaN,NaN,NaN,64514
20190725,57931,5.549,15275,0,8225,14:40,Fine,16,28,NaN,NaN,NaN,NaN,64692
20190724,57698,5.527,5079,0,8502,14:40,Fine,17,27,NaN,NaN,NaN,NaN,64865
20190723,26477,2.536,0,0,4985,14:10,Mostly Cloudy,19,24,NaN,NaN,NaN,NaN,65032
20190722,32950,3.156,0,0,7252,13:15,Partly Cloudy,22,33,NaN,NaN,NaN,NaN,65196
20190721,56216,5.385,0,0,7991,15:10,Fine,24,36,NaN,NaN,NaN,NaN,65353
20190720,54546,5.225,0,0,7814,15:40,Fine,25,35,NaN,NaN,NaN,NaN,65506
20190719,57231,5.482,2426,0,8070,15:15,Fine,23,35,NaN,NaN,NaN,NaN,65654
20190718,48535,4.649,13701,0,8083,16:05,Fine,23,31,NaN,NaN,NaN,NaN,65796
20190717,42382,4.060,1745,0,7982,16:05,Fine,23,35,NaN,NaN,NaN,NaN,65932
20190716,46179,4.423,12224,0,8068,15:50,Fine,20,33,NaN,NaN,NaN,NaN,66064
20190715,62477,5.984,19351,0,8233,15:35,Fine,18,31,NaN,NaN,NaN,NaN,66190
20190714,61066,5.849,30282,0,8172,15:40,Fine,21,32,NaN,NaN,NaN,NaN,66312
20190713,63336,6.067,17161,0,8207,14:45,Fine,19,31,NaN,NaN,NaN,NaN,66429
20190712,61699,5.910,15333,0,8478,15:15,Fine,20,31,NaN,NaN,NaN,NaN,66541
20190711,26041,2.494,0,0,6845,13:05,Mostly Cloudy,21,30,NaN,NaN,NaN,NaN,66647
20190710,52119,4.992,15123,0,7293,17:05,Fine,19,30,NaN,NaN,NaN,NaN,66749
20190709,56218,5.385,22644,0,8344,14:50,Fine,17,29,NaN,NaN,NaN,NaN,66845
20190708,21023,2.014,0,0,5410,16:15,Mostly Cloudy,19,24,NaN,NaN,NaN,NaN,66936
20190707,34713,3.325,0,0,7101,13:35,Partly Cloudy,21,30,NaN,NaN,NaN,NaN,67022
20190706,55377,5.304,6248,0,8307,15:20,Fine,22,32,NaN,NaN,NaN,NaN,67103
20190705,47015,4.503,5809,0,8382,14:55,Fine,22,31,NaN,NaN,NaN,NaN,67178
20190704,18664,1.788,0,0,5302,11:30,Mostly Cloudy,22,31,NaN,NaN,NaN,NaN,67249
20190703,60286,5.775,15574,0,8052,15:20,Fine,21,32,NaN,NaN,NaN,NaN,67314
20190702,50040,4.793,11733,0,8467,14:35,Fine,17,33,NaN,NaN,NaN,NaN,67375
20190701,65466,6.271,25502,0,8400,15:15,Fine,16,29,NaN,NaN,NaN,NaN,67431
20190630,63703,6.102,3542,0,8580,15:05,Fine,21,31,NaN,NaN,NaN,NaN,67482
20190629,50294,4.817,10495,0,8145,15:35,Fine,20,33,NaN,NaN,NaN,NaN,67527
20190628,58034,5.559,6991,0,8204,15:25,Fine,20,33,NaN,NaN,NaN,NaN,67568
20190627,48147,4.612,0,0,8067,15:05,Fine,21,33,NaN,NaN,NaN,NaN,67603
20190626,59298,5.680,18214,0,8451,15:40,Fine,18,31,NaN,NaN,NaN,NaN,67634
20190625,55649,5.330,9634,0,8513,15:15,Fine,22,30,NaN,NaN,NaN,NaN,67659
20190624,39512,3.785,0,0,8102,14:05,Partly Cloudy,16,30,NaN,NaN,NaN,NaN,67679
20190623,66465,6.366,35103,0,8394,15:10,Fine,13,28,NaN,NaN,NaN,NaN,67695
20190622,64589,6.187,18787,0,8578,14:20,Fine,15,27,NaN,NaN,NaN,NaN,67705
20190621,60105,5.757,17467,0,8579,14:45,Fine,20,27,NaN,NaN,NaN,NaN,67710
20190620,48569,4.652,0,0,8546,14:30,Fine,22,30,NaN,NaN,NaN,NaN,67710
20190619,51684,4.951,13576,0,8501,15:20,Fine,21,29,NaN,NaN,NaN,NaN,67705
20190618,39751,3.808,0,0,8226,16:30,Partly Cloudy,21,28,NaN,NaN,NaN,NaN,67695
20190617,41710,3.995,0,0,6477,18:00,Partly Cloudy,21,30,NaN,NaN,NaN,NaN,67679
20190616,37174,3.561,2181,0,7475,12:55,Partly Cloudy,19,28,NaN,NaN,NaN,NaN,67659
20190615,47674,4.566,16830,0,7977,16:00,Fine,11,27,NaN,NaN,NaN,NaN,67634
20190614,69093,6.618,45056,0,8590,15:25,Fine,13,23,NaN,NaN,NaN,NaN,67603
20190613,29780,2.852,6310,0,8201,16:00,Partly Cloudy,15,23,NaN,NaN,NaN,NaN,67568
20190612,59165,5.667,35395,0,8577,15:05,Fine,14,24,NaN,NaN,NaN,NaN,67527
20190611,67066,6.424,43967,0,8586,15:30,Fine,16,25,NaN,NaN,NaN,NaN,67482
20190610,21403,2.050,0,0,3837,15:55,Mostly Cloudy,16,24,NaN,NaN,NaN,NaN,67431
20190609,20808,1.993,0,0,4245,10:45,Mostly Cloudy,17,23,NaN,NaN,NaN,NaN,67376
20190608,52482,5.027,15292,0,8584,14:50,Fine,18,27,NaN,NaN,NaN,NaN,67315
20190607,35043,3.357,2321,0,7557,13:15,Partly Cloudy,20,26,NaN,NaN,NaN,NaN,67249
20190606,55445,5.311,15046,0,8504,14:40,Fine,20,29,NaN,NaN,NaN,NaN,67178
20190605,31578,3.025,6790,0,6488,13:10,Partly Cloudy,15,26,NaN,NaN,NaN,NaN,67102
20190604,62037,5.942,37974,0,8570,14:30,Fine,8,24,NaN,NaN,NaN,NaN,67020
20190603,68420,6.554,29310,0,8586,14:05,Fine,11,22,NaN,NaN,NaN,NaN,66934
20190602,36164,3.464,0,0,7688,13:25,Partly Cloudy,16,28,NaN,NaN,NaN,NaN,66842
20190601,59252,5.675,24157,0,8058,14:45,Fine,17,28,NaN,NaN,NaN,NaN,66745
20190531,51789,4.961,14516,0,8371,14:30,Fine,17,28,NaN,NaN,NaN,NaN,66643
20190530,33365,3.196,0,0,7173,13:00,Partly Cloudy,20,29,NaN,NaN,NaN,NaN,66536
20190529,48821,4.676,10290,0,8076,14:15,Fine,19,32,NaN,NaN,NaN,NaN,66424
20190528,53975,5.170,13733,0,8351,14:45,Fine,18,31,NaN,NaN,NaN,NaN,66306
20190527,47591,4.559,11066,0,8199,16:15,Fine,18,27,NaN,NaN,NaN,NaN,66183
20190526,42469,4.068,8553,0,8073,16:10,Fine,18,30,NaN,NaN,NaN,NaN,66055
20190525,50880,4.874,25467,0,8457,15:10,Fine,17,26,NaN,NaN,NaN,NaN,65921
20190524,59711,5.719,29995,0,8582,14:50,Fine,19,27,NaN,NaN,NaN,NaN,65783
20190523,46508,4.455,20484,0,8307,14:20,Fine,15,28,NaN,NaN,NaN,NaN,65638
20190522,54570,5.227,36981,0,7896,15:55,Fine,9,22,NaN,NaN,NaN,NaN,65489
20190521,56989,5.459,34748,0,8584,14:20,Fine,14,21,NaN,NaN,NaN,NaN,65334
20190520,47453,4.545,12351,0,8148,16:30,Fine,22,30,NaN,NaN,NaN,NaN,65174
20190519,57888,5.545,30978,0,8310,15:25,Fine,16,30,NaN,NaN,NaN,NaN,65009
20190518,53158,5.092,33073,0,8295,14:00,Fine,17,26,NaN,NaN,NaN,NaN,64839
20190517,52738,5.052,33003,0,8330,14:40,Fine,12,27,NaN,NaN,NaN,NaN,64664
20190516,56613,5.423,38995,0,8580,14:55,Fine,11,24,NaN,NaN,NaN,NaN,64483
20190515,55415,5.308,38960,0,8571,14:00,Fine,6,22,NaN,NaN,NaN,NaN,64296
20190514,36565,3.502,14374,0,7134,13:55,Partly Cloudy,7,14,NaN,NaN,NaN,NaN,64105
20190513,20325,1.947,0,0,5890,13:40,Mostly Cloudy,8,12,NaN,NaN,NaN,NaN,63908
20190512,8671,0.831,0,0,2048,12:45,Showers,8,13,NaN,NaN,NaN,NaN,63705
20190511,25317,2.425,0,0,4898,12:55,Mostly Cloudy,13,18,NaN,NaN,NaN,NaN,63497
20190510,37999,3.640,11567,0,7478,12:50,Partly Cloudy,17,26,NaN,NaN,NaN,NaN,63285
20190509,26270,2.516,0,0,7057,17:10,Mostly Cloudy,14,22,NaN,NaN,NaN,NaN,63067
20190508,11665,1.117,0,0,2188,10:45,Cloudy,15,18,NaN,NaN,NaN,NaN,62844
20190507,48688,4.664,25257,0,8272,15:00,Fine,13,26,NaN,NaN,NaN,NaN,62615
20190506,50227,4.811,34745,0,8080,15:10,Fine,12,23,NaN,NaN,NaN,NaN,62381
20190505,7791,0.746,0,0,1578,12:05,Showers,13,18,NaN,NaN,NaN,NaN,62141
20190504,21838,2.092,4313,0,7838,14:55,Mostly Cloudy,16,22,NaN,NaN,NaN,NaN,61896
20190503,42006,4.024,21126,0,8318,14:30,Fine,16,23,NaN,NaN,NaN,NaN,61647
20190502,46272,4.432,24178,0,8123,14:40,Fine,14,29,NaN,NaN,NaN,NaN,61393
20190501,15213,1.457,0,0,2369,13:00,Cloudy,13,17,NaN,NaN,NaN,NaN,61133
20190430,47068,4.508,19791,0,8263,15:50,Fine,11,25,NaN,NaN,NaN,NaN,60868
20190429,42874,4.107,24413,0,7888,12:55,Fine,4,15,NaN,NaN,NaN,NaN,60597
20190428,52125,4.993,26077,0,8488,15:50,Fine,8,20,NaN,NaN,NaN,NaN,60321
20190427,63820,6.113,39699,0,8584,15:55,Fine,10,20,NaN,NaN,NaN,NaN,60042
20190426,20848,1.997,20848,0,6599,14:00,Mostly Cloudy,12,22,NaN,NaN,NaN,NaN,59757
20190425,37461,3.588,0,0,8083,15:35,Fine,13,22,NaN,NaN,NaN,NaN,59466
20190424,53033,5.080,0,0,8582,14:45,Fine,14,23,NaN,NaN,NaN,NaN,59170
20190423,57642,5.521,0,0,8471,15:20,Fine,10,27,NaN,NaN,NaN,NaN,58869
20190422,58687,5.621,0,0,8573,14:15,Fine,11,21,NaN,NaN,NaN,NaN,58564
20190421,40581,3.887,0,0,8577,15:40,Fine,9,19,NaN,NaN,NaN,NaN,58255
20190420,53526,5.127,0,0,8576,14:40,Fine,15,22,NaN,NaN,NaN,NaN,57940
20190419,14256,1.366,0,0,3642,11:05,Cloudy,18,22,NaN,NaN,NaN,NaN,57620
20190418,53184,5.094,0,0,8205,14:10,Fine,12,25,NaN,NaN,NaN,NaN,57295
20190417,47301,4.531,0,0,7520,15:20,Fine,11,18,NaN,NaN,NaN,NaN,56966
20190416,64019,6.132,0,0,8585,14:50,Fine,5,19,NaN,NaN,NaN,NaN,56633
20190415,35924,3.441,0,0,8251,14:00,Partly Cloudy,7,14,NaN,NaN,NaN,NaN,56295
20190414,14159,1.356,0,0,2455,14:55,Cloudy,15,22,NaN,NaN,NaN,NaN,55952
20190413,31679,3.034,0,0,6892,13:15,Partly Cloudy,15,23,NaN,NaN,NaN,NaN,55604
20190412,17897,1.714,0,0,5152,12:15,Mostly Cloudy,8,20,NaN,NaN,NaN,NaN,55254
20190411,31567,3.024,0,0,5811,11:55,Partly Cloudy,6,14,NaN,NaN,NaN,NaN,54899
20190410,49683,4.759,0,0,8420,14:40,Fine,8,19,NaN,NaN,NaN,NaN,54539
20190409,42657,4.086,0,0,5976,16:50,Fine,15,25,NaN,NaN,NaN,NaN,54175
20190408,31028,2.972,0,0,7397,13:00,Partly Cloudy,14,27,NaN,NaN,NaN,NaN,53807
20190407,32635,3.126,0,0,7155,14:15,Partly Cloudy,8,21,NaN,NaN,NaN,NaN,53436
20190406,57004,5.460,0,0,8560,15:20,Fine,5,19,NaN,NaN,NaN,NaN,53061
20190405,11091,1.062,0,0,2875,11:40,Cloudy,6,8,NaN,NaN,NaN,NaN,52681
20190404,42175,4.040,0,0,7916,14:55,Fine,5,18,NaN,NaN,NaN,NaN,52297
20190403,58091,5.564,0,0,8582,14:30,Fine,0,20,NaN,NaN,NaN,NaN,51912
20190402,15763,1.510,0,0,4606,11:50,Cloudy,0,8,NaN,NaN,NaN,NaN,51522
20190401,62083,5.947,0,0,8583,14:50,Fine,-1,8,NaN,NaN,NaN,NaN,51129
20190331,45277,4.337,0,0,8571,16:10,Fine,1,5,NaN,NaN,NaN,NaN,50732
20190330,38620,3.699,0,0,7286,13:25,Fine,NaN,NaN,NaN,NaN,NaN,NaN,50332
20190329,12634,1.210,0,0,4707,13:05,Cloudy,8,19,NaN,NaN,NaN,NaN,49930
20190328,49570,4.748,0,0,8582,14:25,Partly Cloudy,0,16,NaN,NaN,NaN,NaN,49525
20190327,59166,5.667,0,0,8587,14:45,Fine,4,5,NaN,NaN,NaN,NaN,49116
20190326,60597,5.804,0,0,8584,15:15,Fine,NaN,NaN,NaN,NaN,NaN,NaN,48705
20190325,16792,1.608,0,0,4294,11:00,Cloudy,NaN,NaN,NaN,NaN,NaN,NaN,48292
20190324,45014,4.312,0,0,8428,14:45,Partly Cloudy,NaN,NaN,NaN,NaN,NaN,NaN,47876
20190323,60260,5.772,0,0,8583,16:05,Fine,NaN,NaN,NaN,NaN,NaN,NaN,47458
20190322,30830,2.953,0,0,NaN,NaN,Mostly Cloudy,NaN,NaN,NaN,NaN,NaN,NaN,47037
20190321,4438,0.425,0,0,NaN,NaN,Showers,NaN,NaN,NaN,NaN,NaN,NaN,46615
20190320,37833,3.624,0,0,NaN,NaN,Mostly Cloudy,NaN,NaN,NaN,NaN,NaN,NaN,46191
20190319,56200,5.383,0,0,NaN,NaN,Fine,NaN,NaN,NaN,NaN,NaN,NaN,45765
20190318,32167,3.081,0,0,NaN,NaN,Mostly Cloudy,NaN,NaN,NaN,NaN,NaN,NaN,45337
20190317,53152,5.091,0,0,NaN,NaN,Fine,NaN,NaN,NaN,NaN,NaN,NaN,44908
20190316,56328,5.395,0,0,NaN,NaN,Fine,NaN,NaN,NaN,NaN,NaN,NaN,44478
20190315,37134,3.557,0,0,NaN,NaN,Mostly Cloudy,NaN,NaN,NaN,NaN,NaN,NaN,44047
20190314,43300,4.148,0,0,NaN,NaN,Partly Cloudy,NaN,NaN,NaN,NaN,NaN,NaN,43614
20190313,38027,3.642,0,0,NaN,NaN,Mostly Cloudy,NaN,NaN,NaN,NaN,NaN,NaN,43180
20190312,55272,5.294,0,0,NaN,NaN,Fine,NaN,NaN,NaN,NaN,NaN,NaN,42747
20190311,39874,3.819,0,0,NaN,NaN,Mostly Cloudy,NaN,NaN,NaN,NaN,NaN,NaN,42313
20190310,21434,2.053,0,0,NaN,NaN,Cloudy,NaN,NaN,NaN,NaN,NaN,NaN,41878
20190309,13924,1.334,0,0,NaN,NaN,Cloudy,NaN,NaN,NaN,NaN,NaN,NaN,41442
20190308,13277,1.272,0,0,NaN,NaN,Cloudy,NaN,NaN,NaN,NaN,NaN,NaN,41007
20190307,46800,4.483,0,0,NaN,NaN,Partly Cloudy,NaN,NaN,NaN,NaN,NaN,NaN,40573
20190306,41263,3.952,0,0,NaN,NaN,Mostly Cloudy,NaN,NaN,NaN,NaN,NaN,NaN,40138
20190305,51441,4.927,0,0,NaN,NaN,Partly Cloudy,NaN,NaN,NaN,NaN,NaN,NaN,39703
