Date,Energy Generated,Efficiency,Energy Exported,Energy Used,Peak Power,Peak Time,Condition,Min. Temperature,Max. Temperature,Peak Energy Import,Off-Peak Energy Import,Shoulder Energy Import,High-Shoulder Energy Import,Insolation
20210810,61868,3.441,0,0,11880,11:50,Partly Cloudy,22,34,NaN,NaN,NaN,NaN,113787
20210809,68343,3.801,0,0,11820,11:35,Mostly Cloudy,21,32,NaN,NaN,NaN,NaN,114105
20210808,93449,5.197,0,0,12384,11:35,Fine,17,31,NaN,NaN,NaN,NaN,114417
20210807,34531,1.921,0,0,9168,09:55,Cloudy,18,24,NaN,NaN,NaN,NaN,114721
20210806,92078,5.121,0,0,12564,12:25,Fine,18,31,NaN,NaN,NaN,NaN,115018
20210805,92408,5.139,0,0,12768,12:05,Fine,15,30,NaN,NaN,NaN,NaN,115306
20210804,71736,3.990,0,0,12336,12:55,Mostly Cloudy,17,26,NaN,NaN,NaN,NaN,115586
20210803,57023,3.171,0,0,8532,13:05,Mostly Cloudy,16,26,NaN,NaN,NaN,NaN,115858
20210802,85065,4.731,0,0,13104,13:50,Partly Cloudy,15,26,NaN,NaN,NaN,NaN,116123
20210801,33215,1.847,0,0,7680,12:05,Cloudy,19,25,NaN,NaN,NaN,NaN,116380
20210731,73568,4.092,0,0,13008,11:50,Partly Cloudy,17,27,NaN,NaN,NaN,NaN,116630
20210730,83609,4.650,0,0,12396,11:55,Partly Cloudy,21,30,NaN,NaN,NaN,NaN,116874
20210729,55692,3.097,0,0,10956,11:10,Mostly Cloudy,21,29,NaN,NaN,NaN,NaN,117110
20210728,83062,4.620,0,0,12528,12:25,Partly Cloudy,20,32,NaN,NaN,NaN,NaN,117339
20210727,95019,5.285,0,0,12804,11:50,Fine,20,33,NaN,NaN,NaN,NaN,117561
20210726,73140,4.068,0,0,11424,11:35,Partly Cloudy,22,33,NaN,NaN,NaN,NaN,117775
20210725,67547,3.757,0,0,12156,11:50,Mostly Cloudy,21,31,NaN,NaN,NaN,NaN,117983
20210724,68976,3.836,0,0,13392,11:50,Mostly Cloudy,17,29,NaN,NaN,NaN,NaN,118183
20210723,86094,4.788,0,0,12624,11:20,Partly Cloudy,17,28,NaN,NaN,NaN,NaN,118376
20210722,97427,5.419,0,0,13428,12:50,Fine,17,27,NaN,NaN,NaN,NaN,118563
20210721,76655,4.263,0,0,11568,11:20,Partly Cloudy,21,30,NaN,NaN,NaN,NaN,118743
20210720,88819,4.940,0,0,11700,11:50,Partly Cloudy,20,32,NaN,NaN,NaN,NaN,118916
20210719,79440,4.418,0,0,12336,11:50,Partly Cloudy,19,30,NaN,NaN,NaN,NaN,119083
20210718,77131,4.290,0,0,13716,11:55,Partly Cloudy,21,26,NaN,NaN,NaN,NaN,119243
20210717,68660,3.819,0,0,12264,11:35,Mostly Cloudy,23,34,NaN,NaN,NaN,NaN,119398
20210716,93778,5.216,0,0,12324,12:20,Fine,22,34,NaN,NaN,NaN,NaN,119546
20210715,90532,5.035,0,0,11748,12:35,Fine,20,32,NaN,NaN,NaN,NaN,119688
20210714,83571,4.648,0,0,13116,13:20,Partly Cloudy,22,32,NaN,NaN,NaN,NaN,119824
20210713,96162,5.348,0,0,12732,11:40,Fine,23,34,NaN,NaN,NaN,NaN,119953
20210712,80689,4.488,0,0,12708,11:05,Partly Cloudy,23,33,NaN,NaN,NaN,NaN,120077
20210711,83031,4.618,0,0,13104,11:35,Partly Cloudy,21,32,NaN,NaN,NaN,NaN,120195
20210710,97743,5.436,0,0,13560,11:25,Fine,19,28,NaN,NaN,NaN,NaN,120306
20210709,80779,4.493,0,0,12936,11:20,Partly Cloudy,20,30,NaN,NaN,NaN,NaN,120412
20210708,52959,2.945,0,0,12456,10:50,Mostly Cloudy,21,29,NaN,NaN,NaN,NaN,120512
20210707,81309,4.522,0,0,11832,11:55,Partly Cloudy,22,34,NaN,NaN,NaN,NaN,120606
20210706,93733,5.213,0,0,11964,12:05,Fine,20,34,NaN,NaN,NaN,NaN,120695
20210705,95597,5.317,0,0,12900,12:25,Fine,18,31,NaN,NaN,NaN,NaN,120778
20210704,100044,5.564,0,0,13800,12:50,Fine,15,28,NaN,NaN,NaN,NaN,120856
20210703,80060,4.453,0,0,12492,11:35,Partly Cloudy,15,25,NaN,NaN,NaN,NaN,120928
20210702,57805,3.215,0,0,11604,14:50,Mostly Cloudy,18,26,NaN,NaN,NaN,NaN,120994
20210701,57607,3.204,0,0,12540,12:55,Mostly Cloudy,21,31,NaN,NaN,NaN,NaN,121055
20210630,98146,5.459,0,0,12888,11:50,Fine,22,35,NaN,NaN,NaN,NaN,121111
20210629,102885,5.722,0,0,13308,11:35,Fine,22,34,NaN,NaN,NaN,NaN,121161
20210628,100021,5.563,0,0,13128,12:05,Fine,23,33,NaN,NaN,NaN,NaN,121206
20210627,86750,4.825,0,0,13392,10:10,Partly Cloudy,22,31,NaN,NaN,NaN,NaN,121246
20210626,60977,3.391,0,0,12780,12:20,Mostly Cloudy,21,29,NaN,NaN,NaN,NaN,121281
20210625,101175,5.627,0,0,14004,11:20,Fine,13,26,NaN,NaN,NaN,NaN,121310
20210624,103922,5.780,0,0,14076,11:40,Fine,11,25,NaN,NaN,NaN,NaN,121334
20210623,111606,6.207,0,0,13764,11:40,Fine,10,24,NaN,NaN,NaN,NaN,121353
20210622,22866,1.272,0,0,4584,16:20,Cloudy,13,21,NaN,NaN,NaN,NaN,121366
20210621,83627,4.651,0,0,13140,12:05,Partly Cloudy,22,33,NaN,NaN,NaN,NaN,121375
20210620,86495,4.811,0,0,12696,12:20,Partly Cloudy,20,32,NaN,NaN,NaN,NaN,121378
20210619,32615,1.814,0,0,8544,13:55,Cloudy,21,28,NaN,NaN,NaN,NaN,121376
20210618,106331,5.914,0,0,13488,11:25,Fine,12,29,NaN,NaN,NaN,NaN,121369
20210617,111676,6.211,0,0,13896,11:50,Fine,13,25,NaN,NaN,NaN,NaN,121357
20210616,108992,6.062,0,0,13992,11:40,Fine,16,25,NaN,NaN,NaN,NaN,121340
20210615,92605,5.150,0,0,13428,13:20,Fine,17,25,NaN,NaN,NaN,NaN,121318
20210614,92327,5.135,0,0,13140,11:50,Fine,18,30,NaN,NaN,NaN,NaN,121290
20210613,60445,3.362,0,0,12120,12:20,Mostly Cloudy,17,26,NaN,NaN,NaN,NaN,121258
20210612,45285,2.519,0,0,7080,15:05,Mostly Cloudy,16,24,NaN,NaN,NaN,NaN,121219
20210611,18128,1.008,0,0,4812,13:05,Cloudy,18,19,NaN,NaN,NaN,NaN,121176
20210610,77306,4.300,0,0,14004,12:25,Partly Cloudy,20,31,NaN,NaN,NaN,NaN,121127
20210609,55596,3.092,0,0,10008,14:20,Mostly Cloudy,22,29,NaN,NaN,NaN,NaN,121072
20210608,71845,3.996,0,0,13020,13:05,Mostly Cloudy,22,31,NaN,NaN,NaN,NaN,121012
20210607,93612,5.206,0,0,13104,11:20,Fine,22,32,NaN,NaN,NaN,NaN,120946
20210606,102747,5.715,0,0,12756,11:50,Fine,19,33,NaN,NaN,NaN,NaN,120875
20210605,103567,5.760,0,0,12972,11:25,Fine,17,32,NaN,NaN,NaN,NaN,120798
20210604,68553,3.813,0,0,13752,13:25,Mostly Cloudy,20,28,NaN,NaN,NaN,NaN,120715
20210603,58616,3.260,0,0,12204,12:40,Mostly Cloudy,18,27,NaN,NaN,NaN,NaN,120626
20210602,81241,4.518,0,0,13452,11:55,Partly Cloudy,16,26,NaN,NaN,NaN,NaN,120533
20210601,95670,5.321,0,0,14172,10:55,Fine,11,25,NaN,NaN,NaN,NaN,120434
20210531,104027,5.786,0,0,14544,11:20,Fine,8,22,NaN,NaN,NaN,NaN,120328
20210530,32247,1.793,0,0,5244,16:40,Cloudy,8,12,NaN,NaN,NaN,NaN,120217
20210529,19564,1.088,0,0,6168,13:10,Cloudy,9,11,NaN,NaN,NaN,NaN,120099
20210528,55170,3.068,0,0,12144,09:55,Mostly Cloudy,14,22,NaN,NaN,NaN,NaN,119976
20210527,99900,5.556,0,0,13860,12:35,Fine,17,28,NaN,NaN,NaN,NaN,119845
20210526,75147,4.179,0,0,12852,11:20,Partly Cloudy,19,32,NaN,NaN,NaN,NaN,119709
20210525,71739,3.990,0,0,11676,13:35,Mostly Cloudy,13,25,NaN,NaN,NaN,NaN,119566
20210524,23243,1.293,0,0,4512,11:20,Cloudy,13,21,NaN,NaN,NaN,NaN,119416
20210523,95274,5.299,0,0,12960,11:20,Fine,19,32,NaN,NaN,NaN,NaN,119260
20210522,85307,4.745,0,0,12960,11:05,Partly Cloudy,14,30,NaN,NaN,NaN,NaN,119097
20210521,104787,5.828,0,0,13320,11:20,Fine,11,28,NaN,NaN,NaN,NaN,118928
20210520,87007,4.839,0,0,12840,11:10,Partly Cloudy,14,30,NaN,NaN,NaN,NaN,118753
20210519,104570,5.816,0,0,13236,11:20,Fine,12,29,NaN,NaN,NaN,NaN,118571
20210518,103399,5.751,0,0,14340,12:20,Fine,9,26,NaN,NaN,NaN,NaN,118382
20210517,76788,4.271,0,0,13380,10:35,Partly Cloudy,9,22,NaN,NaN,NaN,NaN,118185
20210516,52763,2.935,0,0,13500,10:50,Mostly Cloudy,9,21,NaN,NaN,NaN,NaN,117981
20210515,91522,5.090,0,0,14772,13:10,Fine,8,23,NaN,NaN,NaN,NaN,117770
20210514,68497,3.810,0,0,13740,10:40,Mostly Cloudy,8,22,NaN,NaN,NaN,NaN,117552
20210513,101391,5.639,0,0,14304,11:55,Fine,6,20,NaN,NaN,NaN,NaN,117326
20210512,82718,4.601,0,0,13464,13:20,Partly Cloudy,7,18,NaN,NaN,NaN,NaN,117092
20210511,92914,5.168,0,0,14448,12:20,Fine,9,19,NaN,NaN,NaN,NaN,116851
20210510,81024,4.506,0,0,14532,11:25,Partly Cloudy,10,18,NaN,NaN,NaN,NaN,116603
20210509,50351,2.800,0,0,13008,13:25,Mostly Cloudy,6,19,NaN,NaN,NaN,NaN,116348
20210508,66067,3.674,0,0,13452,11:35,Mostly Cloudy,5,14,NaN,NaN,NaN,NaN,116085
20210507,51322,2.854,0,0,8820,09:35,Mostly Cloudy,7,17,NaN,NaN,NaN,NaN,115814
20210506,104532,5.814,0,0,14460,10:35,Fine,8,17,NaN,NaN,NaN,NaN,115535
20210505,52812,2.937,0,0,13620,11:50,Mostly Cloudy,12,24,NaN,NaN,NaN,NaN,115248
20210504,77713,4.322,0,0,13188,11:40,Partly Cloudy,18,28,NaN,NaN,NaN,NaN,114952
20210503,39447,2.194,0,0,11232,11:50,Cloudy,17,22,NaN,NaN,NaN,NaN,114649
20210502,100682,5.600,0,0,14148,10:35,Fine,12,29,NaN,NaN,NaN,NaN,114338
20210501,112302,6.246,0,0,14820,11:25,Fine,7,19,NaN,NaN,NaN,NaN,114018
20210430,91952,5.114,0,0,15228,11:25,Fine,9,21,NaN,NaN,NaN,NaN,113690
20210429,56497,3.142,0,0,10956,09:50,Mostly Cloudy,19,28,NaN,NaN,NaN,NaN,113353
20210428,86842,4.830,0,0,12900,11:20,Partly Cloudy,17,30,NaN,NaN,NaN,NaN,113009
20210427,98625,5.485,0,0,13368,12:05,Fine,8,29,NaN,NaN,NaN,NaN,112656
20210426,109242,6.076,0,0,14520,11:05,Fine,5,19,NaN,NaN,NaN,NaN,112296
20210425,61783,3.436,0,0,11796,12:25,Mostly Cloudy,9,18,NaN,NaN,NaN,NaN,111927
20210424,71117,3.955,0,0,11892,10:20,Mostly Cloudy,5,18,NaN,NaN,NaN,NaN,111550
20210423,103724,5.769,0,0,14352,11:50,Fine,1,17,NaN,NaN,NaN,NaN,111163
20210422,54897,3.053,0,0,10212,08:35,Mostly Cloudy,0,10,NaN,NaN,NaN,NaN,110769
20210421,70391,3.915,0,0,12288,14:40,Mostly Cloudy,4,18,NaN,NaN,NaN,NaN,110366
20210420,101257,5.632,0,0,13704,11:50,Fine,8,24,NaN,NaN,NaN,NaN,109954
20210419,50357,2.801,0,0,12600,12:20,Mostly Cloudy,9,17,NaN,NaN,NaN,NaN,109534
20210418,97202,5.406,0,0,13848,12:35,Fine,6,18,NaN,NaN,NaN,NaN,109105
20210417,87120,4.845,0,0,14652,10:50,Partly Cloudy,4,14,NaN,NaN,NaN,NaN,108668
20210416,48844,2.717,0,0,9372,08:25,Mostly Cloudy,5,14,NaN,NaN,NaN,NaN,108222
20210415,91940,5.113,0,0,14256,12:05,Fine,8,17,NaN,NaN,NaN,NaN,107767
20210414,28227,1.570,0,0,9516,09:20,Cloudy,10,16,NaN,NaN,NaN,NaN,107304
20210413,51536,2.866,0,0,9372,14:35,Mostly Cloudy,9,18,NaN,NaN,NaN,NaN,106834
20210412,54949,3.056,0,0,10872,10:50,Mostly Cloudy,9,15,NaN,NaN,NaN,NaN,106356
20210411,75575,4.203,0,0,13368,11:55,Partly Cloudy,15,26,NaN,NaN,NaN,NaN,105869
20210410,41189,2.291,0,0,9408,14:55,Cloudy,11,22,NaN,NaN,NaN,NaN,105374
20210409,16715,0.930,0,0,3732,17:25,Showers,10,14,NaN,NaN,NaN,NaN,104870
20210408,88945,4.947,0,0,13524,12:35,Partly Cloudy,11,22,NaN,NaN,NaN,NaN,104358
20210407,82774,4.604,0,0,12396,11:25,Partly Cloudy,11,27,NaN,NaN,NaN,NaN,103839
20210406,86981,4.838,0,0,12948,12:20,Partly Cloudy,11,24,NaN,NaN,NaN,NaN,103311
20210405,96059,5.343,0,0,13524,11:35,Fine,6,22,NaN,NaN,NaN,NaN,102775
20210404,87561,4.870,0,0,13488,11:20,Partly Cloudy,6,21,NaN,NaN,NaN,NaN,102232
20210403,100758,5.604,0,0,14040,12:05,Fine,-1,12,NaN,NaN,NaN,NaN,101680
20210402,99625,5.541,0,0,14880,10:35,Fine,-1,7,NaN,NaN,NaN,NaN,101121
20210401,37996,2.113,0,0,10380,09:40,Cloudy,0,8,NaN,NaN,NaN,NaN,100555
20210331,12788,0.711,0,0,3456,10:05,Showers,12,17,NaN,NaN,NaN,NaN,99981
20210330,96172,5.349,0,0,13752,11:35,Fine,4,20,NaN,NaN,NaN,NaN,99400
20210329,92787,5.161,0,0,14172,11:20,Fine,5,14,NaN,NaN,NaN,NaN,98812
20210328,15983,0.889,0,0,5004,14:50,Showers,9,21,NaN,NaN,NaN,NaN,98218
20210327,80500,4.477,0,0,12912,12:50,Partly Cloudy,8,21,NaN,NaN,NaN,NaN,97616
20210326,80536,4.479,0,0,13164,11:55,Partly Cloudy,14,27,NaN,NaN,NaN,NaN,97008
20210325,22487,1.251,0,0,4392,14:10,Cloudy,12,18,NaN,NaN,NaN,NaN,96394
20210324,9686,0.539,0,0,2112,15:05,Showers,11,14,NaN,NaN,NaN,NaN,95773
20210323,72578,4.037,0,0,12276,11:50,Partly Cloudy,5,19,NaN,NaN,NaN,NaN,95146
20210322,90669,5.043,0,0,13452,11:50,Fine,2,17,NaN,NaN,NaN,NaN,94512
20210321,90110,5.012,0,0,13380,11:50,Fine,2,17,NaN,NaN,NaN,NaN,93873
20210320,90663,5.042,0,0,13500,11:35,Fine,0,13,NaN,NaN,NaN,NaN,93228
20210319,71130,3.956,0,0,14052,11:40,Mostly Cloudy,3,9,NaN,NaN,NaN,NaN,92578
20210318,8056,0.448,0,0,2352,14:35,Showers,7,11,NaN,NaN,NaN,NaN,91923
20210317,20852,1.160,0,0,3336,09:35,Cloudy,4,10,NaN,NaN,NaN,NaN,91262
20210316,18065,1.005,0,0,4872,10:20,Cloudy,4,6,NaN,NaN,NaN,NaN,90596
20210315,83612,4.650,0,0,13980,11:25,Partly Cloudy,-1,7,NaN,NaN,NaN,NaN,89926
20210314,83675,4.654,0,0,13152,11:50,Partly Cloudy,5,17,NaN,NaN,NaN,NaN,89252
20210313,80959,4.503,0,0,13332,10:50,Partly Cloudy,6,14,NaN,NaN,NaN,NaN,88574
20210312,29277,1.628,0,0,6540,13:05,Cloudy,12,20,NaN,NaN,NaN,NaN,87892
20210311,77200,4.294,0,0,12360,10:55,Partly Cloudy,10,25,NaN,NaN,NaN,NaN,87207
20210310,80170,4.459,0,0,12468,10:50,Partly Cloudy,7,21,NaN,NaN,NaN,NaN,86518
20210309,68457,3.807,0,0,11832,10:20,Mostly Cloudy,4,20,NaN,NaN,NaN,NaN,85826
20210308,84872,4.720,0,0,13368,10:40,Partly Cloudy,-3,11,NaN,NaN,NaN,NaN,85131
20210307,84586,4.704,0,0,13344,10:50,Partly Cloudy,-3,7,NaN,NaN,NaN,NaN,84434
20210306,72669,4.042,0,0,13500,10:05,Partly Cloudy,-1,7,NaN,NaN,NaN,NaN,83734
20210305,84726,4.712,0,0,13500,10:35,Partly Cloudy,-3,5,NaN,NaN,NaN,NaN,83032
20210304,75572,4.203,0,0,12528,10:40,Partly Cloudy,0,11,NaN,NaN,NaN,NaN,82328
20210303,79047,4.396,0,0,12900,10:50,Partly Cloudy,-1,14,NaN,NaN,NaN,NaN,81623
20210302,82005,4.561,0,0,13344,10:35,Partly Cloudy,-1,6,NaN,NaN,NaN,NaN,80916
20210301,15969,0.888,0,0,4500,13:55,Showers,3,9,NaN,NaN,NaN,NaN,80209
20210228,4481,0.249,0,0,1020,12:25,Showers,6,7,NaN,NaN,NaN,NaN,79501
20210227,25557,1.421,0,0,6012,13:35,Cloudy,2,11,NaN,NaN,NaN,NaN,78794
20210226,11202,0.623,0,0,5724,13:50,Showers,2,9,NaN,NaN,NaN,NaN,78087
20210225,75401,4.194,0,0,12684,11:05,Partly Cloudy,2,11,NaN,NaN,NaN,NaN,77379
20210224,72191,4.015,0,0,12324,10:50,Partly Cloudy,0,17,NaN,NaN,NaN,NaN,76673
20210223,57772,3.213,0,0,12132,10:20,Mostly Cloudy,0,13,NaN,NaN,NaN,NaN,75968
20210222,9219,0.513,0,0,2820,12:40,Showers,0,3,NaN,NaN,NaN,NaN,75264
20210221,69915,3.888,0,0,11904,11:05,Mostly Cloudy,-6,3,NaN,NaN,NaN,NaN,74561
20210220,52966,2.946,0,0,10908,11:50,Mostly Cloudy,-4,0,NaN,NaN,NaN,NaN,73860
20210219,10521,0.585,0,0,3252,13:55,Showers,-1,3,NaN,NaN,NaN,NaN,73162
20210218,784,0.044,0,0,636,11:20,Showers,-3,-1,NaN,NaN,NaN,NaN,72466
20210217,60774,3.380,0,0,11772,10:10,Mostly Cloudy,-4,1,NaN,NaN,NaN,NaN,71774
20210216,23350,1.299,0,0,5688,12:35,Cloudy,-3,7,NaN,NaN,NaN,NaN,71086
20210215,15482,0.861,0,0,3276,12:50,Showers,0,4,NaN,NaN,NaN,NaN,70401
20210214,20880,1.161,0,0,5520,12:05,Cloudy,-2,2,NaN,NaN,NaN,NaN,69720
20210213,5869,0.326,0,0,1596,11:05,Showers,-3,-1,NaN,NaN,NaN,NaN,69043
20210212,12431,0.691,0,0,2292,12:20,Showers,-2,0,NaN,NaN,NaN,NaN,68372
20210211,2229,0.124,0,0,624,12:05,Showers,0,0,NaN,NaN,NaN,NaN,67705
20210210,38691,2.152,0,0,10488,10:05,Cloudy,0,5,NaN,NaN,NaN,NaN,67043
20210209,50032,2.783,0,0,11328,11:40,Mostly Cloudy,0,8,NaN,NaN,NaN,NaN,66387
20210208,58731,3.266,0,0,10980,11:05,Mostly Cloudy,-5,3,NaN,NaN,NaN,NaN,65738
20210207,7465,0.415,0,0,4104,14:35,Showers,-2,4,NaN,NaN,NaN,NaN,65095
20210206,38855,2.161,0,0,10224,13:20,Cloudy,0,9,NaN,NaN,NaN,NaN,64459
20210205,57104,3.176,0,0,11028,11:05,Mostly Cloudy,2,12,NaN,NaN,NaN,NaN,63831
20210204,53996,3.003,0,0,10692,11:05,Mostly Cloudy,-2,8,NaN,NaN,NaN,NaN,63210
20210203,12033,0.669,0,0,3240,12:20,Showers,0,4,NaN,NaN,NaN,NaN,62596
20210202,3,0.000,0,0,12,12:50,Showers,-1,1,NaN,NaN,NaN,NaN,61991
20210201,0,0.000,0,0,0,01:05,Not Sure,-2,0,NaN,NaN,NaN,NaN,61394
20210131,2,0.000,0,0,12,12:40,Showers,-1,0,NaN,NaN,NaN,NaN,60806
20210130,56477,3.141,0,0,11040,10:50,Mostly Cloudy,-6,2,NaN,NaN,NaN,NaN,60227
20210129,28794,1.601,0,0,8112,09:35,Cloudy,-5,0,NaN,NaN,NaN,NaN,59658
20210128,51752,2.878,0,0,10956,11:20,Mostly Cloudy,-4,1,NaN,NaN,NaN,NaN,59099
20210127,23631,1.314,0,0,7164,12:05,Cloudy,1,5,NaN,NaN,NaN,NaN,58550
20210126,5618,0.312,0,0,1572,14:05,Showers,0,2,NaN,NaN,NaN,NaN,58012
20210125,8098,0.450,0,0,2016,11:55,Showers,0,2,NaN,NaN,NaN,NaN,57484
20210124,44453,2.472,0,0,10380,10:55,Cloudy,-5,1,NaN,NaN,NaN,NaN,56967
20210123,52623,2.927,0,0,10836,10:35,Mostly Cloudy,-4,0,NaN,NaN,NaN,NaN,56461
20210122,45337,2.522,0,0,11688,11:25,Mostly Cloudy,0,8,NaN,NaN,NaN,NaN,55967
20210121,42671,2.373,0,0,10524,10:05,Cloudy,-2,11,NaN,NaN,NaN,NaN,55486
20210120,31679,1.762,0,0,9492,11:55,Cloudy,-2,5,NaN,NaN,NaN,NaN,55017
20210119,39596,2.202,0,0,10092,11:35,Cloudy,0,10,NaN,NaN,NaN,NaN,54560
20210118,38375,2.134,0,0,9348,10:35,Cloudy,0,6,NaN,NaN,NaN,NaN,54115
20210117,25412,1.413,0,0,7200,11:05,Cloudy,1,7,NaN,NaN,NaN,NaN,53684
20210116,40880,2.274,0,0,9864,11:20,Cloudy,1,7,NaN,NaN,NaN,NaN,53265
20210115,25856,1.438,0,0,6924,10:20,Cloudy,1,10,NaN,NaN,NaN,NaN,52861
20210114,41755,2.322,0,0,9204,11:05,Cloudy,0,11,NaN,NaN,NaN,NaN,52471
20210113,45392,2.525,0,0,9312,10:50,Mostly Cloudy,-1,10,NaN,NaN,NaN,NaN,52094
20210112,48303,2.686,0,0,9552,10:50,Mostly Cloudy,-1,8,NaN,NaN,NaN,NaN,51732
20210111,16805,0.935,0,0,3768,10:25,Showers,-1,6,NaN,NaN,NaN,NaN,51384
20210110,47966,2.668,0,0,9660,10:50,Mostly Cloudy,0,8,NaN,NaN,NaN,NaN,51050
20210109,49096,2.731,0,0,9960,10:40,Mostly Cloudy,-1,7,NaN,NaN,NaN,NaN,50731
20210108,14244,0.792,0,0,3360,13:55,Showers,0,2,NaN,NaN,NaN,NaN,50428
20210107,47053,2.617,0,0,9420,10:35,Mostly Cloudy,0,7,NaN,NaN,NaN,NaN,50140
20210106,10396,0.578,0,0,2892,11:40,Showers,2,5,NaN,NaN,NaN,NaN,49867
20210105,6779,0.377,0,0,1860,10:05,Showers,3,4,NaN,NaN,NaN,NaN,49610
20210104,17316,0.963,0,0,3648,10:55,Showers,0,6,NaN,NaN,NaN,NaN,49368
20210103,3892,0.216,0,0,1032,12:35,Showers,2,4,NaN,NaN,NaN,NaN,49142
20210102,35640,1.982,0,0,8412,10:40,Cloudy,3,12,NaN,NaN,NaN,NaN,48932
20210101,4463,0.248,0,0,1500,12:20,Showers,1,3,NaN,NaN,NaN,NaN,48738
20201231,17617,0.980,0,0,6216,10:25,Showers,3,10,NaN,NaN,NaN,NaN,48560
20201230,42256,2.350,0,0,9240,10:35,Cloudy,0,7,NaN,NaN,NaN,NaN,48399
20201229,46185,2.569,0,0,9504,11:10,Mostly Cloudy,-2,4,NaN,NaN,NaN,NaN,48255
20201228,42709,2.375,0,0,8820,10:35,Cloudy,2,12,NaN,NaN,NaN,NaN,48126
20201227,46030,2.560,0,0,9336,10:50,Mostly Cloudy,-3,5,NaN,NaN,NaN,NaN,48014
20201226,42101,2.342,0,0,9612,10:20,Cloudy,-5,1,NaN,NaN,NaN,NaN,47919
20201225,14874,0.827,0,0,3672,13:20,Showers,-5,0,NaN,NaN,NaN,NaN,47840
20201224,4537,0.252,0,0,1092,12:20,Showers,6,15,NaN,NaN,NaN,NaN,47778
20201223,36415,2.025,0,0,7500,12:10,Cloudy,0,8,NaN,NaN,NaN,NaN,47733
20201222,31045,1.727,0,0,8424,11:55,Cloudy,3,9,NaN,NaN,NaN,NaN,47705
20201221,27711,1.541,0,0,8964,11:10,Cloudy,3,8,NaN,NaN,NaN,NaN,47694
20201220,22151,1.232,0,0,8268,11:10,Cloudy,1,6,NaN,NaN,NaN,NaN,47699
20201219,24715,1.375,0,0,5724,12:35,Cloudy,-3,2,NaN,NaN,NaN,NaN,47721
20201218,8679,0.483,0,0,3672,14:10,Showers,-2,2,NaN,NaN,NaN,NaN,47760
20201217,17247,0.959,0,0,4428,13:10,Showers,-3,2,NaN,NaN,NaN,NaN,47815
20201215,44372,2.468,0,0,9156,10:20,Cloudy,-1,4,NaN,NaN,NaN,NaN,47976
20201214,5072,0.282,0,0,2568,14:55,Showers,2,6,NaN,NaN,NaN,NaN,48082
20201213,40233,2.238,0,0,8880,10:35,Cloudy,6,17,NaN,NaN,NaN,NaN,48204
20201212,22616,1.258,0,0,6552,12:50,Cloudy,8,17,NaN,NaN,NaN,NaN,48342
20201211,42593,2.369,0,0,8604,10:50,Cloudy,3,15,NaN,NaN,NaN,NaN,48497
20201210,42894,2.386,0,0,8460,10:40,Cloudy,0,11,NaN,NaN,NaN,NaN,48668
20201209,15329,0.853,0,0,4728,11:35,Showers,-1,6,NaN,NaN,NaN,NaN,48855
20201208,33056,1.838,0,0,8040,09:50,Cloudy,0,7,NaN,NaN,NaN,NaN,49059
20201207,31174,1.734,0,0,6984,11:05,Cloudy,0,4,NaN,NaN,NaN,NaN,49278
20201206,41914,2.331,0,0,10056,10:20,Cloudy,0,6,NaN,NaN,NaN,NaN,49513
20201205,21195,1.179,0,0,7236,10:35,Cloudy,4,8,NaN,NaN,NaN,NaN,49764
20201204,8194,0.456,0,0,2580,12:20,Showers,7,10,NaN,NaN,NaN,NaN,50030
20201203,42172,2.345,0,0,9348,10:55,Cloudy,0,12,NaN,NaN,NaN,NaN,50311
20201202,29621,1.647,0,0,8604,12:10,Cloudy,2,8,NaN,NaN,NaN,NaN,50608
20201201,34310,1.908,0,0,10056,11:05,Cloudy,3,7,NaN,NaN,NaN,NaN,50919
20201130,4176,0.232,0,0,1440,12:20,Showers,8,16,NaN,NaN,NaN,NaN,51245
20201129,44199,2.458,0,0,9132,10:25,Cloudy,1,13,NaN,NaN,NaN,NaN,51586
20201128,44750,2.489,0,0,9912,11:20,Cloudy,5,14,NaN,NaN,NaN,NaN,51941
20201127,13547,0.753,0,0,3696,10:05,Showers,10,15,NaN,NaN,NaN,NaN,52311
20201126,32195,1.791,0,0,7836,11:20,Cloudy,10,19,NaN,NaN,NaN,NaN,52694
20201125,36912,2.053,0,0,9792,10:20,Cloudy,5,13,NaN,NaN,NaN,NaN,53091
20201124,45648,2.539,0,0,9456,10:20,Mostly Cloudy,2,10,NaN,NaN,NaN,NaN,53501
20201123,47078,2.618,0,0,9840,10:20,Mostly Cloudy,6,13,NaN,NaN,NaN,NaN,53924
20201122,20413,1.135,0,0,6276,11:35,Cloudy,10,14,NaN,NaN,NaN,NaN,54360
20201121,20080,1.117,0,0,6240,09:05,Cloudy,8,18,NaN,NaN,NaN,NaN,54807
20201120,46491,2.586,0,0,9672,10:20,Mostly Cloudy,4,17,NaN,NaN,NaN,NaN,55273
20201119,45877,2.552,0,0,9624,10:50,Mostly Cloudy,0,11,NaN,NaN,NaN,NaN,55747
20201118,40554,2.256,0,0,10416,10:20,Cloudy,0,5,NaN,NaN,NaN,NaN,56232
20201117,38687,2.152,0,0,10248,10:20,Cloudy,2,12,NaN,NaN,NaN,NaN,56727
20201116,49340,2.744,0,0,10152,10:20,Mostly Cloudy,6,15,NaN,NaN,NaN,NaN,57234
20201115,17455,0.971,0,0,5652,09:35,Showers,8,21,NaN,NaN,NaN,NaN,57749
20201114,47565,2.645,0,0,9828,11:05,Mostly Cloudy,6,14,NaN,NaN,NaN,NaN,58290
20201113,36972,2.056,0,0,8712,12:05,Cloudy,8,15,NaN,NaN,NaN,NaN,58829
20201112,2522,0.140,0,0,1080,12:05,Showers,9,19,NaN,NaN,NaN,NaN,59378
20201111,2720,0.151,0,0,1272,10:35,Showers,17,20,NaN,NaN,NaN,NaN,59935
20201110,43526,2.421,0,0,9480,10:35,Cloudy,12,24,NaN,NaN,NaN,NaN,60501
20201109,45586,2.535,0,0,9444,10:05,Mostly Cloudy,11,23,NaN,NaN,NaN,NaN,61093
20201108,46263,2.573,0,0,9516,10:05,Mostly Cloudy,7,23,NaN,NaN,NaN,NaN,61680
20201107,47195,2.625,0,0,9708,10:05,Mostly Cloudy,6,23,NaN,NaN,NaN,NaN,62275
20201106,46036,2.560,0,0,9828,10:05,Mostly Cloudy,9,22,NaN,NaN,NaN,NaN,62876
20201105,49008,2.726,0,0,10692,12:05,Mostly Cloudy,8,20,NaN,NaN,NaN,NaN,63484
20201104,50525,2.810,0,0,10344,10:05,Mostly Cloudy,4,19,NaN,NaN,NaN,NaN,64120
20201103,53093,2.953,0,0,10644,10:40,Mostly Cloudy,5,16,NaN,NaN,NaN,NaN,64746
20201102,54303,3.020,0,0,10836,11:10,Mostly Cloudy,3,8,NaN,NaN,NaN,NaN,65377
20201101,10749,0.598,0,0,2652,14:20,Showers,4,13,NaN,NaN,NaN,NaN,63364
20201031,29924,1.664,0,0,12864,11:35,Cloudy,3,9,NaN,NaN,NaN,NaN,66655
20201030,25256,1.405,0,0,10488,10:35,Cloudy,7,11,NaN,NaN,NaN,NaN,67327
20201029,6728,0.374,0,0,2532,15:05,Showers,10,15,NaN,NaN,NaN,NaN,67984
20201028,23244,1.293,0,0,5976,12:20,Cloudy,15,21,NaN,NaN,NaN,NaN,68645
20201027,16218,0.902,0,0,3492,15:50,Showers,13,17,NaN,NaN,NaN,NaN,69310
20201026,20343,1.131,0,0,4284,13:50,Cloudy,8,16,NaN,NaN,NaN,NaN,69999
20201025,7537,0.419,0,0,1572,14:10,Showers,7,12,NaN,NaN,NaN,NaN,70675
20201024,31558,1.755,0,0,8280,13:20,Cloudy,13,23,NaN,NaN,NaN,NaN,71354
20201023,46879,2.607,0,0,10800,11:50,Mostly Cloudy,16,24,NaN,NaN,NaN,NaN,72035
20201022,46844,2.605,0,0,12048,11:50,Mostly Cloudy,15,26,NaN,NaN,NaN,NaN,72720
20201021,26973,1.500,0,0,6120,12:55,Cloudy,16,24,NaN,NaN,NaN,NaN,73429
20201020,51066,2.840,0,0,10164,12:10,Mostly Cloudy,13,23,NaN,NaN,NaN,NaN,74122
20201019,39904,2.219,0,0,8076,13:50,Cloudy,11,21,NaN,NaN,NaN,NaN,74816
20201018,58042,3.228,0,0,11556,12:05,Mostly Cloudy,5,17,NaN,NaN,NaN,NaN,75510
20201017,63322,3.522,0,0,11556,11:35,Mostly Cloudy,5,16,NaN,NaN,NaN,NaN,76224
20201016,15167,0.844,0,0,4452,15:05,Showers,10,14,NaN,NaN,NaN,NaN,76924
20201015,63186,3.514,0,0,11376,11:40,Mostly Cloudy,12,23,NaN,NaN,NaN,NaN,77626
20201014,63081,3.508,0,0,12228,13:10,Mostly Cloudy,9,22,NaN,NaN,NaN,NaN,78327
20201013,39112,2.175,0,0,9852,13:35,Cloudy,12,20,NaN,NaN,NaN,NaN,79042
20201012,12532,0.697,0,0,2928,11:35,Showers,13,16,NaN,NaN,NaN,NaN,79745
20201011,14185,0.789,0,0,3996,11:50,Showers,17,21,NaN,NaN,NaN,NaN,80447
20201010,26534,1.476,0,0,7848,12:50,Cloudy,14,22,NaN,NaN,NaN,NaN,81148
20201009,63643,3.540,0,0,11184,10:40,Mostly Cloudy,9,20,NaN,NaN,NaN,NaN,81860
20201008,69796,3.882,0,0,12012,11:20,Mostly Cloudy,12,20,NaN,NaN,NaN,NaN,82562
20201007,67219,3.739,0,0,11472,11:20,Mostly Cloudy,12,26,NaN,NaN,NaN,NaN,83262
20201006,70762,3.936,0,0,11856,11:50,Mostly Cloudy,8,22,NaN,NaN,NaN,NaN,83959
20201005,73138,4.068,0,0,12072,11:25,Partly Cloudy,11,19,NaN,NaN,NaN,NaN,84660
20201004,70044,3.896,0,0,11448,11:40,Mostly Cloudy,6,19,NaN,NaN,NaN,NaN,85355
20201003,74621,4.150,0,0,12132,11:25,Partly Cloudy,7,18,NaN,NaN,NaN,NaN,86049
20201002,73774,4.103,0,0,12804,11:50,Partly Cloudy,10,18,NaN,NaN,NaN,NaN,86738
20201001,46612,2.592,0,0,13608,11:35,Mostly Cloudy,13,21,NaN,NaN,NaN,NaN,87427
20200930,74194,4.126,0,0,12912,12:05,Partly Cloudy,12,21,NaN,NaN,NaN,NaN,88111
20200929,38388,2.135,0,0,10440,11:50,Cloudy,12,25,NaN,NaN,NaN,NaN,88791
20200928,50370,2.801,0,0,11820,10:55,Mostly Cloudy,18,26,NaN,NaN,NaN,NaN,89469
20200927,37388,2.079,0,0,9504,14:25,Cloudy,18,24,NaN,NaN,NaN,NaN,90143
20200926,22265,1.238,0,0,5316,14:35,Cloudy,16,21,NaN,NaN,NaN,NaN,90812
20200925,27540,1.532,0,0,5580,14:05,Cloudy,15,20,NaN,NaN,NaN,NaN,91477
20200924,25438,1.415,0,0,4272,14:10,Cloudy,16,22,NaN,NaN,NaN,NaN,92136
20200923,78001,4.338,0,0,12192,11:20,Partly Cloudy,12,26,NaN,NaN,NaN,NaN,92792
20200922,81856,4.553,0,0,12516,11:35,Partly Cloudy,6,21,NaN,NaN,NaN,NaN,93444
20200921,84182,4.682,0,0,12852,11:20,Partly Cloudy,7,18,NaN,NaN,NaN,NaN,94089
20200920,84194,4.683,0,0,12756,11:35,Partly Cloudy,6,19,NaN,NaN,NaN,NaN,94729
20200919,86747,4.825,0,0,13200,11:20,Partly Cloudy,7,18,NaN,NaN,NaN,NaN,95363
20200918,50422,2.804,0,0,10224,10:50,Mostly Cloudy,14,22,NaN,NaN,NaN,NaN,95992
20200917,23678,1.317,0,0,5472,10:05,Cloudy,16,22,NaN,NaN,NaN,NaN,96616
20200916,63714,3.544,0,0,12024,12:20,Mostly Cloudy,10,22,NaN,NaN,NaN,NaN,97233
20200915,71892,3.998,0,0,11424,12:05,Mostly Cloudy,10,20,NaN,NaN,NaN,NaN,97844
20200914,61842,3.439,0,0,10596,12:20,Mostly Cloudy,16,25,NaN,NaN,NaN,NaN,98448
20200913,79162,4.403,0,0,12324,11:05,Partly Cloudy,15,27,NaN,NaN,NaN,NaN,99045
20200912,27517,1.530,0,0,6264,14:35,Cloudy,17,22,NaN,NaN,NaN,NaN,99638
20200911,32457,1.805,0,0,6624,13:40,Cloudy,21,25,NaN,NaN,NaN,NaN,100223
20200910,24344,1.354,0,0,6144,16:25,Cloudy,23,26,NaN,NaN,NaN,NaN,100800
20200909,33028,1.837,0,0,9348,12:05,Cloudy,21,25,NaN,NaN,NaN,NaN,101370
20200908,69179,3.848,0,0,11916,11:40,Mostly Cloudy,17,29,NaN,NaN,NaN,NaN,101933
20200907,84706,4.711,0,0,12072,11:35,Partly Cloudy,16,28,NaN,NaN,NaN,NaN,102490
20200906,86241,4.796,0,0,12144,11:20,Partly Cloudy,15,29,NaN,NaN,NaN,NaN,103040
20200905,85793,4.772,0,0,12864,10:50,Partly Cloudy,15,26,NaN,NaN,NaN,NaN,103581
20200904,72670,4.042,0,0,12084,11:50,Partly Cloudy,21,31,NaN,NaN,NaN,NaN,104115
20200903,63961,3.557,0,0,12552,12:10,Mostly Cloudy,22,32,NaN,NaN,NaN,NaN,104640
20200902,54054,3.006,0,0,11076,11:05,Mostly Cloudy,22,30,NaN,NaN,NaN,NaN,105159
20200901,32467,1.806,0,0,9540,14:55,Cloudy,19,26,NaN,NaN,NaN,NaN,105671
20200831,24152,1.343,0,0,3780,11:20,Cloudy,18,23,NaN,NaN,NaN,NaN,106174
20200830,90432,5.030,0,0,14040,12:35,Fine,17,27,NaN,NaN,NaN,NaN,106669
20200829,40335,2.243,0,0,8484,14:35,Cloudy,21,29,NaN,NaN,NaN,NaN,107155
20200828,67321,3.744,0,0,14280,11:05,Mostly Cloudy,22,32,NaN,NaN,NaN,NaN,107634
20200827,76935,4.279,0,0,11868,12:05,Partly Cloudy,23,32,NaN,NaN,NaN,NaN,108106
20200826,89165,4.959,0,0,12360,11:40,Partly Cloudy,20,29,NaN,NaN,NaN,NaN,108569
20200825,76974,4.281,0,0,12444,13:10,Partly Cloudy,22,32,NaN,NaN,NaN,NaN,109024
20200824,81083,4.510,0,0,12852,12:05,Partly Cloudy,22,31,NaN,NaN,NaN,NaN,109471
20200823,79524,4.423,0,0,13368,11:50,Partly Cloudy,23,32,NaN,NaN,NaN,NaN,109908
20200822,44173,2.457,0,0,11040,12:20,Cloudy,22,29,NaN,NaN,NaN,NaN,110338
20200821,69655,3.874,0,0,12300,12:20,Mostly Cloudy,19,29,NaN,NaN,NaN,NaN,110761
20200820,85863,4.775,0,0,12984,12:35,Partly Cloudy,17,27,NaN,NaN,NaN,NaN,111176
20200819,64164,3.569,0,0,12672,12:20,Mostly Cloudy,18,27,NaN,NaN,NaN,NaN,111581
20200818,92552,5.147,0,0,13020,12:05,Fine,18,29,NaN,NaN,NaN,NaN,111979
20200817,86410,4.806,0,0,12936,12:25,Partly Cloudy,16,28,NaN,NaN,NaN,NaN,112367
20200816,29108,1.619,0,0,5376,14:05,Cloudy,18,23,NaN,NaN,NaN,NaN,112747
20200815,33980,1.890,0,0,6156,11:50,Cloudy,21,25,NaN,NaN,NaN,NaN,113121
20200814,68931,3.834,0,0,11364,13:25,Mostly Cloudy,23,29,NaN,NaN,NaN,NaN,113486
20200813,40564,2.256,0,0,10128,13:35,Cloudy,22,28,NaN,NaN,NaN,NaN,113843
20200812,74486,4.143,0,0,11916,10:50,Partly Cloudy,22,33,NaN,NaN,NaN,NaN,114192
20200811,87337,4.857,0,0,12660,11:20,Partly Cloudy,23,33,NaN,NaN,NaN,NaN,114532
20200810,86571,4.815,0,0,13368,12:40,Partly Cloudy,22,33,NaN,NaN,NaN,NaN,114863
20200809,75106,4.177,0,0,13764,11:55,Partly Cloudy,21,31,NaN,NaN,NaN,NaN,115187
20200808,45421,2.526,0,0,8400,15:20,Mostly Cloudy,21,29,NaN,NaN,NaN,NaN,115504
20200807,72671,4.042,0,0,11148,13:40,Partly Cloudy,21,29,NaN,NaN,NaN,NaN,115813
20200806,61714,3.432,0,0,13824,11:10,Mostly Cloudy,21,28,NaN,NaN,NaN,NaN,116114
20200805,95540,5.314,0,0,12804,11:55,Fine,19,30,NaN,NaN,NaN,NaN,116407
20200804,57907,3.221,0,0,12456,13:05,Mostly Cloudy,20,30,NaN,NaN,NaN,NaN,116692
20200803,68090,3.787,0,0,13620,11:05,Mostly Cloudy,21,30,NaN,NaN,NaN,NaN,116969
20200802,71867,3.997,0,0,12864,11:35,Mostly Cloudy,25,32,NaN,NaN,NaN,NaN,117238
20200801,59523,3.311,0,0,10296,12:05,Mostly Cloudy,21,29,NaN,NaN,NaN,NaN,117500
20200731,24968,1.389,0,0,5724,15:05,Cloudy,22,25,NaN,NaN,NaN,NaN,117754
20200730,90070,5.009,0,0,12696,11:50,Fine,23,34,NaN,NaN,NaN,NaN,118002
20200729,101107,5.623,0,0,12924,11:35,Fine,22,33,NaN,NaN,NaN,NaN,118242
20200728,90175,5.015,0,0,12792,11:40,Fine,24,32,NaN,NaN,NaN,NaN,118475
20200727,95147,5.292,0,0,12792,12:05,Fine,24,34,NaN,NaN,NaN,NaN,118701
20200726,99649,5.542,0,0,13032,12:05,Fine,24,33,NaN,NaN,NaN,NaN,118919
20200725,76185,4.237,0,0,14232,11:40,Partly Cloudy,21,32,NaN,NaN,NaN,NaN,119130
20200724,46003,2.559,0,0,8676,13:05,Mostly Cloudy,22,29,NaN,NaN,NaN,NaN,119335
20200723,79450,4.419,0,0,12900,12:20,Partly Cloudy,22,33,NaN,NaN,NaN,NaN,119532
20200722,73099,4.066,0,0,12540,11:50,Partly Cloudy,22,34,NaN,NaN,NaN,NaN,119722
20200721,93786,5.216,0,0,12612,12:10,Fine,23,35,NaN,NaN,NaN,NaN,119905
20200720,73109,4.066,0,0,12528,12:35,Partly Cloudy,25,35,NaN,NaN,NaN,NaN,120081
20200719,94605,5.262,0,0,12516,11:20,Fine,24,36,NaN,NaN,NaN,NaN,120251
20200717,86864,4.831,0,0,13116,12:35,Partly Cloudy,23,34,NaN,NaN,NaN,NaN,120572
20200716,68528,3.811,0,0,13296,11:50,Mostly Cloudy,23,30,NaN,NaN,NaN,NaN,120724
20200715,95824,5.329,0,0,13092,12:40,Fine,20,32,NaN,NaN,NaN,NaN,120869
20200714,106742,5.937,0,0,13536,11:55,Fine,20,30,NaN,NaN,NaN,NaN,121007
20200713,94630,5.263,0,0,13176,12:05,Fine,20,31,NaN,NaN,NaN,NaN,121140
20200712,86870,4.831,0,0,13428,12:20,Partly Cloudy,20,31,NaN,NaN,NaN,NaN,121266
20200711,79233,4.407,0,0,13464,11:55,Partly Cloudy,22,32,NaN,NaN,NaN,NaN,121386
20200710,64443,3.584,0,0,12084,13:20,Mostly Cloudy,23,30,NaN,NaN,NaN,NaN,121500
20200709,93700,5.211,0,0,13920,12:20,Fine,22,31,NaN,NaN,NaN,NaN,121608
20200708,96322,5.357,0,0,13512,11:20,Fine,23,33,NaN,NaN,NaN,NaN,121711
20200707,69479,3.864,0,0,13368,12:50,Mostly Cloudy,20,31,NaN,NaN,NaN,NaN,121807
20200706,81914,4.556,0,0,13080,12:25,Partly Cloudy,22,34,NaN,NaN,NaN,NaN,121898
20200705,84811,4.717,0,0,13104,12:20,Partly Cloudy,23,33,NaN,NaN,NaN,NaN,121984
20200704,98729,5.491,0,0,13404,12:05,Fine,22,33,NaN,NaN,NaN,NaN,122063
20200703,102028,5.675,0,0,12732,11:35,Fine,22,34,NaN,NaN,NaN,NaN,122137
20200702,100925,5.613,0,0,13572,11:05,Fine,19,31,NaN,NaN,NaN,NaN,122206
20200701,89040,4.952,0,0,13620,11:05,Partly Cloudy,20,30,NaN,NaN,NaN,NaN,122269
20200630,102276,5.688,0,0,13080,11:50,Fine,20,31,NaN,NaN,NaN,NaN,122326
20200629,105153,5.848,0,0,14184,12:20,Fine,22,31,NaN,NaN,NaN,NaN,122378
20200628,67781,3.770,0,0,12624,12:35,Mostly Cloudy,22,30,NaN,NaN,NaN,NaN,122425
20200627,73941,4.112,0,0,14040,11:20,Partly Cloudy,21,32,NaN,NaN,NaN,NaN,122467
20200626,100580,5.594,0,0,13476,11:25,Fine,17,30,NaN,NaN,NaN,NaN,122503
20200625,82628,4.596,0,0,13392,12:50,Partly Cloudy,19,28,NaN,NaN,NaN,NaN,122534
20200624,107232,5.964,0,0,14004,11:55,Fine,21,29,NaN,NaN,NaN,NaN,122559
20200623,97894,5.445,0,0,13164,11:20,Fine,19,31,NaN,NaN,NaN,NaN,122579
20200622,84659,4.709,0,0,13500,11:20,Partly Cloudy,20,31,NaN,NaN,NaN,NaN,122594
20200621,77771,4.325,0,0,14136,13:05,Partly Cloudy,19,29,NaN,NaN,NaN,NaN,122604
20200620,43319,2.409,0,0,12948,10:20,Cloudy,18,24,NaN,NaN,NaN,NaN,122609
20200619,47352,2.634,0,0,13296,11:35,Mostly Cloudy,19,27,NaN,NaN,NaN,NaN,122608
20200618,64963,3.613,0,0,13836,10:35,Mostly Cloudy,18,26,NaN,NaN,NaN,NaN,122602
20200617,33209,1.847,0,0,7596,11:35,Cloudy,17,21,NaN,NaN,NaN,NaN,122591
20200616,81847,4.552,0,0,11988,10:35,Partly Cloudy,16,24,NaN,NaN,NaN,NaN,122575
20200615,90971,5.060,0,0,13584,13:10,Fine,15,24,NaN,NaN,NaN,NaN,122554
20200614,92550,5.147,0,0,14448,12:05,Fine,15,24,NaN,NaN,NaN,NaN,122527
20200613,105694,5.878,0,0,13812,11:20,Fine,16,25,NaN,NaN,NaN,NaN,122495
20200612,109795,6.107,0,0,13680,11:05,Fine,18,29,NaN,NaN,NaN,NaN,122458
20200611,58940,3.278,0,0,13632,13:05,Mostly Cloudy,23,28,NaN,NaN,NaN,NaN,122415
20200610,80017,4.450,0,0,13104,12:20,Partly Cloudy,23,31,NaN,NaN,NaN,NaN,122367
20200609,102383,5.694,0,0,12972,11:40,Fine,16,32,NaN,NaN,NaN,NaN,122313
20200608,110587,6.151,0,0,13716,11:50,Fine,15,27,NaN,NaN,NaN,NaN,122254
20200607,106644,5.931,0,0,14088,12:35,Fine,17,26,NaN,NaN,NaN,NaN,122189
20200606,91946,5.114,0,0,13332,12:20,Fine,21,31,NaN,NaN,NaN,NaN,122118
20200605,69922,3.889,0,0,11856,13:50,Mostly Cloudy,20,30,NaN,NaN,NaN,NaN,122041
20200604,82318,4.578,0,0,12888,10:40,Partly Cloudy,20,33,NaN,NaN,NaN,NaN,121959
20200603,89612,4.984,0,0,13596,11:20,Partly Cloudy,20,33,NaN,NaN,NaN,NaN,121871
20200602,56071,3.119,0,0,12528,12:35,Mostly Cloudy,13,24,NaN,NaN,NaN,NaN,121778
20200601,110410,6.141,0,0,14316,12:05,Fine,9,22,NaN,NaN,NaN,NaN,121679
20200531,111280,6.189,0,0,14652,12:05,Fine,14,23,NaN,NaN,NaN,NaN,121574
20200530,104581,5.817,0,0,14124,11:05,Fine,18,27,NaN,NaN,NaN,NaN,121463
20200529,66904,3.721,0,0,12384,11:35,Mostly Cloudy,22,29,NaN,NaN,NaN,NaN,121346
20200528,41006,2.281,0,0,8544,14:35,Cloudy,21,27,NaN,NaN,NaN,NaN,121222
20200527,59390,3.303,0,0,13068,09:50,Mostly Cloudy,17,25,NaN,NaN,NaN,NaN,121092
20200526,102642,5.709,0,0,14268,12:10,Fine,14,27,NaN,NaN,NaN,NaN,120956
20200525,66742,3.712,0,0,12912,14:05,Mostly Cloudy,15,25,NaN,NaN,NaN,NaN,120813
20200524,39768,2.212,0,0,7404,14:05,Cloudy,14,20,NaN,NaN,NaN,NaN,120663
20200523,93049,5.175,0,0,13392,12:50,Fine,16,27,NaN,NaN,NaN,NaN,120507
20200522,35657,1.983,0,0,8976,15:35,Cloudy,15,24,NaN,NaN,NaN,NaN,120344
20200521,66166,3.680,0,0,12516,13:20,Mostly Cloudy,9,21,NaN,NaN,NaN,NaN,120175
20200520,83485,4.643,0,0,14340,14:10,Partly Cloudy,10,17,NaN,NaN,NaN,NaN,120000
20200519,74206,4.127,0,0,13116,12:05,Partly Cloudy,13,20,NaN,NaN,NaN,NaN,119817
20200518,30961,1.722,0,0,4740,13:35,Cloudy,13,19,NaN,NaN,NaN,NaN,119628
20200517,31197,1.735,0,0,4524,13:50,Cloudy,15,19,NaN,NaN,NaN,NaN,119431
20200516,100013,5.562,0,0,13776,11:20,Fine,18,27,NaN,NaN,NaN,NaN,119227
20200515,91400,5.083,0,0,13644,11:50,Fine,17,30,NaN,NaN,NaN,NaN,119015
20200514,59708,3.321,0,0,10356,12:55,Mostly Cloudy,8,21,NaN,NaN,NaN,NaN,118796
20200513,112210,6.241,0,0,14664,11:25,Fine,4,20,NaN,NaN,NaN,NaN,118570
20200512,91711,5.101,0,0,14436,13:20,Fine,4,16,NaN,NaN,NaN,NaN,118336
20200511,73951,4.113,0,0,14256,11:20,Partly Cloudy,8,13,NaN,NaN,NaN,NaN,118094
20200510,113724,6.325,0,0,14628,11:25,Fine,NaN,NaN,NaN,NaN,NaN,NaN,117845
