Date,Energy Generated,Efficiency,Energy Exported,Energy Used,Peak Power,Peak Time,Condition,Min. Temperature,Max. Temperature,Peak Energy Import,Off-Peak Energy Import,Shoulder Energy Import,High-Shoulder Energy Import,Insolation
20201129,0,0.000,0,0,0,00:00,Not Sure,3,7,NaN,NaN,NaN,NaN,20477
20201128,24637,2.986,24637,0,4533,11:45,Fine,2,17,NaN,NaN,NaN,NaN,20641
20201127,24607,2.983,24607,0,4810,12:20,Fine,4,15,NaN,NaN,NaN,NaN,20811
20201126,26366,3.196,26366,0,4771,11:50,Fine,3,16,NaN,NaN,NaN,NaN,20988
20201125,26595,3.224,26595,0,4753,11:40,Fine,6,16,NaN,NaN,NaN,NaN,21171
20201124,25921,3.142,25921,0,4665,11:50,Fine,5,17,NaN,NaN,NaN,NaN,21361
20201123,26183,3.174,26183,0,4659,11:50,Fine,4,18,NaN,NaN,NaN,NaN,21558
20201122,19156,2.322,19156,0,4925,12:05,Partly Cloudy,3,15,NaN,NaN,NaN,NaN,21761
20201121,27161,3.292,27161,0,4859,11:40,Fine,3,20,NaN,NaN,NaN,NaN,21970
20201120,29394,3.563,29394,0,5086,11:55,Fine,2,18,NaN,NaN,NaN,NaN,22185
20201119,25500,3.091,25500,0,4939,11:55,Fine,6,16,NaN,NaN,NaN,NaN,22406
20201118,20157,2.443,20157,0,5614,11:00,Fine,10,18,NaN,NaN,NaN,NaN,22634
20201117,3372,0.409,3372,0,760,12:10,Showers,10,17,NaN,NaN,NaN,NaN,22867
20201116,25538,3.096,25538,0,4581,10:25,Fine,5,21,NaN,NaN,NaN,NaN,23106
20201115,26076,3.161,26076,0,5426,12:50,Fine,5,20,NaN,NaN,NaN,NaN,23350
20201114,19552,2.370,19552,0,5244,11:35,Partly Cloudy,3,15,NaN,NaN,NaN,NaN,23600
20201113,8218,0.996,8218,0,4293,13:20,Cloudy,7,13,NaN,NaN,NaN,NaN,23855
20201112,25765,3.123,25765,0,5105,11:20,Fine,0,16,NaN,NaN,NaN,NaN,24117
20201111,23863,2.892,23863,0,4161,13:00,Fine,2,15,NaN,NaN,NaN,NaN,24383
20201110,27407,3.322,27407,0,4775,11:45,Fine,0,14,NaN,NaN,NaN,NaN,24654
20201109,27191,3.296,27191,0,5049,12:45,Fine,0,14,NaN,NaN,NaN,NaN,24929
20201108,30271,3.669,30271,0,5008,11:50,Fine,3,14,NaN,NaN,NaN,NaN,25210
20201107,23140,2.805,23140,0,6247,11:50,Fine,4,16,NaN,NaN,NaN,NaN,25497
20201106,25504,3.091,25504,0,4746,11:40,Fine,8,17,NaN,NaN,NaN,NaN,25786
20201105,28046,3.400,28046,0,4568,11:25,Fine,10,25,NaN,NaN,NaN,NaN,26080
20201104,26153,3.170,26153,0,4474,12:10,Fine,9,25,NaN,NaN,NaN,NaN,26379
20201103,27777,3.367,27777,0,4747,11:30,Fine,8,26,NaN,NaN,NaN,NaN,26681
20201102,28837,3.495,28837,0,4734,11:20,Fine,8,28,NaN,NaN,NaN,NaN,26989
20201101,29326,3.555,29326,0,4659,11:15,Fine,9,28,NaN,NaN,NaN,NaN,26800
20201031,29979,3.634,29979,0,4786,12:35,Fine,8,28,NaN,NaN,NaN,NaN,27614
20201030,30679,3.719,30679,0,4898,12:30,Fine,6,25,NaN,NaN,NaN,NaN,27931
20201029,31630,3.834,31630,0,4927,12:30,Fine,7,26,NaN,NaN,NaN,NaN,28254
20201028,32059,3.886,32059,0,5029,12:25,Fine,5,25,NaN,NaN,NaN,NaN,28578
20201027,33082,4.010,33082,0,5200,12:30,Fine,11,28,NaN,NaN,NaN,NaN,28906
20201026,34508,4.183,34508,0,5359,12:20,Fine,4,22,NaN,NaN,NaN,NaN,29236
20201025,34463,4.177,34463,0,5443,12:15,Fine,7,21,NaN,NaN,NaN,NaN,29571
20201024,31882,3.864,31882,0,5027,12:40,Fine,9,24,NaN,NaN,NaN,NaN,29907
20201023,34634,4.198,34634,0,5318,12:50,Fine,9,27,NaN,NaN,NaN,NaN,30246
20201022,35082,4.252,35082,0,5513,12:40,Fine,14,24,NaN,NaN,NaN,NaN,30587
20201021,32818,3.978,32818,0,5487,13:40,Fine,13,32,NaN,NaN,NaN,NaN,30930
20201020,33122,4.015,33122,0,5055,12:55,Fine,13,34,NaN,NaN,NaN,NaN,31277
20201019,33082,4.010,33082,0,5047,12:50,Fine,13,32,NaN,NaN,NaN,NaN,31625
20201018,60680,7.355,60680,0,9869,12:30,Fine,14,33,NaN,NaN,NaN,NaN,31974
20201017,34315,4.159,34315,0,5369,12:40,Fine,14,34,NaN,NaN,NaN,NaN,32325
20201016,36246,4.393,36246,0,5486,12:55,Fine,15,36,NaN,NaN,NaN,NaN,32679
20201015,36595,4.436,36595,0,5585,12:50,Fine,19,34,NaN,NaN,NaN,NaN,33033
20201014,36846,4.466,36846,0,5545,12:45,Fine,17,33,NaN,NaN,NaN,NaN,33388
20201013,34568,4.190,34568,0,5336,12:25,Fine,12,32,NaN,NaN,NaN,NaN,33744
20201012,36867,4.469,36867,0,5516,12:50,Fine,11,31,NaN,NaN,NaN,NaN,34102
20201011,35342,4.284,35342,0,5817,13:00,Fine,12,28,NaN,NaN,NaN,NaN,34461
20201010,21043,2.551,21043,0,5656,14:20,Partly Cloudy,13,25,NaN,NaN,NaN,NaN,34820
20201009,34857,4.225,34857,0,5414,12:45,Fine,10,24,NaN,NaN,NaN,NaN,35179
20201008,23562,2.856,23562,0,5465,14:50,Partly Cloudy,13,24,NaN,NaN,NaN,NaN,35539
20201007,35533,4.307,35533,0,5584,13:00,Fine,14,32,NaN,NaN,NaN,NaN,35899
20201006,37666,4.566,37666,0,5575,12:55,Fine,12,34,NaN,NaN,NaN,NaN,36260
20201005,34498,4.182,34498,0,5179,12:45,Fine,13,34,NaN,NaN,NaN,NaN,36620
20201004,19829,2.404,19829,0,4174,13:10,Partly Cloudy,15,33,NaN,NaN,NaN,NaN,36980
20201003,25929,3.143,25929,0,4337,13:15,Fine,16,32,NaN,NaN,NaN,NaN,37340
20201002,25840,3.132,25840,0,4059,13:05,Fine,16,33,NaN,NaN,NaN,NaN,37699
20201001,27725,3.361,27725,0,4314,13:05,Fine,19,34,NaN,NaN,NaN,NaN,38058
20200930,32298,3.915,32298,0,5038,12:20,Fine,15,38,NaN,NaN,NaN,NaN,38416
20200929,27387,3.320,6034,0,4672,13:40,Partly Cloudy,17,33,NaN,NaN,NaN,NaN,38774
20200928,37725,4.573,11573,0,5660,13:05,Fine,17,38,NaN,NaN,NaN,NaN,39130
20200927,39813,4.826,11914,0,5834,12:55,Fine,20,36,NaN,NaN,NaN,NaN,39486
20200926,36604,4.437,9682,0,5951,13:40,Fine,16,32,NaN,NaN,NaN,NaN,39840
20200925,36563,4.432,7499,0,5401,12:25,Fine,16,30,NaN,NaN,NaN,NaN,40193
20200924,37228,4.512,9881,0,5429,13:05,Fine,16,31,NaN,NaN,NaN,NaN,40545
20200923,36930,4.476,9012,0,5665,12:40,Fine,14,31,NaN,NaN,NaN,NaN,40895
20200922,35975,4.361,5690,0,5773,12:35,Fine,15,30,NaN,NaN,NaN,NaN,41244
20200921,32857,3.983,8136,0,5308,13:25,Fine,15,31,NaN,NaN,NaN,NaN,41591
20200920,38889,4.714,11103,0,5622,12:30,Fine,14,31,NaN,NaN,NaN,NaN,41936
20200919,38939,4.720,10831,0,5755,12:35,Fine,14,31,NaN,NaN,NaN,NaN,42279
20200918,35063,4.250,8677,0,5872,12:45,Fine,18,28,NaN,NaN,NaN,NaN,42620
20200917,39658,4.807,9842,0,5780,13:25,Fine,13,33,NaN,NaN,NaN,NaN,42959
20200916,31030,3.761,8156,0,4465,13:30,Fine,14,31,NaN,NaN,NaN,NaN,43296
20200915,33305,4.037,6355,0,4943,12:50,Fine,14,32,NaN,NaN,NaN,NaN,43630
20200914,31433,3.810,7789,0,4710,13:10,Fine,15,33,NaN,NaN,NaN,NaN,43962
20200913,29895,3.624,7555,0,4734,12:30,Partly Cloudy,15,29,NaN,NaN,NaN,NaN,44291
20200912,30665,3.717,7625,0,4686,12:55,Fine,16,31,NaN,NaN,NaN,NaN,44618
20200911,23786,2.883,4939,0,3689,12:35,Partly Cloudy,14,30,NaN,NaN,NaN,NaN,44943
20200910,16086,1.950,3901,0,2536,13:25,Mostly Cloudy,14,27,NaN,NaN,NaN,NaN,45264
20200909,4340,0.526,470,0,1030,11:45,Showers,20,38,NaN,NaN,NaN,NaN,45583
20200908,43655,5.292,13180,0,6094,13:20,Fine,22,37,NaN,NaN,NaN,NaN,45898
20200907,24707,2.995,5564,0,4737,11:55,Partly Cloudy,24,38,NaN,NaN,NaN,NaN,46211
20200906,35286,4.277,11910,0,5344,12:20,Fine,23,42,NaN,NaN,NaN,NaN,46521
20200905,38935,4.719,11529,0,5515,12:45,Fine,20,39,NaN,NaN,NaN,NaN,46827
20200904,33682,4.083,9836,0,5365,13:20,Fine,18,33,NaN,NaN,NaN,NaN,47131
20200903,31906,3.867,7658,0,5385,12:10,Fine,18,31,NaN,NaN,NaN,NaN,47431
20200902,39103,4.740,9501,0,5420,12:40,Fine,18,31,NaN,NaN,NaN,NaN,47727
20200901,44090,5.344,16741,0,6109,12:50,Fine,18,39,NaN,NaN,NaN,NaN,48021
20200831,36892,4.472,10686,0,6112,12:40,Fine,18,36,NaN,NaN,NaN,NaN,48310
20200830,26621,3.227,7382,0,5718,12:45,Partly Cloudy,20,32,NaN,NaN,NaN,NaN,48597
20200829,32376,3.924,9956,0,5161,12:50,Partly Cloudy,19,34,NaN,NaN,NaN,NaN,48880
20200828,43066,5.220,14850,0,5811,13:00,Fine,19,34,NaN,NaN,NaN,NaN,49159
20200827,45082,5.464,14032,0,6079,13:30,Fine,18,36,NaN,NaN,NaN,NaN,49435
20200826,36784,4.459,10083,0,5445,13:25,Fine,20,35,NaN,NaN,NaN,NaN,49706
20200825,34525,4.185,8996,0,5009,14:50,Fine,21,33,NaN,NaN,NaN,NaN,49975
20200824,36974,4.482,7509,0,5083,13:20,Fine,22,34,NaN,NaN,NaN,NaN,50239
20200823,37463,4.541,6924,0,5801,12:10,Fine,20,35,NaN,NaN,NaN,NaN,50500
20200822,34709,4.207,5701,0,5069,13:50,Fine,20,35,NaN,NaN,NaN,NaN,50756
20200821,28391,3.441,4636,0,4935,13:35,Partly Cloudy,18,31,NaN,NaN,NaN,NaN,51009
20200820,17478,2.119,3873,0,3542,12:25,Mostly Cloudy,18,29,NaN,NaN,NaN,NaN,51258
20200819,14355,1.740,2454,0,3231,11:05,Cloudy,24,34,NaN,NaN,NaN,NaN,51503
20200818,40392,4.896,14463,0,6560,11:45,Fine,22,40,NaN,NaN,NaN,NaN,51744
20200817,15609,1.892,2128,0,6204,11:20,Mostly Cloudy,24,35,NaN,NaN,NaN,NaN,51981
20200816,22638,2.744,4842,0,6555,13:20,Mostly Cloudy,25,37,NaN,NaN,NaN,NaN,52214
20200815,50317,6.099,14914,0,6270,12:45,Fine,24,43,NaN,NaN,NaN,NaN,52443
20200814,46114,5.590,17656,0,6256,11:40,Fine,21,42,NaN,NaN,NaN,NaN,52668
20200813,52580,6.373,17559,0,6575,13:00,Fine,18,39,NaN,NaN,NaN,NaN,52888
20200812,52676,6.385,19235,0,6639,12:35,Fine,17,36,NaN,NaN,NaN,NaN,53105
20200811,45960,5.571,15158,0,6419,12:00,Fine,19,33,NaN,NaN,NaN,NaN,53318
20200810,46935,5.689,16895,0,5933,13:25,Fine,22,36,NaN,NaN,NaN,NaN,53526
20200809,48174,5.839,18522,0,5925,13:05,Fine,21,37,NaN,NaN,NaN,NaN,53730
20200808,48290,5.853,16444,0,6111,13:45,Fine,20,34,NaN,NaN,NaN,NaN,53931
20200807,50076,6.070,18935,0,6226,12:40,Fine,18,32,NaN,NaN,NaN,NaN,54127
20200806,51226,6.209,13648,0,6299,14:05,Fine,14,30,NaN,NaN,NaN,NaN,54318
20200805,53473,6.482,17304,0,6581,13:20,Fine,17,30,NaN,NaN,NaN,NaN,54506
20200804,51821,6.281,18260,0,6367,13:35,Fine,19,35,NaN,NaN,NaN,NaN,54689
20200803,50708,6.146,18344,0,6295,13:40,Fine,20,37,NaN,NaN,NaN,NaN,54869
20200802,51565,6.250,18925,0,6365,13:10,Fine,18,36,NaN,NaN,NaN,NaN,55044
20200801,52402,6.352,19494,0,6375,12:35,Fine,17,35,NaN,NaN,NaN,NaN,55215
20200731,54584,6.616,19503,0,6670,12:45,Fine,18,37,NaN,NaN,NaN,NaN,55382
20200730,54781,6.640,20049,0,6622,13:10,Fine,17,38,NaN,NaN,NaN,NaN,55545
20200729,54467,6.602,20059,0,6685,13:15,Fine,20,38,NaN,NaN,NaN,NaN,55703
20200728,53135,6.441,18299,0,6444,13:00,Fine,22,37,NaN,NaN,NaN,NaN,55857
20200727,53330,6.464,19449,0,6552,13:10,Fine,22,38,NaN,NaN,NaN,NaN,56007
20200726,52535,6.368,16414,0,6358,12:15,Fine,20,38,NaN,NaN,NaN,NaN,56154
20200725,55437,6.720,18498,0,6626,12:45,Fine,17,34,NaN,NaN,NaN,NaN,56296
20200724,54410,6.595,21090,0,6586,13:25,Fine,19,35,NaN,NaN,NaN,NaN,56434
20200723,54949,6.660,15471,0,6655,13:20,Fine,17,34,NaN,NaN,NaN,NaN,56567
20200722,53986,6.544,18432,0,7274,12:20,Fine,17,33,NaN,NaN,NaN,NaN,56697
20200721,52940,6.417,17693,0,6551,12:40,Fine,19,32,NaN,NaN,NaN,NaN,56822
20200720,53148,6.442,17826,0,6547,13:00,Fine,19,33,NaN,NaN,NaN,NaN,56944
20200719,52149,6.321,19852,0,6296,12:40,Fine,20,36,NaN,NaN,NaN,NaN,57061
20200718,53302,6.461,20398,0,6412,13:00,Fine,18,37,NaN,NaN,NaN,NaN,57174
20200717,54782,6.640,20573,0,6524,12:55,Fine,19,35,NaN,NaN,NaN,NaN,57284
20200716,55519,6.730,20290,0,6659,13:20,Fine,20,36,NaN,NaN,NaN,NaN,57389
20200715,55298,6.703,21449,0,6579,13:10,Fine,19,35,NaN,NaN,NaN,NaN,57490
20200714,56579,6.858,17472,0,6623,13:10,Fine,19,34,NaN,NaN,NaN,NaN,57587
20200713,56852,6.891,19680,0,6737,13:20,Fine,21,36,NaN,NaN,NaN,NaN,57680
20200712,57242,6.938,20183,0,6673,13:30,Fine,19,39,NaN,NaN,NaN,NaN,57769
20200711,57212,6.935,17984,0,6876,12:45,Fine,18,39,NaN,NaN,NaN,NaN,57855
20200710,57198,6.933,19395,0,6757,13:00,Fine,20,38,NaN,NaN,NaN,NaN,57936
20200709,56392,6.835,18611,0,6620,13:35,Fine,18,36,NaN,NaN,NaN,NaN,58013
20200708,56823,6.888,20068,0,6771,12:40,Fine,16,35,NaN,NaN,NaN,NaN,58086
20200707,59029,7.155,19475,0,6939,13:00,Fine,16,34,NaN,NaN,NaN,NaN,58155
20200706,59030,7.155,19204,0,6994,13:10,Fine,18,35,NaN,NaN,NaN,NaN,58221
20200705,58268,7.063,14913,0,6868,12:30,Fine,18,36,NaN,NaN,NaN,NaN,58282
20200704,56586,6.859,18382,0,6621,13:35,Fine,16,35,NaN,NaN,NaN,NaN,58340
20200703,58878,7.137,15368,0,6925,12:50,Fine,15,32,NaN,NaN,NaN,NaN,58393
20200702,58197,7.054,17596,0,6912,13:30,Fine,18,33,NaN,NaN,NaN,NaN,58443
20200701,56700,6.873,17876,0,6700,13:25,Fine,16,35,NaN,NaN,NaN,NaN,58489
20200630,58411,7.080,18387,0,6954,13:15,Fine,16,33,NaN,NaN,NaN,NaN,58531
20200629,60237,7.301,22125,0,7170,12:55,Fine,16,32,NaN,NaN,NaN,NaN,58569
20200628,58669,7.111,7633,0,7013,13:10,Fine,16,30,NaN,NaN,NaN,NaN,58603
20200627,56541,6.853,13205,0,6890,14:30,Fine,22,35,NaN,NaN,NaN,NaN,58633
20200626,53134,6.440,15378,0,6414,12:55,Fine,23,43,NaN,NaN,NaN,NaN,58660
20200625,54532,6.610,14721,0,6446,12:40,Fine,24,42,NaN,NaN,NaN,NaN,58682
20200624,51636,6.259,16266,0,6334,13:25,Fine,22,37,NaN,NaN,NaN,NaN,58701
20200623,54493,6.605,15766,0,6337,13:45,Fine,22,37,NaN,NaN,NaN,NaN,58716
20200622,56782,6.883,16019,0,6570,12:45,Fine,20,35,NaN,NaN,NaN,NaN,58727
20200621,55174,6.688,15060,0,6523,12:55,Fine,19,36,NaN,NaN,NaN,NaN,58734
20200620,54650,6.624,11357,0,6828,13:10,Fine,19,35,NaN,NaN,NaN,NaN,58738
20200619,57368,6.954,9497,0,6753,12:40,Fine,16,36,NaN,NaN,NaN,NaN,58737
20200618,58413,7.080,15527,0,6705,13:30,Fine,13,36,NaN,NaN,NaN,NaN,58733
20200617,61843,7.496,3920,0,7300,12:25,Fine,14,32,NaN,NaN,NaN,NaN,58725
20200616,61221,7.421,9423,0,7070,12:40,Fine,12,28,NaN,NaN,NaN,NaN,58713
20200615,28152,3.412,1232,0,4872,14:30,Partly Cloudy,16,27,NaN,NaN,NaN,NaN,58697
20200614,56396,6.836,8327,0,6697,12:50,Fine,12,29,NaN,NaN,NaN,NaN,58677
20200613,38222,4.633,15740,0,7235,13:40,Fine,12,24,NaN,NaN,NaN,NaN,58653
20200612,40349,4.891,3085,0,7141,14:50,Fine,15,26,NaN,NaN,NaN,NaN,58625
20200611,51680,6.264,14000,0,7740,13:30,Fine,18,33,NaN,NaN,NaN,NaN,58594
20200610,57142,6.926,14807,0,6690,13:05,Fine,17,35,NaN,NaN,NaN,NaN,58558
20200609,55471,6.724,5857,0,6748,13:15,Fine,12,32,NaN,NaN,NaN,NaN,58519
20200608,62172,7.536,7157,0,7325,13:00,Fine,8,28,NaN,NaN,NaN,NaN,58476
20200607,50251,6.091,7481,0,7590,11:40,Fine,8,22,NaN,NaN,NaN,NaN,58429
20200606,53822,6.524,10488,0,7520,14:40,Fine,12,26,NaN,NaN,NaN,NaN,58378
20200605,56294,6.824,15902,0,7383,12:45,Fine,18,30,NaN,NaN,NaN,NaN,58322
20200604,55910,6.777,20221,0,6555,13:10,Fine,20,37,NaN,NaN,NaN,NaN,58263
20200603,53906,6.534,22696,0,6604,13:05,Fine,17,37,NaN,NaN,NaN,NaN,58200
20200602,55786,6.762,20451,0,6544,13:40,Fine,16,35,NaN,NaN,NaN,NaN,58133
20200601,54101,6.558,15641,0,6924,12:40,Fine,17,30,NaN,NaN,NaN,NaN,58062
20200531,47592,5.769,11219,0,6941,12:05,Fine,13,26,NaN,NaN,NaN,NaN,57987
20200530,36210,4.389,9100,0,7595,13:30,Fine,14,24,NaN,NaN,NaN,NaN,57908
20200529,48263,5.850,18964,0,6995,12:40,Fine,19,33,NaN,NaN,NaN,NaN,57825
20200528,54092,6.557,24507,0,6591,13:05,Fine,21,39,NaN,NaN,NaN,NaN,57737
20200527,54587,6.617,22988,0,6406,12:40,Fine,22,38,NaN,NaN,NaN,NaN,57646
20200526,47991,5.817,19153,0,7040,13:20,Fine,20,37,NaN,NaN,NaN,NaN,57550
20200525,54917,6.657,20872,0,6540,12:45,Fine,16,35,NaN,NaN,NaN,NaN,57451
20200524,54121,6.560,13895,0,7284,12:35,Fine,13,33,NaN,NaN,NaN,NaN,57347
20200523,60364,7.317,19442,0,7272,12:50,Fine,11,29,NaN,NaN,NaN,NaN,57239
20200522,63813,7.735,18464,0,7658,13:20,Fine,12,25,NaN,NaN,NaN,NaN,57127
20200521,56280,6.822,18950,0,6855,13:35,Fine,11,28,NaN,NaN,NaN,NaN,57011
20200520,53113,6.438,11374,0,7706,11:10,Fine,11,24,NaN,NaN,NaN,NaN,56891
20200519,55935,6.780,17342,0,7741,13:50,Fine,9,23,NaN,NaN,NaN,NaN,56766
20200518,43993,5.332,11874,0,7763,14:20,Fine,10,20,NaN,NaN,NaN,NaN,56638
20200517,39699,4.812,8291,0,7619,13:35,Fine,13,22,NaN,NaN,NaN,NaN,56505
20200516,33582,4.071,8215,0,5800,13:10,Partly Cloudy,14,27,NaN,NaN,NaN,NaN,56367
20200515,56701,6.873,9599,0,7411,13:30,Fine,12,26,NaN,NaN,NaN,NaN,56226
20200514,44315,5.372,8819,0,7302,13:25,Fine,11,21,NaN,NaN,NaN,NaN,56080
20200513,30060,3.644,6381,0,5554,09:50,Partly Cloudy,11,18,NaN,NaN,NaN,NaN,55930
20200512,38419,4.657,7856,0,7607,13:35,Fine,12,20,NaN,NaN,NaN,NaN,55776
20200511,23908,2.898,23908,0,5577,09:05,Partly Cloudy,13,19,NaN,NaN,NaN,NaN,55617
20200510,50873,6.166,494,0,6988,12:40,Fine,15,30,NaN,NaN,NaN,NaN,55454
20200509,51904,6.291,48943,0,7229,13:30,Fine,16,34,NaN,NaN,NaN,NaN,55287
20200508,54662,6.626,16157,0,6731,13:00,Fine,14,34,NaN,NaN,NaN,NaN,55115
20200507,57494,6.969,9895,0,7183,12:15,Fine,13,33,NaN,NaN,NaN,NaN,54939
20200506,60057,7.280,30358,0,7434,13:05,Fine,13,28,NaN,NaN,NaN,NaN,54759
20200505,53111,6.438,8864,0,7213,12:35,Fine,12,29,NaN,NaN,NaN,NaN,54575
20200504,31771,3.851,9141,0,6755,14:45,Partly Cloudy,9,29,NaN,NaN,NaN,NaN,54386
20200503,11648,1.412,11648,0,5746,13:05,Cloudy,10,24,NaN,NaN,NaN,NaN,54193
20200502,35782,4.337,35782,0,7230,13:20,Fine,13,23,NaN,NaN,NaN,NaN,53995
20200501,49715,6.026,49715,0,6530,13:30,Fine,12,27,NaN,NaN,NaN,NaN,53793
20200430,50132,6.077,50132,0,6930,12:55,Fine,15,27,NaN,NaN,NaN,NaN,53587
20200429,37287,4.520,37287,0,6486,12:30,Fine,17,29,NaN,NaN,NaN,NaN,53377
20200428,51273,6.215,51273,0,6572,12:40,Fine,16,33,NaN,NaN,NaN,NaN,53162
20200427,49745,6.030,49745,0,6518,12:40,Fine,15,30,NaN,NaN,NaN,NaN,52943
20200426,51677,6.264,51677,0,6653,13:35,Fine,14,30,NaN,NaN,NaN,NaN,52720
20200425,35810,4.341,35810,0,6447,12:55,Fine,15,30,NaN,NaN,NaN,NaN,52492
20200424,47370,5.742,47370,0,6703,13:05,Fine,13,32,NaN,NaN,NaN,NaN,52261
20200423,54030,6.549,54030,0,6928,12:55,Fine,14,28,NaN,NaN,NaN,NaN,52025
20200422,46214,5.602,46214,0,7290,13:25,Fine,12,25,NaN,NaN,NaN,NaN,51785
20200421,47239,5.726,47239,0,6818,13:35,Fine,8,27,NaN,NaN,NaN,NaN,51540
20200420,41279,5.004,41279,0,7126,12:05,Fine,8,20,NaN,NaN,NaN,NaN,51292
20200419,52440,6.356,52440,0,7180,12:10,Fine,10,21,NaN,NaN,NaN,NaN,51039
20200418,45247,5.484,45247,0,7345,13:45,Fine,10,21,NaN,NaN,NaN,NaN,50783
20200417,41988,5.089,41988,0,7268,12:50,Fine,11,23,NaN,NaN,NaN,NaN,50522
20200416,52259,6.334,52259,0,6954,13:00,Fine,11,26,NaN,NaN,NaN,NaN,50257
20200415,39862,4.832,39862,0,7061,12:20,Fine,9,24,NaN,NaN,NaN,NaN,49989
20200414,50954,6.176,50954,0,7230,13:00,Fine,8,26,NaN,NaN,NaN,NaN,49716
20200413,54019,6.548,54019,0,7586,12:50,Fine,9,24,NaN,NaN,NaN,NaN,49439
20200412,43891,5.320,43891,0,6632,13:10,Fine,12,25,NaN,NaN,NaN,NaN,49159
20200411,47150,5.715,47150,0,6171,13:00,Fine,9,22,NaN,NaN,NaN,NaN,48875
20200410,48575,5.888,48575,0,6419,12:50,Fine,9,23,NaN,NaN,NaN,NaN,48587
20200409,18128,2.197,18128,0,5916,16:10,Mostly Cloudy,9,16,NaN,NaN,NaN,NaN,48295
20200408,45958,5.571,45958,0,6664,13:35,Fine,9,24,NaN,NaN,NaN,NaN,48000
20200407,44153,5.352,44153,0,7131,14:25,Fine,7,19,NaN,NaN,NaN,NaN,47701
20200406,44945,5.448,44945,0,7246,13:15,Fine,6,16,NaN,NaN,NaN,NaN,47399
20200405,27050,3.279,27050,0,6535,13:50,Partly Cloudy,7,12,NaN,NaN,NaN,NaN,47093
20200404,8902,1.079,8902,0,2053,15:25,Cloudy,6,12,NaN,NaN,NaN,NaN,46784
20200403,49962,6.056,49962,0,6668,12:55,Fine,4,19,NaN,NaN,NaN,NaN,46472
20200402,52564,6.371,52564,0,6975,13:00,Fine,4,19,NaN,NaN,NaN,NaN,46156
20200401,52319,6.342,52319,0,6893,13:30,Fine,6,17,NaN,NaN,NaN,NaN,45837
20200331,41060,4.977,41060,0,6729,14:05,Fine,10,21,NaN,NaN,NaN,NaN,45515
20200330,20729,2.513,20729,0,6577,13:45,Partly Cloudy,10,17,NaN,NaN,NaN,NaN,45190
20200329,26495,3.212,26495,0,7073,14:45,Partly Cloudy,9,17,NaN,NaN,NaN,NaN,44862
20200328,21405,2.595,21405,0,4151,10:30,Partly Cloudy,8,13,NaN,NaN,NaN,NaN,44532
20200327,41658,5.049,41658,0,6666,13:20,Fine,1,16,NaN,NaN,NaN,NaN,44198
20200326,49485,5.998,49485,0,6582,13:20,Fine,1,15,NaN,NaN,NaN,NaN,43862
20200325,39763,4.820,39763,0,7127,13:50,Fine,4,13,NaN,NaN,NaN,NaN,43524
20200324,29227,3.543,29227,0,7026,12:20,Fine,7,12,NaN,NaN,NaN,NaN,43183
20200323,42863,5.196,42863,0,6947,12:15,Fine,6,19,NaN,NaN,NaN,NaN,42839
20200322,45323,5.494,45323,0,6134,13:15,Fine,6,21,NaN,NaN,NaN,NaN,42493
20200321,45556,5.522,45556,0,6124,13:05,Fine,4,19,NaN,NaN,NaN,NaN,42146
20200320,43121,5.227,43121,0,6376,13:30,Fine,3,18,NaN,NaN,NaN,NaN,41796
20200319,46499,5.636,46499,0,6256,13:00,Fine,0,16,NaN,NaN,NaN,NaN,41444
20200318,13894,1.684,13894,0,3838,16:25,Mostly Cloudy,3,10,NaN,NaN,NaN,NaN,41090
20200317,8884,1.077,8884,0,2025,14:35,Cloudy,5,8,NaN,NaN,NaN,NaN,40735
20200316,18470,2.239,18470,0,6624,15:15,Partly Cloudy,4,11,NaN,NaN,NaN,NaN,40378
20200315,23585,2.859,23585,0,6384,15:10,Partly Cloudy,6,10,NaN,NaN,NaN,NaN,40020
20200314,35048,4.248,35048,0,6540,14:35,Fine,7,14,NaN,NaN,NaN,NaN,39660
20200313,38936,4.720,38936,0,5900,12:55,Fine,7,22,NaN,NaN,NaN,NaN,39299
20200312,42373,5.136,42373,0,6062,13:10,Fine,7,26,NaN,NaN,NaN,NaN,38937
20200311,40265,4.881,40265,0,5709,13:20,Fine,9,22,NaN,NaN,NaN,NaN,38574
20200310,42091,5.102,42091,0,6041,13:00,Fine,5,23,NaN,NaN,NaN,NaN,38210
20200309,38614,4.680,38614,0,6213,11:25,Fine,6,18,NaN,NaN,NaN,NaN,37846
20200308,23270,2.821,23270,0,5098,13:25,Partly Cloudy,6,14,NaN,NaN,NaN,NaN,37481
20200307,12372,1.500,12372,0,6495,13:15,Mostly Cloudy,8,12,NaN,NaN,NaN,NaN,37115
20200306,26123,3.166,26123,0,5289,12:05,Partly Cloudy,9,17,NaN,NaN,NaN,NaN,36749
20200305,36167,4.384,36072,0,5389,12:10,Fine,8,24,NaN,NaN,NaN,NaN,36384
20200304,37387,4.532,37293,0,5447,11:55,Fine,8,25,NaN,NaN,NaN,NaN,36018
20200303,38755,4.698,38645,0,5738,12:25,Fine,10,27,NaN,NaN,NaN,NaN,35652
20200302,39448,4.782,39200,0,5837,12:25,Fine,5,22,NaN,NaN,NaN,NaN,35287
20200301,36807,4.461,36446,0,6262,13:30,Fine,7,17,NaN,NaN,NaN,NaN,34922
20200229,30107,3.649,30107,0,5885,11:55,Fine,8,18,NaN,NaN,NaN,NaN,34557
20200228,28938,3.508,28938,0,5707,11:55,Fine,5,22,NaN,NaN,NaN,NaN,34194
20200227,36580,4.434,36580,0,5412,12:00,Fine,6,24,NaN,NaN,NaN,NaN,33831
20200226,35761,4.335,35761,0,5312,12:05,Fine,6,23,NaN,NaN,NaN,NaN,33469
20200225,35754,4.334,35754,0,5777,12:35,Fine,8,25,NaN,NaN,NaN,NaN,33109
20200224,37454,4.540,37454,0,5601,12:00,Fine,4,23,NaN,NaN,NaN,NaN,32750
20200223,31675,3.839,31675,0,6329,11:40,Fine,6,18,NaN,NaN,NaN,NaN,32392
20200222,33838,4.102,33838,0,5229,12:40,Fine,5,22,NaN,NaN,NaN,NaN,32036
20200221,25617,3.105,25617,0,4484,11:40,Fine,5,22,NaN,NaN,NaN,NaN,31682
20200220,25037,3.035,25037,0,5434,10:50,Fine,4,19,NaN,NaN,NaN,NaN,31330
20200219,34222,4.148,34222,0,5361,11:55,Fine,2,18,NaN,NaN,NaN,NaN,30980
20200217,35393,4.290,35393,0,5607,12:05,Fine,6,20,NaN,NaN,NaN,NaN,30286
20200216,24005,2.910,24005,0,5836,13:35,Fine,9,19,NaN,NaN,NaN,NaN,29943
20200215,28316,3.432,28316,0,5297,11:50,Fine,4,18,NaN,NaN,NaN,NaN,29603
20200214,31826,3.858,31826,0,5560,11:35,Fine,3,19,NaN,NaN,NaN,NaN,29266
20200213,31678,3.840,31678,0,4979,12:20,Fine,4,19,NaN,NaN,NaN,NaN,28932
20200212,33893,4.108,33893,0,5292,12:35,Fine,7,22,NaN,NaN,NaN,NaN,28601
20200211,33494,4.060,33494,0,5301,12:10,Fine,8,23,NaN,NaN,NaN,NaN,28273
20200210,33614,4.074,33614,0,5265,12:15,Fine,6,22,NaN,NaN,NaN,NaN,27949
20200209,34610,4.195,34610,0,5454,12:20,Fine,5,17,NaN,NaN,NaN,NaN,27629
20200208,33411,4.050,33411,0,5268,12:10,Fine,4,18,NaN,NaN,NaN,NaN,27312
20200207,31233,3.786,31233,0,4863,12:25,Fine,2,18,NaN,NaN,NaN,NaN,27000
20200206,31924,3.870,31924,0,5062,12:00,Fine,3,17,NaN,NaN,NaN,NaN,26691
20200205,20028,2.428,20028,0,5475,11:45,Partly Cloudy,3,12,NaN,NaN,NaN,NaN,26386
20200204,43598,5.285,43598,0,10899,11:15,Fine,1,13,NaN,NaN,NaN,NaN,26086
20200203,66750,8.091,66750,0,10648,12:35,Fine,0,12,NaN,NaN,NaN,NaN,25791
20200202,50570,6.130,50570,0,10852,10:45,Fine,4,13,NaN,NaN,NaN,NaN,25500
20200201,49308,5.977,49308,0,10412,10:30,Fine,5,18,NaN,NaN,NaN,NaN,25214
20200131,54728,6.634,54728,0,9270,12:05,Fine,6,18,NaN,NaN,NaN,NaN,24933
20200130,52795,6.399,52795,0,9473,12:30,Fine,8,19,NaN,NaN,NaN,NaN,24657
20200129,47179,5.719,47179,0,10063,12:30,Fine,5,17,NaN,NaN,NaN,NaN,24386
20200128,22234,2.695,22234,0,7228,14:35,Fine,6,14,NaN,NaN,NaN,NaN,24120
20200127,40268,4.881,40268,0,9834,14:15,Fine,9,15,NaN,NaN,NaN,NaN,23860
20200126,43893,5.320,43893,0,10842,11:40,Fine,11,17,NaN,NaN,NaN,NaN,23605
20200125,16864,2.044,16864,0,6219,14:35,Partly Cloudy,9,15,NaN,NaN,NaN,NaN,23356
20200124,10681,1.295,10681,0,2989,12:30,Mostly Cloudy,7,12,NaN,NaN,NaN,NaN,23113
20200123,17097,2.072,17097,0,4378,11:20,Partly Cloudy,4,12,NaN,NaN,NaN,NaN,22876
20200122,29106,3.528,29106,0,11305,13:05,Fine,7,15,NaN,NaN,NaN,NaN,22645
20200121,4797,0.581,4797,0,2112,10:30,Cloudy,8,12,NaN,NaN,NaN,NaN,22420
20200120,9208,1.116,9208,0,3333,11:50,Mostly Cloudy,5,10,NaN,NaN,NaN,NaN,22201
20200119,13461,1.632,13461,0,4266,12:55,Partly Cloudy,2,11,NaN,NaN,NaN,NaN,21988
20200118,15525,1.882,15525,0,2836,12:55,Partly Cloudy,1,11,NaN,NaN,NaN,NaN,21782
20200117,11440,1.387,11440,0,4069,13:00,Mostly Cloudy,4,9,NaN,NaN,NaN,NaN,21583
20200116,8613,1.044,8613,0,5827,13:00,Mostly Cloudy,5,10,NaN,NaN,NaN,NaN,21390
20200115,17829,2.161,17829,0,4106,11:20,Partly Cloudy,0,10,NaN,NaN,NaN,NaN,21203
20200114,20766,2.517,20766,0,4941,11:45,Fine,4,11,NaN,NaN,NaN,NaN,21024
20200113,8606,1.043,8606,0,3485,11:20,Mostly Cloudy,7,10,NaN,NaN,NaN,NaN,20851
20200112,17807,2.158,17807,0,4908,11:20,Partly Cloudy,1,11,NaN,NaN,NaN,NaN,20685
20200111,15845,1.921,15845,0,4457,13:05,Partly Cloudy,4,13,NaN,NaN,NaN,NaN,20527
20200110,19804,2.400,19804,0,4769,11:45,Fine,1,11,NaN,NaN,NaN,NaN,20375
20200109,22016,2.669,22016,0,4601,12:15,Fine,4,12,NaN,NaN,NaN,NaN,20230
20200108,4390,0.532,4390,0,1258,12:15,Cloudy,6,9,NaN,NaN,NaN,NaN,20093
20200107,22850,2.770,22850,0,4998,12:10,Fine,0,10,NaN,NaN,NaN,NaN,19963
20200106,21874,2.651,21874,0,4991,11:35,Fine,2,13,NaN,NaN,NaN,NaN,19840
20200105,27162,3.292,27162,0,5362,11:10,Fine,3,14,NaN,NaN,NaN,NaN,19725
20200104,19711,2.389,19711,0,5805,11:30,Fine,7,13,NaN,NaN,NaN,NaN,19617
20200103,21886,2.653,21886,0,4708,12:20,Fine,4,15,NaN,NaN,NaN,NaN,19517
20200102,25012,3.032,25012,0,5005,12:00,Fine,2,17,NaN,NaN,NaN,NaN,19424
20200101,16816,2.038,16816,0,4747,12:10,Partly Cloudy,5,13,NaN,NaN,NaN,NaN,19338
20191231,16969,2.057,16969,0,4862,12:35,Fine,5,16,NaN,NaN,NaN,NaN,19261
20191230,26101,3.164,26101,0,4867,12:10,Fine,3,17,NaN,NaN,NaN,NaN,19190
20191229,8559,1.037,8559,0,3353,11:40,Mostly Cloudy,5,11,NaN,NaN,NaN,NaN,19128
20191228,24143,2.926,24143,0,4852,12:20,Fine,1,12,NaN,NaN,NaN,NaN,19073
20191227,24650,2.988,24650,0,5258,11:20,Fine,1,14,NaN,NaN,NaN,NaN,19026
20191226,26370,3.196,26370,0,5051,11:50,Fine,1,13,NaN,NaN,NaN,NaN,18986
20191225,5021,0.609,5021,0,1588,12:00,Cloudy,3,8,NaN,NaN,NaN,NaN,18955
20191224,17864,2.165,17864,0,4317,11:45,Fine,2,10,NaN,NaN,NaN,NaN,18931
20191223,25811,3.129,25811,0,5038,12:05,Fine,4,12,NaN,NaN,NaN,NaN,18914
20191222,2628,0.319,2628,0,1237,15:00,Showers,4,9,NaN,NaN,NaN,NaN,18906
20191221,6328,0.767,6328,0,1260,12:15,Cloudy,6,12,NaN,NaN,NaN,NaN,18905
20191220,11695,1.418,11695,0,4340,11:35,Partly Cloudy,7,14,NaN,NaN,NaN,NaN,18912
20191219,3325,0.403,3325,0,1409,11:55,Showers,7,11,NaN,NaN,NaN,NaN,18927
20191218,2377,0.288,2377,0,640,12:00,Showers,2,7,NaN,NaN,NaN,NaN,18949
20191217,14295,1.733,14295,0,4872,11:50,Partly Cloudy,2,10,NaN,NaN,NaN,NaN,18979
20191216,26420,3.202,26420,0,4992,12:10,Fine,1,12,NaN,NaN,NaN,NaN,19017
20191215,25811,3.129,25811,0,4909,11:55,Fine,1,11,NaN,NaN,NaN,NaN,19063
20191214,19280,2.337,19280,0,4797,12:00,Fine,4,13,NaN,NaN,NaN,NaN,19116
20191213,7689,0.932,7689,0,5064,12:45,Mostly Cloudy,11,13,NaN,NaN,NaN,NaN,19177
20191212,4130,0.501,4130,0,1226,13:50,Cloudy,10,14,NaN,NaN,NaN,NaN,19245
20191211,2705,0.328,2705,0,1108,13:50,Showers,9,11,NaN,NaN,NaN,NaN,19322
20191210,13934,1.689,13934,0,5596,12:00,Partly Cloudy,4,12,NaN,NaN,NaN,NaN,19405
20191209,25652,3.109,25652,0,4792,12:00,Fine,4,14,NaN,NaN,NaN,NaN,19496
20191208,11264,1.365,11264,0,2926,14:10,Partly Cloudy,7,14,NaN,NaN,NaN,NaN,19595
20191207,8362,1.014,8362,0,3480,14:25,Mostly Cloudy,11,14,NaN,NaN,NaN,NaN,19701
20191206,11577,1.403,11577,0,5019,12:15,Partly Cloudy,10,17,NaN,NaN,NaN,NaN,19814
20191205,8752,1.061,8752,0,3296,13:15,Mostly Cloudy,10,17,NaN,NaN,NaN,NaN,19935
20191204,4414,0.535,4190,0,1184,11:55,Cloudy,9,11,NaN,NaN,NaN,NaN,20063
20191203,22986,2.786,22986,0,6063,12:00,Fine,9,21,NaN,NaN,NaN,NaN,20198
20191202,4652,0.564,4652,0,1376,10:55,Cloudy,7,12,NaN,NaN,NaN,NaN,20340
20191201,3602,0.437,3309,0,883,13:50,Cloudy,4,7,NaN,NaN,NaN,NaN,20490
20191130,5252,0.637,4978,0,1343,11:05,Cloudy,4,9,NaN,NaN,NaN,NaN,20646
20191129,28657,3.474,28557,0,5791,11:40,Fine,0,9,NaN,NaN,NaN,NaN,20810
20191128,22593,2.739,22593,0,6308,11:15,Fine,2,9,NaN,NaN,NaN,NaN,20980
20191127,20366,2.469,20366,0,5780,12:15,Fine,5,10,NaN,NaN,NaN,NaN,21157
20191126,3763,0.456,3743,0,795,12:35,Showers,1,8,NaN,NaN,NaN,NaN,21341
20191125,27727,3.361,27727,0,4934,11:55,Fine,4,16,NaN,NaN,NaN,NaN,21531
20191124,25773,3.124,25076,0,5003,11:05,Fine,2,19,NaN,NaN,NaN,NaN,21728
20191123,26779,3.246,26712,0,4733,11:25,Fine,3,20,NaN,NaN,NaN,NaN,21931
20191122,25997,3.151,25960,0,4562,11:35,Fine,3,18,NaN,NaN,NaN,NaN,22141
20191121,26468,3.208,26460,0,4616,11:45,Fine,7,17,NaN,NaN,NaN,NaN,22357
20191120,27987,3.392,27149,0,4854,11:40,Fine,9,21,NaN,NaN,NaN,NaN,22579
20191119,27636,3.350,27438,0,4710,11:30,Fine,9,21,NaN,NaN,NaN,NaN,22807
20191118,26346,3.193,24686,0,4908,10:20,Fine,8,24,NaN,NaN,NaN,NaN,23041
20191117,27881,3.380,27844,0,4804,12:00,Fine,7,23,NaN,NaN,NaN,NaN,23281
20191116,24580,2.979,24330,0,5254,10:35,Fine,7,23,NaN,NaN,NaN,NaN,23527
20191115,26570,3.221,26561,0,4804,11:45,Fine,9,20,NaN,NaN,NaN,NaN,23778
20191114,22822,2.766,22406,0,5144,11:45,Fine,10,20,NaN,NaN,NaN,NaN,24034
20191113,20182,2.446,19402,0,4753,12:55,Fine,8,22,NaN,NaN,NaN,NaN,24297
20191112,20867,2.529,20867,0,4500,12:00,Fine,8,23,NaN,NaN,NaN,NaN,24565
20191111,23387,2.835,23084,0,4213,11:10,Fine,10,25,NaN,NaN,NaN,NaN,24837
20191110,29470,3.572,29270,0,4844,11:50,Fine,8,24,NaN,NaN,NaN,NaN,25114
20191109,29772,3.609,29713,0,5033,11:35,Fine,6,25,NaN,NaN,NaN,NaN,25396
20191108,30526,3.700,30421,0,4968,11:30,Fine,6,27,NaN,NaN,NaN,NaN,25685
20191107,27160,3.292,26854,0,5219,11:45,Fine,7,24,NaN,NaN,NaN,NaN,25976
20191106,28854,3.497,28854,0,4731,11:45,Fine,7,25,NaN,NaN,NaN,NaN,26272
20191105,30101,3.649,29754,0,5794,12:15,Fine,6,24,NaN,NaN,NaN,NaN,26572
20191104,31262,3.789,31185,0,4962,11:30,Fine,5,25,NaN,NaN,NaN,NaN,26877
20191103,32622,3.954,32622,0,5175,11:30,Fine,6,24,NaN,NaN,NaN,NaN,26708
20191102,32401,3.927,32256,0,5157,12:40,Fine,4,24,NaN,NaN,NaN,NaN,27500
20191101,33800,4.097,33800,0,5273,13:00,Fine,3,22,NaN,NaN,NaN,NaN,27816
20191031,35116,4.256,35116,0,5569,12:25,Fine,1,21,NaN,NaN,NaN,NaN,28136
20191030,36371,4.409,36324,0,5728,12:45,Fine,3,20,NaN,NaN,NaN,NaN,28461
20191029,37736,4.574,37736,0,5997,12:50,Fine,4,19,NaN,NaN,NaN,NaN,28788
20191028,36711,4.450,36642,0,5615,12:40,Fine,3,20,NaN,NaN,NaN,NaN,29118
20191027,38232,4.634,37305,0,5965,12:40,Fine,9,21,NaN,NaN,NaN,NaN,29451
20191026,35027,4.246,34469,0,5487,12:20,Fine,9,28,NaN,NaN,NaN,NaN,29789
20191025,34423,4.172,34406,0,5314,12:30,Fine,10,29,NaN,NaN,NaN,NaN,30128
20191024,32534,3.944,32475,0,5431,12:25,Fine,14,29,NaN,NaN,NaN,NaN,30469
20191023,35756,4.334,35022,0,5593,12:55,Fine,14,31,NaN,NaN,NaN,NaN,30813
20191022,34233,4.149,33681,0,5621,13:10,Fine,12,30,NaN,NaN,NaN,NaN,31159
20191021,37143,4.502,37143,0,5677,12:40,Fine,10,29,NaN,NaN,NaN,NaN,31509
20191020,36919,4.475,35105,0,5589,12:30,Fine,8,25,NaN,NaN,NaN,NaN,31860
20191019,26956,3.267,26913,0,7527,12:00,Fine,11,21,NaN,NaN,NaN,NaN,32212
20191018,34981,4.240,34954,0,5688,13:20,Fine,8,22,NaN,NaN,NaN,NaN,32566
20191017,35545,4.308,34942,0,5905,12:50,Fine,12,22,NaN,NaN,NaN,NaN,32923
20191016,28547,3.460,28244,0,6110,13:35,Fine,7,25,NaN,NaN,NaN,NaN,33280
20191015,44426,5.385,316,0,11034,18:55,Fine,8,27,NaN,NaN,NaN,NaN,33639
20191014,54834,6.647,17,0,11071,19:00,Fine,7,27,NaN,NaN,NaN,NaN,33999
20191013,51904,6.291,42379,0,11851,19:15,Fine,7,26,NaN,NaN,NaN,NaN,34360
20191012,9154,1.110,4801,0,4704,23:30,Cloudy,8,26,NaN,NaN,NaN,NaN,34722
20191011,38957,4.722,2496,0,5798,12:20,Fine,5,26,NaN,NaN,NaN,NaN,35084
20191010,42676,5.173,3488,0,6447,12:30,Fine,6,25,NaN,NaN,NaN,NaN,35447
20191009,40867,4.954,40436,0,6513,12:35,Fine,12,23,NaN,NaN,NaN,NaN,35811
20191008,37990,4.605,37942,0,6021,12:55,Fine,12,29,NaN,NaN,NaN,NaN,36174
20191007,38930,4.719,37984,0,5657,12:50,Fine,11,31,NaN,NaN,NaN,NaN,36538
20191006,40886,4.956,40314,0,5941,12:30,Fine,13,30,NaN,NaN,NaN,NaN,36902
20191005,42247,5.121,41382,0,6136,12:25,Fine,9,27,NaN,NaN,NaN,NaN,37266
20191004,43805,5.310,43805,0,6413,12:30,Fine,9,23,NaN,NaN,NaN,NaN,37630
20191003,40456,4.904,40362,0,6042,12:55,Fine,10,25,NaN,NaN,NaN,NaN,37993
20191002,43520,5.275,43309,0,6134,13:00,Fine,7,24,NaN,NaN,NaN,NaN,38356
20191001,45430,5.507,44822,0,6501,12:50,Fine,5,22,NaN,NaN,NaN,NaN,38718
20190930,42430,5.143,42079,0,7234,12:10,Fine,8,18,NaN,NaN,NaN,NaN,39079
20190929,34165,4.141,33217,0,6634,12:50,Fine,7,18,NaN,NaN,NaN,NaN,39439
20190928,41419,5.020,40855,0,6350,12:55,Fine,12,22,NaN,NaN,NaN,NaN,39798
20190927,14231,1.725,14115,0,2821,16:00,Cloudy,16,23,NaN,NaN,NaN,NaN,40157
20190926,40681,4.931,39543,0,5796,12:40,Fine,19,35,NaN,NaN,NaN,NaN,40514
20190925,42061,5.098,25188,0,6016,12:55,Fine,23,37,NaN,NaN,NaN,NaN,40869
20190924,38491,4.666,35353,0,5513,12:55,Partly Cloudy,25,34,NaN,NaN,NaN,NaN,41223
20190923,40541,4.914,36369,0,5824,13:10,Partly Cloudy,NaN,NaN,NaN,NaN,NaN,NaN,41576
20190922,30162,3.656,27501,0,6804,13:40,Mostly Cloudy,NaN,NaN,NaN,NaN,NaN,NaN,41927
20190921,40618,4.923,35971,0,5697,12:40,Partly Cloudy,NaN,NaN,NaN,NaN,NaN,NaN,42276
