Date,Energy Generated,Efficiency,Energy Exported,Energy Used,Peak Power,Peak Time,Condition,Min. Temperature,Max. Temperature,Peak Energy Import,Off-Peak Energy Import,Shoulder Energy Import,High-Shoulder Energy Import,Insolation
20201129,0,0.000,0,0,0,04:55,Not Sure,10,10,NaN,NaN,NaN,NaN,25407
20201128,21787,2.401,21787,0,3818,11:55,Cloudy,8,39,NaN,NaN,NaN,NaN,25574
20201127,21886,2.412,21886,0,3819,12:05,Cloudy,9,41,NaN,NaN,NaN,NaN,25749
20201126,22693,2.501,22693,0,3959,12:00,Mostly Cloudy,9,36,NaN,NaN,NaN,NaN,25929
20201125,17458,1.924,17458,0,4406,11:40,Cloudy,12,35,NaN,NaN,NaN,NaN,26116
20201124,21971,2.421,21971,0,3818,12:00,Cloudy,11,40,NaN,NaN,NaN,NaN,26310
20201123,13138,1.448,13138,0,5040,12:45,Cloudy,14,40,NaN,NaN,NaN,NaN,26510
20201122,22508,2.480,22508,0,3907,11:50,Cloudy,10,41,NaN,NaN,NaN,NaN,26715
20201121,19794,2.181,19794,0,5277,12:45,Cloudy,11,43,NaN,NaN,NaN,NaN,26927
20201120,19204,2.116,19204,0,5624,11:15,Cloudy,12,43,NaN,NaN,NaN,NaN,27146
20201119,19898,2.193,19898,0,5115,12:45,Cloudy,16,41,NaN,NaN,NaN,NaN,27370
20201118,11938,1.315,11938,0,3782,10:45,Cloudy,19,38,NaN,NaN,NaN,NaN,27599
20201117,16251,1.791,16251,0,4833,10:40,Cloudy,21,43,NaN,NaN,NaN,NaN,27834
20201116,23451,2.584,23451,0,4012,12:00,Mostly Cloudy,13,46,NaN,NaN,NaN,NaN,28074
20201115,23914,2.635,23914,0,4057,11:45,Mostly Cloudy,12,41,NaN,NaN,NaN,NaN,28320
20201114,10555,1.163,10555,0,4835,13:40,Cloudy,14,36,NaN,NaN,NaN,NaN,28570
20201113,13918,1.534,13918,0,5832,11:40,Cloudy,11,43,NaN,NaN,NaN,NaN,28828
20201112,23473,2.587,23473,0,4329,12:55,Mostly Cloudy,12,42,NaN,NaN,NaN,NaN,29089
20201111,18682,2.059,18682,0,3784,10:15,Cloudy,14,36,NaN,NaN,NaN,NaN,29354
20201110,24611,2.712,24611,0,4734,12:30,Mostly Cloudy,9,42,NaN,NaN,NaN,NaN,29623
20201109,26850,2.959,26850,0,4890,13:05,Mostly Cloudy,8,41,NaN,NaN,NaN,NaN,29897
20201108,16561,1.825,16561,0,5284,13:05,Cloudy,13,33,NaN,NaN,NaN,NaN,30174
20201107,20434,2.252,20434,0,5027,12:15,Cloudy,15,42,NaN,NaN,NaN,NaN,30461
20201106,16568,1.826,16568,0,4183,12:05,Cloudy,18,35,NaN,NaN,NaN,NaN,30747
20201105,19640,2.164,19640,0,3345,11:50,Cloudy,18,46,NaN,NaN,NaN,NaN,31037
20201104,19475,2.146,19475,0,3387,11:30,Cloudy,15,43,NaN,NaN,NaN,NaN,31330
20201103,18737,2.065,18737,0,3400,12:30,Cloudy,16,46,NaN,NaN,NaN,NaN,31627
20201102,20167,2.222,20167,0,3390,12:00,Cloudy,17,47,NaN,NaN,NaN,NaN,31931
20201101,20001,2.204,20001,0,3906,13:05,Cloudy,16,48,NaN,NaN,NaN,NaN,31608
20201031,21978,2.422,21978,0,3592,13:00,Cloudy,15,47,NaN,NaN,NaN,NaN,32542
20201030,21861,2.409,21861,0,3591,12:55,Cloudy,16,45,NaN,NaN,NaN,NaN,32851
20201029,21897,2.413,21897,0,3556,13:00,Cloudy,16,47,NaN,NaN,NaN,NaN,33163
20201028,22251,2.452,22251,0,3619,12:55,Cloudy,16,48,NaN,NaN,NaN,NaN,33482
20201027,23127,2.548,23127,0,3723,12:50,Mostly Cloudy,16,48,NaN,NaN,NaN,NaN,33799
20201026,24059,2.651,24059,0,3899,12:45,Mostly Cloudy,15,45,NaN,NaN,NaN,NaN,34119
20201025,19275,2.124,19275,0,4894,11:25,Cloudy,21,44,NaN,NaN,NaN,NaN,34440
20201024,22650,2.496,22650,0,4106,12:15,Cloudy,18,45,NaN,NaN,NaN,NaN,34767
20201023,23523,2.592,23523,0,3861,12:45,Mostly Cloudy,20,48,NaN,NaN,NaN,NaN,35092
20201022,24406,2.689,24406,0,3864,12:55,Mostly Cloudy,20,50,NaN,NaN,NaN,NaN,35419
20201021,24506,2.700,24506,0,3864,12:55,Mostly Cloudy,20,53,NaN,NaN,NaN,NaN,35747
20201020,25083,2.764,25083,0,3915,12:55,Mostly Cloudy,19,53,NaN,NaN,NaN,NaN,36077
20201019,25275,2.785,25275,0,3992,12:50,Mostly Cloudy,20,51,NaN,NaN,NaN,NaN,36410
20201018,25693,2.831,25693,0,4000,13:05,Mostly Cloudy,22,55,NaN,NaN,NaN,NaN,36742
20201017,25022,2.757,25022,0,3890,12:50,Mostly Cloudy,23,58,NaN,NaN,NaN,NaN,37075
20201016,25355,2.794,25355,0,3924,12:55,Mostly Cloudy,23,57,NaN,NaN,NaN,NaN,37408
20201015,26280,2.896,26280,0,4035,13:00,Mostly Cloudy,22,58,NaN,NaN,NaN,NaN,37744
20201014,26885,2.963,26885,0,4150,12:55,Mostly Cloudy,21,53,NaN,NaN,NaN,NaN,38079
20201013,27518,3.032,27518,0,4178,13:00,Mostly Cloudy,20,55,NaN,NaN,NaN,NaN,38413
20201012,27900,3.074,27900,0,4260,13:15,Mostly Cloudy,19,53,NaN,NaN,NaN,NaN,38748
20201011,26423,2.912,26423,0,4334,13:05,Mostly Cloudy,22,50,NaN,NaN,NaN,NaN,39083
20201010,25284,2.786,25284,0,4390,12:25,Mostly Cloudy,21,51,NaN,NaN,NaN,NaN,39419
20201009,20469,2.256,20469,0,5232,14:35,Cloudy,22,50,NaN,NaN,NaN,NaN,39753
20201008,21962,2.420,21962,0,4890,12:15,Cloudy,22,48,NaN,NaN,NaN,NaN,40087
20201007,20641,2.274,20641,0,3973,12:30,Cloudy,21,46,NaN,NaN,NaN,NaN,40420
20201006,22473,2.476,22473,0,4325,13:45,Cloudy,20,52,NaN,NaN,NaN,NaN,40753
20201005,29278,3.226,29278,0,4376,13:10,Mostly Cloudy,19,58,NaN,NaN,NaN,NaN,41085
20201004,30167,3.324,30167,0,4484,12:25,Mostly Cloudy,20,56,NaN,NaN,NaN,NaN,41416
20201003,26239,2.891,26239,0,4159,13:45,Mostly Cloudy,22,57,NaN,NaN,NaN,NaN,41745
20201002,25094,2.765,25094,0,3879,12:25,Mostly Cloudy,24,58,NaN,NaN,NaN,NaN,42074
20201001,23929,2.637,23929,0,3681,12:45,Mostly Cloudy,25,58,NaN,NaN,NaN,NaN,42401
20200930,29476,3.248,29476,0,4562,13:10,Mostly Cloudy,23,57,NaN,NaN,NaN,NaN,42726
20200929,31278,3.447,31278,0,4543,13:00,Mostly Cloudy,23,58,NaN,NaN,NaN,NaN,43050
20200928,28550,3.146,28550,0,4343,13:05,Mostly Cloudy,25,62,NaN,NaN,NaN,NaN,43373
20200927,32226,3.551,32226,0,4710,13:00,Mostly Cloudy,22,59,NaN,NaN,NaN,NaN,43693
20200926,33696,3.713,33696,0,4812,13:10,Mostly Cloudy,21,53,NaN,NaN,NaN,NaN,44012
20200925,34100,3.758,34100,0,5647,13:00,Mostly Cloudy,20,54,NaN,NaN,NaN,NaN,44328
20200924,34034,3.750,34034,0,5014,13:15,Mostly Cloudy,24,53,NaN,NaN,NaN,NaN,44642
20200923,35148,3.873,35148,0,4971,13:00,Mostly Cloudy,19,54,NaN,NaN,NaN,NaN,44954
20200922,35926,3.959,35926,0,5079,13:10,Mostly Cloudy,21,56,NaN,NaN,NaN,NaN,45264
20200921,33942,3.740,33942,0,4784,13:20,Mostly Cloudy,22,59,NaN,NaN,NaN,NaN,45572
20200920,33723,3.716,33723,0,4759,12:50,Mostly Cloudy,22,61,NaN,NaN,NaN,NaN,45876
20200919,34842,3.839,34842,0,5005,12:45,Mostly Cloudy,23,56,NaN,NaN,NaN,NaN,46179
20200918,34196,3.768,34196,0,5227,10:25,Mostly Cloudy,25,54,NaN,NaN,NaN,NaN,46478
20200917,32903,3.626,32903,0,4843,13:30,Mostly Cloudy,25,57,NaN,NaN,NaN,NaN,46775
20200916,32689,3.602,32689,0,5335,10:55,Mostly Cloudy,24,57,NaN,NaN,NaN,NaN,47069
20200915,30843,3.399,30843,0,4755,13:20,Mostly Cloudy,22,55,NaN,NaN,NaN,NaN,47360
20200914,29379,3.237,29379,0,4828,13:30,Mostly Cloudy,22,53,NaN,NaN,NaN,NaN,47648
20200913,28615,3.153,28615,0,4587,12:45,Mostly Cloudy,22,51,NaN,NaN,NaN,NaN,47933
20200912,31338,3.453,31338,0,4655,13:20,Mostly Cloudy,20,58,NaN,NaN,NaN,NaN,48214
20200911,20250,2.231,20250,0,3579,13:20,Cloudy,21,47,NaN,NaN,NaN,NaN,48493
20200910,7093,0.782,7093,0,1465,13:25,Showers,21,38,NaN,NaN,NaN,NaN,48768
20200909,4875,0.537,4875,0,1248,10:55,Showers,23,37,NaN,NaN,NaN,NaN,49040
20200908,23197,2.556,23197,0,4131,13:45,Mostly Cloudy,24,51,NaN,NaN,NaN,NaN,49309
20200907,37292,4.109,37292,0,5112,13:40,Partly Cloudy,29,71,NaN,NaN,NaN,NaN,49574
20200906,37776,4.163,37776,0,5223,12:40,Partly Cloudy,28,73,NaN,NaN,NaN,NaN,49836
20200905,39886,4.395,39886,0,5370,12:55,Partly Cloudy,2,71,NaN,NaN,NaN,NaN,50094
20200904,40827,4.499,40827,0,5778,13:10,Partly Cloudy,22,59,NaN,NaN,NaN,NaN,50349
20200903,40606,4.474,40606,0,5767,13:15,Partly Cloudy,23,58,NaN,NaN,NaN,NaN,50600
20200902,36917,4.068,36917,0,5559,13:15,Partly Cloudy,22,59,NaN,NaN,NaN,NaN,50847
20200901,32497,3.581,32497,0,4664,13:55,Mostly Cloudy,21,56,NaN,NaN,NaN,NaN,51091
20200831,35014,3.858,35014,0,4868,12:55,Mostly Cloudy,21,59,NaN,NaN,NaN,NaN,51331
20200830,38803,4.276,38803,0,5656,13:10,Partly Cloudy,20,63,NaN,NaN,NaN,NaN,51567
20200829,39009,4.299,39009,0,5713,13:05,Partly Cloudy,21,65,NaN,NaN,NaN,NaN,51799
20200828,40705,4.485,40705,0,5736,12:20,Partly Cloudy,21,62,NaN,NaN,NaN,NaN,52028
20200827,42666,4.701,42666,0,5884,13:35,Partly Cloudy,23,66,NaN,NaN,NaN,NaN,52253
20200826,46087,5.078,46087,0,5941,13:25,Fine,24,64,NaN,NaN,NaN,NaN,52474
20200825,43333,4.775,43333,0,5782,13:20,Partly Cloudy,25,65,NaN,NaN,NaN,NaN,52691
20200824,39343,4.335,39343,0,5391,13:20,Partly Cloudy,27,68,NaN,NaN,NaN,NaN,52905
20200823,34362,3.786,34362,0,5751,14:45,Mostly Cloudy,25,67,NaN,NaN,NaN,NaN,53114
20200822,37530,4.136,37530,0,6964,13:10,Partly Cloudy,23,72,NaN,NaN,NaN,NaN,53320
20200821,45382,5.001,45382,0,5903,13:30,Fine,23,64,NaN,NaN,NaN,NaN,53521
20200820,48784,5.376,48784,0,6148,13:55,Fine,23,68,NaN,NaN,NaN,NaN,53719
20200819,33319,3.672,33319,0,5192,14:05,Mostly Cloudy,28,64,NaN,NaN,NaN,NaN,53913
20200818,43888,4.836,43888,0,5994,13:25,Partly Cloudy,28,71,NaN,NaN,NaN,NaN,54103
20200817,30977,3.413,30977,0,6488,12:45,Mostly Cloudy,30,65,NaN,NaN,NaN,NaN,54290
20200816,44581,4.913,44581,0,6572,14:45,Partly Cloudy,33,80,NaN,NaN,NaN,NaN,54472
20200815,43376,4.780,43376,0,7083,13:15,Partly Cloudy,29,75,NaN,NaN,NaN,NaN,54650
20200814,43192,4.759,43192,0,6651,11:45,Partly Cloudy,29,75,NaN,NaN,NaN,NaN,54825
20200813,42370,4.669,42370,0,6410,14:10,Partly Cloudy,24,77,NaN,NaN,NaN,NaN,54996
20200812,48752,5.372,48752,0,5989,13:35,Fine,22,69,NaN,NaN,NaN,NaN,55163
20200811,49454,5.449,49454,0,6068,13:40,Fine,22,68,NaN,NaN,NaN,NaN,55326
20200810,49068,5.407,49068,0,5996,13:30,Fine,23,70,NaN,NaN,NaN,NaN,55485
20200809,48872,5.385,48872,0,5954,13:45,Fine,23,68,NaN,NaN,NaN,NaN,55640
20200808,49003,5.400,49003,0,6006,13:20,Fine,22,72,NaN,NaN,NaN,NaN,55792
20200807,50984,5.618,50984,0,6269,12:35,Fine,21,73,NaN,NaN,NaN,NaN,55940
20200806,49005,5.400,49005,0,6313,12:35,Fine,23,68,NaN,NaN,NaN,NaN,56085
20200805,35289,3.889,35289,0,7580,13:05,Mostly Cloudy,23,62,NaN,NaN,NaN,NaN,56226
20200804,52516,5.787,52516,0,6216,13:15,Fine,21,71,NaN,NaN,NaN,NaN,56362
20200803,51439,5.668,51439,0,6230,13:10,Fine,22,70,NaN,NaN,NaN,NaN,56496
20200802,51822,5.710,51822,0,6335,13:25,Fine,22,67,NaN,NaN,NaN,NaN,56625
20200801,52076,5.738,52076,0,6375,13:05,Fine,20,70,NaN,NaN,NaN,NaN,56751
20200731,50681,5.585,50681,0,6495,13:10,Fine,23,65,NaN,NaN,NaN,NaN,56874
20200730,50754,5.593,50754,0,6418,13:15,Fine,24,68,NaN,NaN,NaN,NaN,56993
20200729,51574,5.683,51574,0,6403,13:15,Fine,22,68,NaN,NaN,NaN,NaN,57108
20200728,52546,5.790,52546,0,6338,13:20,Fine,22,69,NaN,NaN,NaN,NaN,57220
20200727,52731,5.811,52731,0,6334,13:25,Fine,22,69,NaN,NaN,NaN,NaN,57329
20200726,52536,5.789,52536,0,6238,13:40,Fine,22,70,NaN,NaN,NaN,NaN,57435
20200725,54212,5.974,54212,0,6505,13:15,Fine,21,74,NaN,NaN,NaN,NaN,57536
20200724,53688,5.916,53688,0,6295,13:20,Fine,19,71,NaN,NaN,NaN,NaN,57635
20200723,55138,6.076,55138,0,6629,13:20,Fine,21,74,NaN,NaN,NaN,NaN,57730
20200722,56475,6.223,56475,0,6791,13:10,Fine,20,73,NaN,NaN,NaN,NaN,57822
20200721,50008,5.511,50008,0,7580,14:25,Fine,21,74,NaN,NaN,NaN,NaN,57911
20200720,51493,5.674,51493,0,6348,12:55,Fine,23,70,NaN,NaN,NaN,NaN,57996
20200719,51606,5.687,51606,0,6149,12:40,Fine,22,68,NaN,NaN,NaN,NaN,58079
20200718,53299,5.873,53299,0,6337,13:40,Fine,21,71,NaN,NaN,NaN,NaN,58158
20200717,55369,6.101,55369,0,6578,12:45,Fine,21,76,NaN,NaN,NaN,NaN,58234
20200716,54181,5.970,54181,0,6313,13:35,Fine,20,71,NaN,NaN,NaN,NaN,58308
20200715,50608,5.577,50608,0,6307,13:05,Fine,21,74,NaN,NaN,NaN,NaN,58378
20200714,58317,6.426,58317,0,6908,13:15,Fine,19,71,NaN,NaN,NaN,NaN,58445
20200713,56684,6.246,56684,0,6685,12:55,Fine,23,74,NaN,NaN,NaN,NaN,58509
20200712,56221,6.195,56221,0,6435,13:10,Fine,22,78,NaN,NaN,NaN,NaN,58571
20200711,55809,6.150,55809,0,6434,13:10,Fine,21,77,NaN,NaN,NaN,NaN,58629
20200710,54136,5.965,54136,0,7594,13:35,Fine,22,79,NaN,NaN,NaN,NaN,58685
20200709,57466,6.332,57466,0,6582,13:00,Fine,21,74,NaN,NaN,NaN,NaN,58737
20200708,56922,6.272,56922,0,6491,13:10,Fine,20,75,NaN,NaN,NaN,NaN,58787
20200707,58333,6.428,58333,0,6723,13:40,Fine,19,72,NaN,NaN,NaN,NaN,58834
20200706,59750,6.584,59750,0,6898,13:20,Fine,20,71,NaN,NaN,NaN,NaN,58879
20200705,59019,6.503,59019,0,6736,13:30,Fine,21,73,NaN,NaN,NaN,NaN,58920
20200704,58184,6.411,58184,0,6676,13:15,Fine,19,75,NaN,NaN,NaN,NaN,58959
20200703,59076,6.510,59076,0,6639,13:20,Fine,19,74,NaN,NaN,NaN,NaN,58995
20200702,61723,6.801,61723,0,7154,13:00,Fine,18,71,NaN,NaN,NaN,NaN,59029
20200701,60673,6.686,60673,0,7078,13:10,Fine,19,73,NaN,NaN,NaN,NaN,59060
20200630,57263,6.310,57263,0,6544,13:45,Fine,21,76,NaN,NaN,NaN,NaN,59089
20200629,59418,6.547,59418,0,6797,13:10,Fine,19,71,NaN,NaN,NaN,NaN,59114
20200628,59907,6.601,59907,0,6904,13:00,Fine,19,72,NaN,NaN,NaN,NaN,59138
20200627,57572,6.344,57572,0,6595,12:50,Fine,23,78,NaN,NaN,NaN,NaN,59158
20200626,56942,6.275,56942,0,6443,12:45,Fine,21,74,NaN,NaN,NaN,NaN,59176
20200625,58953,6.496,58953,0,6910,12:50,Fine,21,75,NaN,NaN,NaN,NaN,59192
20200624,57492,6.335,57492,0,6519,12:25,Fine,22,77,NaN,NaN,NaN,NaN,59205
20200623,57599,6.347,57599,0,6454,13:15,Fine,21,78,NaN,NaN,NaN,NaN,59215
20200622,58002,6.391,58002,0,6553,13:00,Fine,20,79,NaN,NaN,NaN,NaN,59223
20200621,58398,6.435,58398,0,6769,13:20,Fine,21,72,NaN,NaN,NaN,NaN,59228
20200620,60160,6.629,60160,0,6766,12:35,Fine,20,74,NaN,NaN,NaN,NaN,59231
20200619,59505,6.557,59505,0,6706,13:10,Fine,22,77,NaN,NaN,NaN,NaN,59231
20200618,59373,6.542,59373,0,6758,13:20,Fine,22,77,NaN,NaN,NaN,NaN,59229
20200617,61069,6.729,61069,0,6985,13:25,Fine,18,70,NaN,NaN,NaN,NaN,59224
20200616,61594,6.787,61594,0,7092,13:05,Fine,20,69,NaN,NaN,NaN,NaN,59216
20200615,56313,6.205,56313,0,7242,12:35,Fine,20,65,NaN,NaN,NaN,NaN,59206
20200614,56030,6.174,56030,0,7289,09:45,Fine,23,69,NaN,NaN,NaN,NaN,59194
20200613,57635,6.351,57635,0,7578,12:30,Fine,20,66,NaN,NaN,NaN,NaN,59179
20200612,47362,5.219,47362,0,7591,14:50,Fine,21,64,NaN,NaN,NaN,NaN,59161
20200611,55242,6.087,55242,0,6777,13:30,Fine,21,76,NaN,NaN,NaN,NaN,59141
20200610,58008,6.392,58008,0,7231,13:45,Fine,21,80,NaN,NaN,NaN,NaN,59119
20200609,59910,6.602,59910,0,6815,13:15,Fine,18,76,NaN,NaN,NaN,NaN,59093
20200608,62169,6.851,62169,0,7230,13:40,Fine,16,68,NaN,NaN,NaN,NaN,59065
20200607,59188,6.522,59188,0,7581,11:15,Fine,19,65,NaN,NaN,NaN,NaN,59034
20200606,57401,6.325,57401,0,7597,12:20,Fine,20,69,NaN,NaN,NaN,NaN,59001
20200605,60813,6.701,60813,0,7232,14:25,Fine,21,65,NaN,NaN,NaN,NaN,58965
20200604,57440,6.329,57440,0,6497,13:20,Fine,24,81,NaN,NaN,NaN,NaN,58926
20200603,56893,6.269,56893,0,6556,12:45,Fine,24,80,NaN,NaN,NaN,NaN,58884
20200602,52990,5.839,52990,0,7536,13:30,Fine,21,78,NaN,NaN,NaN,NaN,58839
20200601,55965,6.167,55965,0,7264,13:35,Fine,22,76,NaN,NaN,NaN,NaN,58792
20200531,39447,4.347,39447,0,6585,10:25,Partly Cloudy,21,61,NaN,NaN,NaN,NaN,58742
20200530,39357,4.337,39357,0,7590,13:20,Partly Cloudy,23,67,NaN,NaN,NaN,NaN,58689
20200529,55586,6.125,55586,0,7592,12:20,Fine,21,75,NaN,NaN,NaN,NaN,58633
20200528,57829,6.372,57829,0,6600,13:10,Fine,22,78,NaN,NaN,NaN,NaN,58574
20200527,57658,6.353,57658,0,6594,13:20,Fine,26,81,NaN,NaN,NaN,NaN,58512
20200526,55832,6.152,55832,0,6448,13:05,Fine,25,83,NaN,NaN,NaN,NaN,58447
20200525,56806,6.260,56806,0,6531,13:25,Fine,22,80,NaN,NaN,NaN,NaN,58379
20200524,58629,6.460,58629,0,6799,13:10,Fine,18,75,NaN,NaN,NaN,NaN,58308
20200523,60901,6.711,60901,0,7169,13:10,Fine,17,72,NaN,NaN,NaN,NaN,58234
20200522,59132,6.516,59132,0,7388,13:55,Fine,18,70,NaN,NaN,NaN,NaN,58157
20200521,58653,6.463,58653,0,6766,13:15,Fine,17,73,NaN,NaN,NaN,NaN,58076
20200520,50430,5.557,50430,0,7567,11:40,Fine,20,70,NaN,NaN,NaN,NaN,57992
20200519,51834,5.712,51834,0,7592,13:20,Fine,17,70,NaN,NaN,NaN,NaN,57905
20200518,43206,4.761,43206,0,7589,12:55,Partly Cloudy,20,72,NaN,NaN,NaN,NaN,57814
20200517,30632,3.375,30632,0,7593,13:05,Mostly Cloudy,23,64,NaN,NaN,NaN,NaN,57721
20200516,56940,6.274,56940,0,6974,13:10,Fine,19,70,NaN,NaN,NaN,NaN,57623
20200515,55332,6.097,55332,0,7102,13:40,Fine,20,67,NaN,NaN,NaN,NaN,57523
20200514,41395,4.561,41395,0,7591,11:40,Partly Cloudy,19,68,NaN,NaN,NaN,NaN,57419
20200513,32551,3.587,32551,0,7587,12:10,Mostly Cloudy,16,63,NaN,NaN,NaN,NaN,57311
20200512,23351,2.573,23351,0,7592,11:45,Mostly Cloudy,20,57,NaN,NaN,NaN,NaN,57200
20200511,47040,5.183,47040,0,7205,12:15,Fine,19,75,NaN,NaN,NaN,NaN,57085
20200510,54838,6.043,54838,0,7343,12:45,Fine,18,72,NaN,NaN,NaN,NaN,56967
20200509,55639,6.131,55639,0,6588,13:30,Fine,19,73,NaN,NaN,NaN,NaN,56844
20200508,54349,5.989,54349,0,6614,13:20,Fine,19,80,NaN,NaN,NaN,NaN,56719
20200507,55455,6.111,55455,0,6752,13:00,Fine,18,75,NaN,NaN,NaN,NaN,56589
20200506,57411,6.326,57411,0,6920,13:05,Fine,17,67,NaN,NaN,NaN,NaN,56456
20200505,57834,6.373,57834,0,6924,13:10,Fine,16,69,NaN,NaN,NaN,NaN,56319
20200504,57114,6.294,57114,0,7122,13:40,Fine,14,71,NaN,NaN,NaN,NaN,56178
20200503,56720,6.250,56720,0,7078,13:35,Fine,1,67,NaN,NaN,NaN,NaN,56034
20200502,48238,5.315,48238,0,7581,10:50,Fine,20,68,NaN,NaN,NaN,NaN,55885
20200501,56099,6.182,56099,0,6925,13:35,Fine,15,65,NaN,NaN,NaN,NaN,55733
20200430,55325,6.096,55325,0,7031,13:00,Fine,17,66,NaN,NaN,NaN,NaN,55576
20200429,42335,4.665,42335,0,7587,12:30,Partly Cloudy,21,58,NaN,NaN,NaN,NaN,55416
20200428,53735,5.921,53735,0,6624,13:20,Fine,19,72,NaN,NaN,NaN,NaN,55252
20200427,54111,5.963,54111,0,7084,12:55,Fine,16,64,NaN,NaN,NaN,NaN,55083
20200426,55832,6.152,55832,0,6928,13:15,Fine,18,68,NaN,NaN,NaN,NaN,54911
20200425,49404,5.444,49404,0,6750,12:35,Fine,19,70,NaN,NaN,NaN,NaN,54735
20200424,53943,5.944,53943,0,6627,13:00,Fine,18,69,NaN,NaN,NaN,NaN,54555
20200423,50515,5.566,50515,0,6697,13:10,Fine,20,67,NaN,NaN,NaN,NaN,54371
20200422,53635,5.910,53635,0,6630,13:20,Fine,15,65,NaN,NaN,NaN,NaN,54183
20200421,46423,5.115,46423,0,7590,11:15,Fine,19,63,NaN,NaN,NaN,NaN,53990
20200420,33128,3.650,33128,0,7305,14:50,Mostly Cloudy,18,59,NaN,NaN,NaN,NaN,53794
20200419,47318,5.214,47318,0,7593,14:15,Fine,17,69,NaN,NaN,NaN,NaN,53593
20200418,37451,4.127,37451,0,7579,13:50,Partly Cloudy,19,70,NaN,NaN,NaN,NaN,53389
20200417,41049,4.523,41049,0,7591,11:05,Partly Cloudy,20,69,NaN,NaN,NaN,NaN,53180
20200416,37799,4.165,37799,0,7578,13:30,Partly Cloudy,17,65,NaN,NaN,NaN,NaN,52968
20200415,51613,5.687,51613,0,6637,13:20,Fine,17,70,NaN,NaN,NaN,NaN,52751
20200414,53700,5.917,53700,0,6934,13:05,Fine,15,67,NaN,NaN,NaN,NaN,52530
20200413,47835,5.271,47835,0,6665,13:20,Fine,19,67,NaN,NaN,NaN,NaN,52306
20200412,28344,3.123,28344,0,7566,15:10,Mostly Cloudy,19,53,NaN,NaN,NaN,NaN,52077
20200411,39384,4.340,39384,0,7582,12:25,Partly Cloudy,18,64,NaN,NaN,NaN,NaN,51845
20200410,41613,4.585,41613,0,7591,13:10,Partly Cloudy,19,63,NaN,NaN,NaN,NaN,51608
20200409,23165,2.553,23165,0,6784,12:30,Mostly Cloudy,19,46,NaN,NaN,NaN,NaN,51368
20200408,41454,4.568,41454,0,7589,11:10,Partly Cloudy,17,61,NaN,NaN,NaN,NaN,51123
20200407,48321,5.325,48321,0,7587,13:40,Fine,11,67,NaN,NaN,NaN,NaN,50875
20200406,22461,2.475,22461,0,7584,15:25,Cloudy,15,48,NaN,NaN,NaN,NaN,50623
20200404,20291,2.236,20291,0,7523,15:50,Cloudy,12,48,NaN,NaN,NaN,NaN,50107
20200403,49861,5.494,49861,0,6551,13:00,Fine,12,60,NaN,NaN,NaN,NaN,49844
20200402,51592,5.685,51592,0,6820,13:00,Fine,12,58,NaN,NaN,NaN,NaN,49577
20200401,48260,5.318,48260,0,6763,13:25,Fine,16,56,NaN,NaN,NaN,NaN,49307
20200331,44173,4.868,44173,0,6401,13:45,Partly Cloudy,18,58,NaN,NaN,NaN,NaN,49033
20200330,41306,4.552,41306,0,7040,14:10,Partly Cloudy,19,63,NaN,NaN,NaN,NaN,48755
20200329,29520,3.253,29520,0,7589,13:10,Mostly Cloudy,17,60,NaN,NaN,NaN,NaN,48474
20200328,20072,2.212,20072,0,5826,15:20,Cloudy,16,40,NaN,NaN,NaN,NaN,48190
20200327,39642,4.368,39642,0,7592,12:15,Partly Cloudy,13,61,NaN,NaN,NaN,NaN,47902
20200326,40208,4.431,40208,0,7596,13:55,Partly Cloudy,11,61,NaN,NaN,NaN,NaN,47611
20200325,37849,4.171,37849,0,7570,12:45,Partly Cloudy,14,55,NaN,NaN,NaN,NaN,47317
20200324,23033,2.538,23033,0,6527,10:25,Mostly Cloudy,16,45,NaN,NaN,NaN,NaN,47020
20200323,23027,2.537,23027,0,7181,11:30,Mostly Cloudy,18,50,NaN,NaN,NaN,NaN,46720
20200322,22534,2.483,22534,0,7589,13:35,Cloudy,16,56,NaN,NaN,NaN,NaN,46417
20200321,16651,1.835,16651,0,7561,13:30,Cloudy,16,58,NaN,NaN,NaN,NaN,46111
20200320,42055,4.634,42055,0,7591,13:25,Partly Cloudy,14,68,NaN,NaN,NaN,NaN,45802
20200319,26993,2.974,26993,0,7577,13:05,Mostly Cloudy,13,55,NaN,NaN,NaN,NaN,45491
20200318,17157,1.891,17157,0,6171,12:05,Cloudy,13,44,NaN,NaN,NaN,NaN,45177
20200317,33960,3.742,33960,0,7580,14:15,Mostly Cloudy,11,63,NaN,NaN,NaN,NaN,44861
20200316,17516,1.930,17516,0,7591,13:20,Cloudy,14,49,NaN,NaN,NaN,NaN,44542
20200315,20760,2.288,20760,0,7018,11:10,Cloudy,15,51,NaN,NaN,NaN,NaN,44221
20200314,20645,2.275,20645,0,7593,14:05,Cloudy,17,58,NaN,NaN,NaN,NaN,43898
20200313,38359,4.227,38359,0,7592,14:20,Partly Cloudy,16,58,NaN,NaN,NaN,NaN,43573
20200312,40916,4.509,40916,0,5745,13:25,Partly Cloudy,15,59,NaN,NaN,NaN,NaN,43246
20200311,35475,3.909,35475,0,6682,13:55,Mostly Cloudy,19,62,NaN,NaN,NaN,NaN,42918
20200310,23970,2.641,23970,0,6979,13:20,Mostly Cloudy,17,54,NaN,NaN,NaN,NaN,42587
20200309,33068,3.644,33068,0,6803,12:50,Mostly Cloudy,15,58,NaN,NaN,NaN,NaN,42256
20200308,28788,3.172,28788,0,6019,13:30,Mostly Cloudy,16,48,NaN,NaN,NaN,NaN,41922
20200307,16594,1.829,16594,0,5218,12:00,Cloudy,17,45,NaN,NaN,NaN,NaN,41588
20200306,33635,3.706,33635,0,6587,11:05,Mostly Cloudy,17,55,NaN,NaN,NaN,NaN,41252
20200305,35757,3.940,35757,0,5917,12:40,Mostly Cloudy,16,57,NaN,NaN,NaN,NaN,40915
20200304,35576,3.920,35576,0,5438,12:10,Mostly Cloudy,15,58,NaN,NaN,NaN,NaN,40578
20200303,36907,4.067,36907,0,5444,12:25,Partly Cloudy,14,52,NaN,NaN,NaN,NaN,40240
20200302,38250,4.215,38250,0,5669,12:15,Partly Cloudy,15,47,NaN,NaN,NaN,NaN,39901
20200301,25121,2.768,25121,0,5198,12:20,Mostly Cloudy,12,42,NaN,NaN,NaN,NaN,39561
20200229,36382,4.009,36382,0,5462,12:50,Partly Cloudy,16,47,NaN,NaN,NaN,NaN,39222
20200228,31422,3.462,31422,0,5514,12:50,Mostly Cloudy,17,57,NaN,NaN,NaN,NaN,38882
20200227,32885,3.624,32885,0,5418,12:55,Mostly Cloudy,15,57,NaN,NaN,NaN,NaN,38542
20200226,34298,3.779,34298,0,5167,12:00,Mostly Cloudy,15,57,NaN,NaN,NaN,NaN,38202
20200225,34878,3.843,34878,0,5292,12:45,Mostly Cloudy,13,52,NaN,NaN,NaN,NaN,37863
20200224,28397,3.129,28397,0,6031,11:10,Mostly Cloudy,14,47,NaN,NaN,NaN,NaN,37524
20200223,30080,3.315,30080,0,6777,11:15,Mostly Cloudy,17,47,NaN,NaN,NaN,NaN,37186
20200222,31756,3.499,31756,0,5113,12:50,Mostly Cloudy,18,54,NaN,NaN,NaN,NaN,36848
20200221,22286,2.456,22286,0,5503,13:00,Cloudy,14,50,NaN,NaN,NaN,NaN,36511
20200220,31287,3.448,31287,0,5253,12:10,Mostly Cloudy,12,51,NaN,NaN,NaN,NaN,36176
20200219,32800,3.614,32800,0,5055,12:05,Mostly Cloudy,12,51,NaN,NaN,NaN,NaN,35841
20200218,33010,3.637,33010,0,5092,12:25,Mostly Cloudy,15,52,NaN,NaN,NaN,NaN,35509
20200217,32158,3.544,32158,0,5187,12:45,Mostly Cloudy,17,50,NaN,NaN,NaN,NaN,35177
20200216,31692,3.492,31692,0,5510,13:10,Mostly Cloudy,13,46,NaN,NaN,NaN,NaN,34848
20200215,29863,3.291,29863,0,5206,13:00,Mostly Cloudy,13,50,NaN,NaN,NaN,NaN,34520
20200214,27949,3.080,27949,0,5969,11:40,Mostly Cloudy,16,47,NaN,NaN,NaN,NaN,34194
20200213,30740,3.387,30740,0,4896,12:30,Mostly Cloudy,14,48,NaN,NaN,NaN,NaN,33871
20200212,30601,3.372,30601,0,4814,12:30,Mostly Cloudy,15,50,NaN,NaN,NaN,NaN,33550
20200211,31111,3.428,31111,0,4965,12:25,Mostly Cloudy,13,47,NaN,NaN,NaN,NaN,33232
20200210,30761,3.390,30761,0,4867,12:35,Mostly Cloudy,15,50,NaN,NaN,NaN,NaN,32916
20200209,31459,3.467,31459,0,5087,12:20,Mostly Cloudy,12,41,NaN,NaN,NaN,NaN,32603
20200208,26219,2.889,26219,0,5240,10:35,Mostly Cloudy,15,45,NaN,NaN,NaN,NaN,32294
20200207,29092,3.206,29092,0,4674,13:20,Mostly Cloudy,13,47,NaN,NaN,NaN,NaN,31987
20200206,28648,3.157,28648,0,4602,12:35,Mostly Cloudy,12,46,NaN,NaN,NaN,NaN,31684
20200205,27720,3.055,27720,0,4663,12:20,Mostly Cloudy,10,42,NaN,NaN,NaN,NaN,31385
20200204,29422,3.242,29422,0,5767,13:45,Mostly Cloudy,10,39,NaN,NaN,NaN,NaN,31089
20200203,30088,3.315,30088,0,4941,12:05,Mostly Cloudy,9,36,NaN,NaN,NaN,NaN,30797
20200202,26100,2.876,26100,0,5632,12:10,Mostly Cloudy,15,38,NaN,NaN,NaN,NaN,30509
20200201,26644,2.936,26644,0,4420,12:40,Mostly Cloudy,15,47,NaN,NaN,NaN,NaN,30226
20200131,25067,2.762,25067,0,4408,12:10,Mostly Cloudy,15,47,NaN,NaN,NaN,NaN,29946
20200130,10853,1.196,10853,0,3720,15:00,Cloudy,14,37,NaN,NaN,NaN,NaN,29672
20200129,20510,2.260,20510,0,4752,12:25,Cloudy,16,39,NaN,NaN,NaN,NaN,29402
20200128,16731,1.844,16731,0,5563,13:00,Cloudy,15,47,NaN,NaN,NaN,NaN,29136
20200127,23732,2.615,23732,0,4939,12:50,Mostly Cloudy,13,42,NaN,NaN,NaN,NaN,28876
20200126,16376,1.805,16376,0,6123,13:00,Cloudy,19,41,NaN,NaN,NaN,NaN,28621
20200125,20227,2.229,20227,0,4775,13:45,Cloudy,18,45,NaN,NaN,NaN,NaN,28371
20200124,24326,2.681,24326,0,4272,12:40,Mostly Cloudy,15,44,NaN,NaN,NaN,NaN,28127
20200123,16105,1.775,16105,0,5301,11:10,Cloudy,14,44,NaN,NaN,NaN,NaN,27888
20200122,12878,1.419,12878,0,3801,12:25,Cloudy,19,38,NaN,NaN,NaN,NaN,27655
20200121,13947,1.537,13947,0,5104,11:20,Cloudy,17,38,NaN,NaN,NaN,NaN,27427
20200120,8537,0.941,8537,0,2453,14:25,Showers,14,33,NaN,NaN,NaN,NaN,27206
20200119,13788,1.519,13788,0,4794,11:05,Cloudy,11,36,NaN,NaN,NaN,NaN,26991
20200118,19263,2.123,19263,0,4568,13:05,Cloudy,11,38,NaN,NaN,NaN,NaN,26782
20200117,22712,2.503,22712,0,4495,12:10,Mostly Cloudy,12,39,NaN,NaN,NaN,NaN,26579
20200116,6760,0.745,6760,0,4378,14:25,Showers,13,28,NaN,NaN,NaN,NaN,26382
20200115,17031,1.877,17031,0,3126,10:25,Cloudy,10,34,NaN,NaN,NaN,NaN,26193
20200114,18829,2.075,18829,0,4759,12:30,Cloudy,15,38,NaN,NaN,NaN,NaN,26010
20200113,18285,2.015,18285,0,5348,12:20,Cloudy,13,41,NaN,NaN,NaN,NaN,25833
20200112,19774,2.179,19774,0,5044,12:40,Cloudy,13,37,NaN,NaN,NaN,NaN,25664
20200111,20462,2.255,20462,0,5439,11:10,Cloudy,14,38,NaN,NaN,NaN,NaN,25501
20200110,21959,2.420,21959,0,3967,12:20,Cloudy,11,40,NaN,NaN,NaN,NaN,25346
20200109,14369,1.583,14369,0,5186,11:35,Cloudy,15,34,NaN,NaN,NaN,NaN,25198
20200108,15277,1.683,15277,0,5501,13:00,Cloudy,15,37,NaN,NaN,NaN,NaN,25057
20200107,19870,2.190,19870,0,4381,12:30,Cloudy,11,38,NaN,NaN,NaN,NaN,24923
20200106,21508,2.370,21508,0,3817,12:25,Cloudy,12,39,NaN,NaN,NaN,NaN,24797
20200105,22092,2.434,22092,0,3952,12:30,Cloudy,14,34,NaN,NaN,NaN,NaN,24679
20200104,19349,2.132,19349,0,4650,12:35,Cloudy,16,42,NaN,NaN,NaN,NaN,24567
20200103,19476,2.146,19476,0,4242,11:35,Cloudy,13,41,NaN,NaN,NaN,NaN,24464
20200102,18366,2.024,18366,0,4024,10:45,Cloudy,18,37,NaN,NaN,NaN,NaN,24368
20200101,15343,1.691,15343,0,5396,12:05,Cloudy,13,36,NaN,NaN,NaN,NaN,24280
20191231,18936,2.087,18936,0,3940,12:15,Cloudy,12,39,NaN,NaN,NaN,NaN,24200
20191230,20220,2.228,20220,0,3660,12:30,Cloudy,15,38,NaN,NaN,NaN,NaN,24127
20191229,10784,1.188,10784,0,4734,11:05,Cloudy,14,35,NaN,NaN,NaN,NaN,24063
20191228,20995,2.313,20995,0,3735,12:20,Cloudy,10,38,NaN,NaN,NaN,NaN,24006
20191227,20770,2.289,20770,0,4302,11:50,Cloudy,10,35,NaN,NaN,NaN,NaN,23957
20191226,19507,2.150,19507,0,3859,12:10,Cloudy,15,33,NaN,NaN,NaN,NaN,23917
20191225,9949,1.096,9949,0,3239,12:05,Cloudy,14,30,NaN,NaN,NaN,NaN,23884
20191224,10078,1.111,10078,0,4692,11:30,Cloudy,12,35,NaN,NaN,NaN,NaN,23859
20191223,11561,1.274,11561,0,4882,12:50,Cloudy,11,38,NaN,NaN,NaN,NaN,23842
20191222,10106,1.114,10106,0,4226,10:30,Cloudy,17,36,NaN,NaN,NaN,NaN,23834
20191221,11557,1.273,11557,0,3210,12:20,Cloudy,15,36,NaN,NaN,NaN,NaN,23833
20191220,18008,1.984,18008,0,3875,12:50,Cloudy,16,42,NaN,NaN,NaN,NaN,23840
20191219,18973,2.091,18973,0,3813,12:10,Cloudy,17,41,NaN,NaN,NaN,NaN,23856
20191218,10184,1.122,10184,0,3904,13:10,Cloudy,16,33,NaN,NaN,NaN,NaN,23879
20191217,13239,1.459,13239,0,2986,11:00,Cloudy,16,33,NaN,NaN,NaN,NaN,23911
20191216,20895,2.302,20895,0,3793,12:15,Cloudy,11,37,NaN,NaN,NaN,NaN,23950
20191215,20737,2.285,20737,0,4586,12:10,Cloudy,13,36,NaN,NaN,NaN,NaN,23997
20191214,15182,1.673,15182,0,5331,10:55,Cloudy,18,38,NaN,NaN,NaN,NaN,24053
20191213,11660,1.285,11660,0,4085,11:35,Cloudy,21,40,NaN,NaN,NaN,NaN,24116
20191212,12175,1.342,12175,0,3405,10:00,Cloudy,21,39,NaN,NaN,NaN,NaN,24187
20191211,7978,0.879,7978,0,1962,13:50,Showers,19,33,NaN,NaN,NaN,NaN,24266
20191210,20261,2.233,20261,0,3766,12:20,Cloudy,16,41,NaN,NaN,NaN,NaN,24352
20191209,10645,1.173,10645,0,2887,13:15,Cloudy,19,35,NaN,NaN,NaN,NaN,24446
20191208,15455,1.703,15455,0,4731,11:00,Cloudy,19,43,NaN,NaN,NaN,NaN,24548
20191207,8010,0.883,8010,0,4155,10:45,Showers,20,38,NaN,NaN,NaN,NaN,24658
20191206,16321,1.798,16321,0,4588,11:55,Cloudy,19,40,NaN,NaN,NaN,NaN,24775
20191205,13967,1.539,13967,0,3589,11:55,Cloudy,16,38,NaN,NaN,NaN,NaN,24899
20191204,10715,1.181,10715,0,6061,12:05,Cloudy,18,42,NaN,NaN,NaN,NaN,25031
20191203,11135,1.227,11135,0,3903,12:00,Cloudy,17,36,NaN,NaN,NaN,NaN,25170
20191202,3455,0.381,3455,0,1417,11:20,Showers,17,29,NaN,NaN,NaN,NaN,25316
20191201,4628,0.510,4628,0,1594,10:15,Showers,17,27,NaN,NaN,NaN,NaN,25470
20191130,4085,0.450,4085,0,1136,10:50,Showers,13,24,NaN,NaN,NaN,NaN,25630
20191129,20276,2.234,20276,0,5287,12:05,Cloudy,11,41,NaN,NaN,NaN,NaN,25797
20191128,16351,1.802,16351,0,5079,11:10,Cloudy,11,36,NaN,NaN,NaN,NaN,25972
20191127,13493,1.487,13493,0,4792,12:25,Cloudy,13,37,NaN,NaN,NaN,NaN,26153
20191126,10364,1.142,10364,0,3870,09:15,Cloudy,10,32,NaN,NaN,NaN,NaN,26340
20191125,22031,2.428,22031,0,4105,12:10,Cloudy,12,37,NaN,NaN,NaN,NaN,26534
20191124,22722,2.504,22722,0,4829,12:55,Mostly Cloudy,14,48,NaN,NaN,NaN,NaN,26734
20191123,22590,2.489,22590,0,3932,11:55,Cloudy,14,44,NaN,NaN,NaN,NaN,26941
20191122,22813,2.514,22813,0,3915,11:50,Mostly Cloudy,13,42,NaN,NaN,NaN,NaN,27153
20191121,23146,2.551,23146,0,4008,11:45,Mostly Cloudy,14,44,NaN,NaN,NaN,NaN,27373
20191120,19053,2.100,19053,0,4506,10:50,Cloudy,16,41,NaN,NaN,NaN,NaN,27598
20191119,19981,2.202,19981,0,4586,12:25,Cloudy,17,44,NaN,NaN,NaN,NaN,27828
20191118,22856,2.519,22856,0,3931,11:45,Mostly Cloudy,16,47,NaN,NaN,NaN,NaN,28064
20191117,22934,2.527,22934,0,3916,11:55,Mostly Cloudy,16,46,NaN,NaN,NaN,NaN,28305
20191116,20551,2.265,20551,0,3977,11:50,Cloudy,20,45,NaN,NaN,NaN,NaN,28552
20191115,23072,2.542,23072,0,3996,12:10,Mostly Cloudy,20,42,NaN,NaN,NaN,NaN,28803
20191114,19205,2.116,19205,0,5194,12:25,Cloudy,18,46,NaN,NaN,NaN,NaN,29063
20191113,19856,2.188,19856,0,4144,11:05,Cloudy,17,45,NaN,NaN,NaN,NaN,29325
20191112,23569,2.597,23569,0,4061,11:30,Mostly Cloudy,17,50,NaN,NaN,NaN,NaN,29592
20191111,24646,2.716,24646,0,4380,12:25,Mostly Cloudy,15,50,NaN,NaN,NaN,NaN,29863
20191110,23583,2.599,23583,0,4247,12:05,Mostly Cloudy,17,46,NaN,NaN,NaN,NaN,30138
20191109,23138,2.550,23138,0,4241,12:00,Mostly Cloudy,18,45,NaN,NaN,NaN,NaN,30418
20191108,22089,2.434,22089,0,4315,11:55,Cloudy,18,45,NaN,NaN,NaN,NaN,30706
20191107,20909,2.304,20909,0,4643,10:45,Cloudy,17,45,NaN,NaN,NaN,NaN,30994
20191105,26548,2.925,26548,0,4342,11:55,Mostly Cloudy,15,48,NaN,NaN,NaN,NaN,31582
20191104,27114,2.988,27114,0,4391,12:00,Mostly Cloudy,15,50,NaN,NaN,NaN,NaN,31881
20191103,27562,3.037,27562,0,4468,12:00,Mostly Cloudy,15,50,NaN,NaN,NaN,NaN,31580
20191102,28639,3.156,28639,0,4611,12:55,Mostly Cloudy,13,50,NaN,NaN,NaN,NaN,32494
20191101,29404,3.240,29404,0,4691,13:10,Mostly Cloudy,13,51,NaN,NaN,NaN,NaN,32803
20191031,29294,3.228,29294,0,4673,12:45,Mostly Cloudy,13,49,NaN,NaN,NaN,NaN,33115
20191030,29870,3.291,29870,0,4721,12:55,Mostly Cloudy,13,49,NaN,NaN,NaN,NaN,33429
20191029,29491,3.250,29491,0,4699,12:55,Mostly Cloudy,13,48,NaN,NaN,NaN,NaN,33750
20191028,31117,3.429,31117,0,4898,12:50,Mostly Cloudy,14,52,NaN,NaN,NaN,NaN,34071
20191027,31863,3.511,31863,0,5112,12:55,Mostly Cloudy,16,43,NaN,NaN,NaN,NaN,34393
20191026,29759,3.279,29759,0,4767,12:45,Mostly Cloudy,19,54,NaN,NaN,NaN,NaN,34717
20191025,30312,3.340,30312,0,4727,13:00,Mostly Cloudy,20,59,NaN,NaN,NaN,NaN,35046
20191024,30850,3.399,30850,0,4759,12:45,Mostly Cloudy,20,59,NaN,NaN,NaN,NaN,35375
20191023,31380,3.458,31380,0,4922,13:05,Mostly Cloudy,19,53,NaN,NaN,NaN,NaN,35705
20191022,32105,3.538,32105,0,4906,13:00,Mostly Cloudy,19,57,NaN,NaN,NaN,NaN,36036
20191021,32617,3.594,32617,0,4996,12:40,Mostly Cloudy,17,54,NaN,NaN,NaN,NaN,36369
20191020,30299,3.339,30299,0,5093,12:55,Mostly Cloudy,19,50,NaN,NaN,NaN,NaN,36705
20191019,30938,3.409,30938,0,6264,11:50,Mostly Cloudy,15,52,NaN,NaN,NaN,NaN,37040
20191018,32538,3.585,32538,0,6079,13:15,Mostly Cloudy,16,52,NaN,NaN,NaN,NaN,37376
20191017,35098,3.868,35098,0,5455,12:45,Mostly Cloudy,21,47,NaN,NaN,NaN,NaN,37713
20191016,23877,2.631,23877,0,5727,11:55,Mostly Cloudy,16,47,NaN,NaN,NaN,NaN,38052
20191015,30865,3.401,30865,0,5166,12:55,Mostly Cloudy,15,50,NaN,NaN,NaN,NaN,38390
20191014,34529,3.805,34529,0,5174,12:50,Mostly Cloudy,14,55,NaN,NaN,NaN,NaN,38728
20191013,34689,3.822,34689,0,5176,13:10,Mostly Cloudy,16,54,NaN,NaN,NaN,NaN,39066
20191012,35073,3.865,35073,0,5193,12:55,Mostly Cloudy,16,58,NaN,NaN,NaN,NaN,39404
20191011,34746,3.829,34746,0,5247,12:20,Mostly Cloudy,16,58,NaN,NaN,NaN,NaN,39744
20191010,36449,4.016,36449,0,5445,13:25,Partly Cloudy,14,59,NaN,NaN,NaN,NaN,40081
20191009,37597,4.143,37597,0,5526,13:05,Partly Cloudy,17,54,NaN,NaN,NaN,NaN,40419
20191008,34838,3.839,34838,0,6122,14:25,Mostly Cloudy,20,65,NaN,NaN,NaN,NaN,40756
20191007,36115,3.980,36115,0,5267,12:45,Mostly Cloudy,21,63,NaN,NaN,NaN,NaN,41092
20191006,35907,3.957,35907,0,6647,12:35,Mostly Cloudy,18,64,NaN,NaN,NaN,NaN,41428
20191005,38441,4.236,38441,0,5528,13:05,Partly Cloudy,15,59,NaN,NaN,NaN,NaN,41762
20191004,39914,4.398,39914,0,5721,13:05,Partly Cloudy,14,55,NaN,NaN,NaN,NaN,42095
20191003,39920,4.399,39920,0,5694,13:05,Partly Cloudy,15,56,NaN,NaN,NaN,NaN,42428
20191002,40222,4.432,40222,0,5699,13:15,Partly Cloudy,15,59,NaN,NaN,NaN,NaN,42758
20191001,41423,4.565,41423,0,5919,13:15,Partly Cloudy,15,54,NaN,NaN,NaN,NaN,43088
20190930,38820,4.278,38820,0,6547,12:00,Partly Cloudy,17,54,NaN,NaN,NaN,NaN,43415
20190929,40867,4.503,40867,0,6371,14:15,Partly Cloudy,16,58,NaN,NaN,NaN,NaN,43741
20190928,40902,4.507,40902,0,7202,13:25,Partly Cloudy,20,57,NaN,NaN,NaN,NaN,44066
20190927,34164,3.765,34164,0,6173,11:45,Mostly Cloudy,22,62,NaN,NaN,NaN,NaN,44388
20190926,40400,4.452,40400,0,5615,13:00,Partly Cloudy,25,65,NaN,NaN,NaN,NaN,44708
20190925,38558,4.249,38558,0,5747,13:05,Partly Cloudy,25,69,NaN,NaN,NaN,NaN,45026
20190924,41401,4.562,41401,0,5716,13:00,Partly Cloudy,22,68,NaN,NaN,NaN,NaN,45342
20190923,41073,4.526,41073,0,6047,13:35,Partly Cloudy,21,60,NaN,NaN,NaN,NaN,45656
20190922,37533,4.136,37533,0,6916,13:05,Partly Cloudy,21,70,NaN,NaN,NaN,NaN,45967
20190921,40824,4.499,40824,0,5623,12:40,Partly Cloudy,21,64,NaN,NaN,NaN,NaN,46275
20190920,41459,4.568,41459,0,5680,13:15,Partly Cloudy,20,61,NaN,NaN,NaN,NaN,46581
20190919,42026,4.631,42026,0,5861,13:20,Partly Cloudy,20,60,NaN,NaN,NaN,NaN,46884
20190918,25597,2.821,25597,0,7582,12:05,Mostly Cloudy,22,56,NaN,NaN,NaN,NaN,47185
20190917,43349,4.777,43349,0,5888,13:25,Partly Cloudy,20,61,NaN,NaN,NaN,NaN,47483
20190916,34438,3.795,34438,0,7063,13:10,Mostly Cloudy,24,58,NaN,NaN,NaN,NaN,47777
20190915,37184,4.097,37184,0,5562,12:15,Partly Cloudy,21,57,NaN,NaN,NaN,NaN,48069
20190914,38683,4.263,38683,0,5213,13:05,Partly Cloudy,23,67,NaN,NaN,NaN,NaN,48357
20190913,39173,4.317,39173,0,5345,13:10,Partly Cloudy,24,66,NaN,NaN,NaN,NaN,48643
20190912,39234,4.323,39234,0,5339,13:25,Partly Cloudy,22,64,NaN,NaN,NaN,NaN,48925
20190911,40155,4.425,40155,0,5371,12:55,Partly Cloudy,21,61,NaN,NaN,NaN,NaN,49204
20190910,41462,4.569,41462,0,5950,13:45,Partly Cloudy,20,56,NaN,NaN,NaN,NaN,49480
20190909,41567,4.580,41567,0,5694,13:15,Partly Cloudy,20,56,NaN,NaN,NaN,NaN,49752
20190908,42346,4.666,42346,0,5680,13:30,Partly Cloudy,21,57,NaN,NaN,NaN,NaN,50021
20190907,19832,2.185,19832,0,7568,14:45,Cloudy,23,53,NaN,NaN,NaN,NaN,50286
20190906,42436,4.676,42436,0,5699,13:05,Partly Cloudy,22,59,NaN,NaN,NaN,NaN,50547
20190905,33732,3.717,33732,0,6427,14:30,Mostly Cloudy,23,60,NaN,NaN,NaN,NaN,50806
20190904,41298,4.551,41298,0,5390,12:50,Partly Cloudy,24,64,NaN,NaN,NaN,NaN,51060
20190903,43519,4.795,43519,0,5743,13:05,Partly Cloudy,21,62,NaN,NaN,NaN,NaN,51311
20190902,42786,4.715,42786,0,5659,13:15,Partly Cloudy,23,62,NaN,NaN,NaN,NaN,51558
20190901,42771,4.713,42771,0,5579,13:25,Partly Cloudy,23,66,NaN,NaN,NaN,NaN,51801
20190831,43988,4.847,43988,0,5741,13:15,Partly Cloudy,21,67,NaN,NaN,NaN,NaN,52041
20190830,44794,4.936,44794,0,5847,13:10,Partly Cloudy,21,64,NaN,NaN,NaN,NaN,52277
20190829,42071,4.636,42071,0,5771,13:20,Partly Cloudy,26,61,NaN,NaN,NaN,NaN,52509
20190828,41948,4.622,41948,0,6156,10:50,Partly Cloudy,23,63,NaN,NaN,NaN,NaN,52737
20190827,44057,4.855,44057,0,6602,13:20,Partly Cloudy,23,68,NaN,NaN,NaN,NaN,52961
20190826,42258,4.657,42258,0,5727,13:05,Partly Cloudy,23,70,NaN,NaN,NaN,NaN,53181
20190825,43941,4.842,43941,0,5657,13:25,Partly Cloudy,24,67,NaN,NaN,NaN,NaN,53398
20190824,44559,4.910,44559,0,5716,13:30,Partly Cloudy,24,64,NaN,NaN,NaN,NaN,53610
20190823,45972,5.066,45972,0,5957,12:50,Fine,24,68,NaN,NaN,NaN,NaN,53819
20190822,41551,4.579,41551,0,5762,13:15,Partly Cloudy,26,68,NaN,NaN,NaN,NaN,54024
20190821,47083,5.188,47083,0,6125,13:05,Fine,20,63,NaN,NaN,NaN,NaN,54225
20190820,45018,4.961,45018,0,6183,13:15,Partly Cloudy,23,61,NaN,NaN,NaN,NaN,54422
20190819,43475,4.791,43475,0,6086,10:45,Partly Cloudy,21,66,NaN,NaN,NaN,NaN,54615
20190818,51091,5.630,51091,0,6463,13:05,Fine,21,65,NaN,NaN,NaN,NaN,54804
20190817,50742,5.591,50742,0,6416,13:05,Fine,22,66,NaN,NaN,NaN,NaN,54989
20190816,48112,5.302,48112,0,5968,12:50,Fine,26,76,NaN,NaN,NaN,NaN,55170
20190815,47203,5.201,47203,0,5839,13:15,Fine,26,77,NaN,NaN,NaN,NaN,55347
20190814,47770,5.264,47770,0,5940,13:10,Fine,24,75,NaN,NaN,NaN,NaN,55521
20190813,48629,5.359,48629,0,6025,13:10,Fine,22,74,NaN,NaN,NaN,NaN,55690
20190812,48915,5.390,48915,0,6030,13:45,Fine,22,70,NaN,NaN,NaN,NaN,55856
20190811,49397,5.443,49397,0,6197,13:50,Fine,24,65,NaN,NaN,NaN,NaN,56018
20190810,49387,5.442,49387,0,6496,13:45,Fine,25,66,NaN,NaN,NaN,NaN,56176
20190809,48293,5.322,48293,0,6837,11:05,Fine,22,62,NaN,NaN,NaN,NaN,56330
20190808,50888,5.607,50888,0,6360,13:35,Fine,21,63,NaN,NaN,NaN,NaN,56480
20190807,51257,5.648,51257,0,6167,13:45,Fine,22,67,NaN,NaN,NaN,NaN,56627
20190806,47832,5.271,47832,0,5977,13:15,Fine,23,74,NaN,NaN,NaN,NaN,56770
20190805,42833,4.720,42833,0,6596,12:35,Partly Cloudy,24,71,NaN,NaN,NaN,NaN,56910
20190804,50179,5.529,50179,0,6273,13:30,Fine,23,70,NaN,NaN,NaN,NaN,57045
20190803,52015,5.732,52015,0,6243,13:25,Fine,21,71,NaN,NaN,NaN,NaN,57177
20190802,51987,5.729,51987,0,6395,13:50,Fine,21,67,NaN,NaN,NaN,NaN,57305
20190801,54120,5.964,54120,0,6456,13:45,Fine,19,65,NaN,NaN,NaN,NaN,57430
20190731,54457,6.001,54457,0,6690,13:20,Fine,20,73,NaN,NaN,NaN,NaN,57551
20190730,53322,5.876,53322,0,6350,13:40,Fine,21,70,NaN,NaN,NaN,NaN,57668
20190729,54606,6.017,54606,0,6370,12:35,Fine,20,70,NaN,NaN,NaN,NaN,57782
20190728,51669,5.694,51669,0,6106,13:25,Fine,26,76,NaN,NaN,NaN,NaN,57893
20190727,53166,5.859,53166,0,6366,13:20,Fine,22,76,NaN,NaN,NaN,NaN,58000
20190726,53197,5.862,53197,0,6241,13:10,Fine,22,72,NaN,NaN,NaN,NaN,58104
20190725,51128,5.634,51128,0,7590,13:40,Fine,25,76,NaN,NaN,NaN,NaN,58204
20190724,52452,5.780,52452,0,6198,13:30,Fine,23,74,NaN,NaN,NaN,NaN,58301
20190723,54207,5.973,54207,0,6380,13:30,Fine,24,68,NaN,NaN,NaN,NaN,58395
20190722,53396,5.884,53396,0,6264,13:10,Fine,24,73,NaN,NaN,NaN,NaN,58485
20190721,50224,5.534,50224,0,7099,14:40,Fine,21,72,NaN,NaN,NaN,NaN,58573
20190720,52627,5.799,52627,0,6478,13:05,Fine,21,71,NaN,NaN,NaN,NaN,58657
20190719,56977,6.278,56977,0,6661,12:55,Fine,21,73,NaN,NaN,NaN,NaN,58738
20190718,55677,6.135,55677,0,6631,12:30,Fine,20,74,NaN,NaN,NaN,NaN,58815
20190717,55301,6.094,55301,0,6421,13:00,Fine,20,74,NaN,NaN,NaN,NaN,58890
20190716,55616,6.128,55616,0,6652,13:35,Fine,22,68,NaN,NaN,NaN,NaN,58962
20190715,56288,6.203,56288,0,6621,13:40,Fine,22,70,NaN,NaN,NaN,NaN,59030
20190714,57096,6.292,57096,0,6646,13:45,Fine,21,70,NaN,NaN,NaN,NaN,59096
20190713,56928,6.273,56928,0,6612,13:00,Fine,21,72,NaN,NaN,NaN,NaN,59159
20190712,56073,6.179,56073,0,6606,13:30,Fine,22,71,NaN,NaN,NaN,NaN,59218
20190711,57258,6.309,57258,0,6703,13:20,Fine,21,67,NaN,NaN,NaN,NaN,59275
20190710,45574,5.022,45574,0,6960,12:05,Fine,23,67,NaN,NaN,NaN,NaN,59329
20190709,55293,6.093,55293,0,6723,12:55,Fine,19,67,NaN,NaN,NaN,NaN,59380
20190708,58547,6.451,58547,0,6760,13:30,Fine,21,68,NaN,NaN,NaN,NaN,59428
20190707,53797,5.928,53797,0,7579,11:05,Fine,20,72,NaN,NaN,NaN,NaN,59474
20190706,56290,6.203,56290,0,6509,13:00,Fine,21,74,NaN,NaN,NaN,NaN,59516
20190705,57703,6.358,57703,0,6676,12:15,Fine,20,74,NaN,NaN,NaN,NaN,59556
20190704,58008,6.392,58008,0,6658,13:20,Fine,19,74,NaN,NaN,NaN,NaN,59594
20190703,58586,6.456,58586,0,6645,13:15,Fine,20,72,NaN,NaN,NaN,NaN,59628
20190702,57960,6.387,57960,0,6797,13:40,Fine,20,70,NaN,NaN,NaN,NaN,59660
20190701,59514,6.558,59514,0,6796,13:05,Fine,19,70,NaN,NaN,NaN,NaN,59690
20190630,58907,6.491,58907,0,6800,13:55,Fine,20,70,NaN,NaN,NaN,NaN,59716
20190629,55709,6.139,55709,0,7592,14:30,Fine,18,73,NaN,NaN,NaN,NaN,59740
20190628,49247,5.427,49247,0,7578,14:15,Fine,21,75,NaN,NaN,NaN,NaN,59762
20190627,58687,6.467,58687,0,7172,14:00,Fine,20,68,NaN,NaN,NaN,NaN,59781
20190626,60386,6.654,60386,0,7169,12:45,Fine,20,66,NaN,NaN,NaN,NaN,59797
20190625,58997,6.501,58997,0,6980,13:45,Fine,21,73,NaN,NaN,NaN,NaN,59810
20190624,55936,6.164,55936,0,7407,12:40,Fine,23,77,NaN,NaN,NaN,NaN,59822
20190623,57208,6.304,57208,0,6475,13:05,Fine,22,78,NaN,NaN,NaN,NaN,59830
20190622,58876,6.488,58876,0,6700,12:55,Fine,21,75,NaN,NaN,NaN,NaN,59836
20190621,57890,6.379,57890,0,6802,13:35,Fine,21,72,NaN,NaN,NaN,NaN,59839
20190620,59397,6.545,59397,0,6699,13:05,Fine,21,72,NaN,NaN,NaN,NaN,59840
20190619,56356,6.210,56356,0,6617,12:50,Fine,21,74,NaN,NaN,NaN,NaN,59838
20190618,57607,6.348,57607,0,6540,13:25,Fine,21,73,NaN,NaN,NaN,NaN,59834
20190617,56898,6.270,56898,0,6727,12:25,Fine,19,74,NaN,NaN,NaN,NaN,59827
20190616,51507,5.676,51507,0,6912,10:55,Fine,22,72,NaN,NaN,NaN,NaN,59818
20190615,55394,6.104,55394,0,7600,13:25,Fine,21,70,NaN,NaN,NaN,NaN,59806
20190614,50916,5.611,50916,0,7554,10:55,Fine,22,74,NaN,NaN,NaN,NaN,59791
20190613,59128,6.515,59128,0,6695,13:20,Fine,20,75,NaN,NaN,NaN,NaN,59774
20190612,55780,6.147,55780,0,6382,13:40,Fine,28,79,NaN,NaN,NaN,NaN,59754
20190611,51044,5.625,51044,0,7460,13:50,Fine,27,84,NaN,NaN,NaN,NaN,59732
20190610,51197,5.642,51197,0,6502,13:00,Fine,26,81,NaN,NaN,NaN,NaN,59707
20190609,52504,5.786,52504,0,6803,13:40,Fine,22,80,NaN,NaN,NaN,NaN,59679
20190607,61739,6.803,61739,0,7191,13:00,Fine,16,67,NaN,NaN,NaN,NaN,59616
20190606,61925,6.824,61925,0,7158,13:10,Fine,20,66,NaN,NaN,NaN,NaN,59580
20190605,57571,6.344,57571,0,6647,13:15,Fine,24,77,NaN,NaN,NaN,NaN,59541
20190604,57803,6.369,57803,0,6608,12:50,Fine,21,76,NaN,NaN,NaN,NaN,59500
20190603,55096,6.071,55096,0,6622,12:55,Fine,21,74,NaN,NaN,NaN,NaN,59455
20190602,57851,6.375,57851,0,6957,12:50,Fine,20,74,NaN,NaN,NaN,NaN,59408
20190601,57714,6.360,57714,0,6784,12:35,Fine,22,77,NaN,NaN,NaN,NaN,59358
20190531,58368,6.432,58368,0,6828,13:10,Fine,20,71,NaN,NaN,NaN,NaN,59305
20190530,50861,5.605,50861,0,7592,10:45,Fine,20,71,NaN,NaN,NaN,NaN,59249
20190529,58334,6.428,58334,0,6737,13:05,Fine,19,72,NaN,NaN,NaN,NaN,59190
20190528,56030,6.174,56030,0,7043,13:15,Fine,20,67,NaN,NaN,NaN,NaN,59129
20190527,44636,4.919,44636,0,7607,14:00,Partly Cloudy,18,68,NaN,NaN,NaN,NaN,59064
20190526,31117,3.429,31117,0,7596,12:15,Mostly Cloudy,18,65,NaN,NaN,NaN,NaN,58996
20190525,55762,6.145,55762,0,7596,10:50,Fine,20,72,NaN,NaN,NaN,NaN,58925
20190524,56018,6.173,56018,0,6862,13:10,Fine,20,72,NaN,NaN,NaN,NaN,58851
20190523,54430,5.998,54430,0,7574,11:10,Fine,19,71,NaN,NaN,NaN,NaN,58773
20190522,54649,6.022,54649,0,7597,12:35,Fine,16,68,NaN,NaN,NaN,NaN,58692
20190521,28839,3.178,28839,0,7596,10:45,Mostly Cloudy,17,52,NaN,NaN,NaN,NaN,58608
20190520,40782,4.494,40782,0,7597,13:45,Partly Cloudy,16,59,NaN,NaN,NaN,NaN,58521
20190519,30540,3.365,30540,0,7605,11:00,Mostly Cloudy,16,67,NaN,NaN,NaN,NaN,58431
20190518,16855,1.857,16855,0,3909,08:50,Cloudy,14,37,NaN,NaN,NaN,NaN,58337
20190517,32969,3.633,32969,0,7600,11:05,Mostly Cloudy,18,63,NaN,NaN,NaN,NaN,58239
20190516,28175,3.105,28175,0,7595,10:00,Mostly Cloudy,17,49,NaN,NaN,NaN,NaN,58138
20190515,17090,1.883,17090,0,6189,14:05,Cloudy,20,48,NaN,NaN,NaN,NaN,58034
20190514,38945,4.291,38945,0,7449,13:05,Partly Cloudy,21,63,NaN,NaN,NaN,NaN,57926
20190513,54824,6.041,54824,0,7330,14:05,Fine,18,70,NaN,NaN,NaN,NaN,57815
20190512,54371,5.991,54371,0,6879,13:05,Fine,21,65,NaN,NaN,NaN,NaN,57699
20190511,54444,5.999,54444,0,6771,13:25,Fine,19,68,NaN,NaN,NaN,NaN,57581
20190510,51590,5.685,51590,0,7078,10:40,Fine,19,73,NaN,NaN,NaN,NaN,57458
20190509,31247,3.443,31247,0,6673,16:25,Mostly Cloudy,20,57,NaN,NaN,NaN,NaN,57332
20190508,48935,5.392,48935,0,7175,10:30,Fine,19,69,NaN,NaN,NaN,NaN,57202
20190507,51921,5.721,51921,0,6654,12:45,Fine,19,69,NaN,NaN,NaN,NaN,57069
20190506,35997,3.967,35997,0,7598,13:50,Mostly Cloudy,19,74,NaN,NaN,NaN,NaN,56931
20190505,51572,5.683,51572,0,6780,13:50,Fine,18,65,NaN,NaN,NaN,NaN,56790
20190504,53520,5.898,53520,0,6751,13:45,Fine,17,68,NaN,NaN,NaN,NaN,56645
20190503,55069,6.068,55069,0,6643,13:15,Fine,16,70,NaN,NaN,NaN,NaN,56496
20190502,55086,6.070,55086,0,6646,13:30,Fine,16,69,NaN,NaN,NaN,NaN,56343
20190501,55760,6.144,55760,0,6869,13:15,Fine,16,65,NaN,NaN,NaN,NaN,56186
20190430,46259,5.097,46259,0,7598,13:45,Fine,19,69,NaN,NaN,NaN,NaN,56024
20190429,56405,6.215,56405,0,7040,12:45,Fine,16,68,NaN,NaN,NaN,NaN,55859
20190428,50893,5.608,50893,0,6706,12:10,Fine,17,70,NaN,NaN,NaN,NaN,55690
20190427,48023,5.292,48023,0,7506,12:50,Fine,18,71,NaN,NaN,NaN,NaN,55517
20190426,53035,5.844,53035,0,6689,13:15,Fine,17,72,NaN,NaN,NaN,NaN,55341
20190425,52827,5.821,52827,0,6438,13:20,Fine,20,73,NaN,NaN,NaN,NaN,55160
20190424,50852,5.604,50852,0,6207,13:25,Fine,22,75,NaN,NaN,NaN,NaN,54974
20190423,52140,5.745,52140,0,6477,13:25,Fine,19,71,NaN,NaN,NaN,NaN,54785
20190422,54066,5.958,54066,0,6692,13:15,Fine,15,67,NaN,NaN,NaN,NaN,54592
20190421,54888,6.048,54888,0,6855,13:25,Fine,16,63,NaN,NaN,NaN,NaN,54394
20190420,31035,3.420,31035,0,7596,13:45,Mostly Cloudy,18,55,NaN,NaN,NaN,NaN,54193
20190419,49339,5.437,49339,0,7100,13:35,Fine,2,69,NaN,NaN,NaN,NaN,53987
20190418,50346,5.548,50346,0,6502,13:15,Fine,17,71,NaN,NaN,NaN,NaN,53777
20190417,52974,5.837,52974,0,6640,13:25,Fine,16,63,NaN,NaN,NaN,NaN,53564
20190416,46553,5.130,46553,0,7602,13:55,Fine,18,66,NaN,NaN,NaN,NaN,53346
20190415,33473,3.688,33473,0,7589,11:30,Mostly Cloudy,16,63,NaN,NaN,NaN,NaN,53124
20190414,49826,5.490,49826,0,6699,13:10,Fine,16,61,NaN,NaN,NaN,NaN,52898
20190413,49665,5.473,49665,0,7005,13:05,Fine,15,71,NaN,NaN,NaN,NaN,52668
20190412,51521,5.677,51521,0,6798,12:40,Fine,17,57,NaN,NaN,NaN,NaN,52434
20190411,41054,4.524,41054,0,7558,13:50,Partly Cloudy,15,54,NaN,NaN,NaN,NaN,52196
20190410,53247,5.867,53247,0,6919,13:10,Fine,14,55,NaN,NaN,NaN,NaN,51954
20190409,47102,5.190,47102,0,7590,11:25,Fine,17,55,NaN,NaN,NaN,NaN,51708
20190408,35087,3.866,35087,0,7321,14:20,Mostly Cloudy,20,62,NaN,NaN,NaN,NaN,51458
20190407,46814,5.159,46814,0,6727,12:45,Fine,19,66,NaN,NaN,NaN,NaN,51204
20190406,36016,3.969,36016,0,7288,10:55,Mostly Cloudy,19,64,NaN,NaN,NaN,NaN,50947
20190405,24453,2.695,24453,0,7599,15:10,Mostly Cloudy,19,57,NaN,NaN,NaN,NaN,50685
20190404,28222,3.110,28222,0,6744,13:35,Mostly Cloudy,19,51,NaN,NaN,NaN,NaN,50420
20190403,27232,3.001,27232,0,5292,16:05,Mostly Cloudy,19,43,NaN,NaN,NaN,NaN,50151
20190402,35317,3.892,35317,0,7600,14:00,Mostly Cloudy,19,59,NaN,NaN,NaN,NaN,49879
20190401,23340,2.572,23340,0,4579,10:20,Mostly Cloudy,17,46,NaN,NaN,NaN,NaN,49603
20190331,45813,5.048,45813,0,6329,13:20,Fine,14,64,NaN,NaN,NaN,NaN,49323
20190330,47296,5.212,47296,0,6430,13:00,Fine,14,58,NaN,NaN,NaN,NaN,49040
20190329,46507,5.125,46507,0,7493,12:40,Fine,14,57,NaN,NaN,NaN,NaN,48754
20190328,35585,3.921,35585,0,7592,13:30,Mostly Cloudy,16,62,NaN,NaN,NaN,NaN,48464
20190327,17705,1.951,17705,0,7588,11:25,Cloudy,19,51,NaN,NaN,NaN,NaN,48171
20190326,37300,4.110,37300,0,7591,14:30,Partly Cloudy,18,64,NaN,NaN,NaN,NaN,47874
20190325,29068,3.203,29068,0,6180,13:20,Mostly Cloudy,16,50,NaN,NaN,NaN,NaN,47575
20190324,38812,4.277,38812,0,6474,12:55,Partly Cloudy,12,56,NaN,NaN,NaN,NaN,47272
20190323,41093,4.528,41093,0,7107,11:45,Partly Cloudy,18,55,NaN,NaN,NaN,NaN,46967
20190322,18175,2.003,18175,0,5122,11:35,Cloudy,16,38,NaN,NaN,NaN,NaN,46659
20190321,44972,4.956,44972,0,6236,13:25,Partly Cloudy,12,58,NaN,NaN,NaN,NaN,46348
20190320,37561,4.139,37561,0,7597,12:40,Partly Cloudy,17,65,NaN,NaN,NaN,NaN,46034
20190319,27745,3.057,27745,0,6471,13:10,Mostly Cloudy,16,52,NaN,NaN,NaN,NaN,45717
20190318,42896,4.727,42896,0,5964,13:45,Partly Cloudy,16,63,NaN,NaN,NaN,NaN,45398
20190317,40160,4.425,40160,0,6825,14:10,Partly Cloudy,14,66,NaN,NaN,NaN,NaN,45077
20190316,43034,4.742,43034,0,5992,13:15,Partly Cloudy,13,59,NaN,NaN,NaN,NaN,44753
20190315,42440,4.677,42440,0,5951,13:20,Partly Cloudy,12,56,NaN,NaN,NaN,NaN,44428
20190314,42797,4.716,42797,0,6373,13:15,Partly Cloudy,10,50,NaN,NaN,NaN,NaN,44100
20190313,44442,4.897,44442,0,6322,13:20,Partly Cloudy,10,48,NaN,NaN,NaN,NaN,43770
20190312,36378,4.009,36378,0,7590,14:55,Partly Cloudy,12,47,NaN,NaN,NaN,NaN,43439
20190311,39570,4.360,39570,0,6027,13:40,Partly Cloudy,11,51,NaN,NaN,NaN,NaN,43105
20190310,33002,3.637,33002,0,7476,13:15,Mostly Cloudy,13,60,NaN,NaN,NaN,NaN,42770
20190309,17841,1.966,17841,0,4813,10:00,Cloudy,13,32,NaN,NaN,NaN,NaN,42434
20190308,31482,3.469,31482,0,7581,12:50,Mostly Cloudy,13,49,NaN,NaN,NaN,NaN,42096
20190307,12478,1.375,12478,0,5750,10:40,Cloudy,16,41,NaN,NaN,NaN,NaN,41757
20190306,26851,2.959,26851,0,7560,12:05,Mostly Cloudy,17,52,NaN,NaN,NaN,NaN,41418
20190305,14691,1.619,14691,0,4972,12:40,Cloudy,17,36,NaN,NaN,NaN,NaN,41077
20190304,26757,2.948,26757,0,6079,12:40,Mostly Cloudy,16,50,NaN,NaN,NaN,NaN,40735
20190303,15165,1.671,15165,0,5794,13:50,Cloudy,18,47,NaN,NaN,NaN,NaN,40393
20190302,20241,2.230,20241,0,5684,13:25,Cloudy,17,45,NaN,NaN,NaN,NaN,40050
20190301,17109,1.885,17109,0,5366,14:40,Cloudy,14,37,NaN,NaN,NaN,NaN,39707
20190228,23682,2.610,23682,0,7582,12:05,Mostly Cloudy,15,48,NaN,NaN,NaN,NaN,39364
20190227,20130,2.218,20130,0,7572,11:30,Cloudy,17,43,NaN,NaN,NaN,NaN,39020
20190226,5687,0.627,5687,0,1439,12:35,Showers,17,31,NaN,NaN,NaN,NaN,38677
20190225,16178,1.783,16178,0,6404,10:25,Cloudy,16,44,NaN,NaN,NaN,NaN,38334
20190224,28729,3.166,28729,0,6117,12:35,Mostly Cloudy,13,48,NaN,NaN,NaN,NaN,37992
20190223,31365,3.456,31365,0,5882,12:35,Mostly Cloudy,10,48,NaN,NaN,NaN,NaN,37650
20190222,36443,4.016,36443,0,5508,12:15,Partly Cloudy,9,46,NaN,NaN,NaN,NaN,37308
20190221,35725,3.937,35725,0,6037,13:25,Mostly Cloudy,11,40,NaN,NaN,NaN,NaN,36968
20190220,27497,3.030,27497,0,7024,11:40,Mostly Cloudy,14,40,NaN,NaN,NaN,NaN,36629
20190219,34699,3.824,34699,0,5385,12:25,Mostly Cloudy,7,44,NaN,NaN,NaN,NaN,36291
20190218,35626,3.926,35626,0,5525,12:25,Mostly Cloudy,8,38,NaN,NaN,NaN,NaN,35954
20190217,27637,3.045,27637,0,7061,11:35,Mostly Cloudy,12,41,NaN,NaN,NaN,NaN,35619
20190216,18692,2.060,18692,0,6059,11:15,Cloudy,12,38,NaN,NaN,NaN,NaN,35286
20190215,16868,1.859,16868,0,6276,13:35,Cloudy,13,42,NaN,NaN,NaN,NaN,34954
20190214,9770,1.077,9770,0,6288,14:55,Cloudy,17,36,NaN,NaN,NaN,NaN,34625
20190213,15632,1.723,15632,0,5375,11:40,Cloudy,15,35,NaN,NaN,NaN,NaN,34297
20190212,8269,0.911,8269,0,1821,11:15,Showers,12,27,NaN,NaN,NaN,NaN,33972
20190211,31274,3.446,31274,0,6137,12:15,Mostly Cloudy,10,47,NaN,NaN,NaN,NaN,33650
20190210,27469,3.027,27469,0,6500,13:10,Mostly Cloudy,10,39,NaN,NaN,NaN,NaN,33331
20190209,20124,2.218,20124,0,6939,13:15,Cloudy,12,41,NaN,NaN,NaN,NaN,33014
20190208,11883,1.309,11883,0,5912,10:15,Cloudy,13,32,NaN,NaN,NaN,NaN,32700
20190207,28222,3.110,28222,0,5603,13:15,Mostly Cloudy,9,41,NaN,NaN,NaN,NaN,32390
20190206,31343,3.454,31343,0,5490,13:05,Mostly Cloudy,9,41,NaN,NaN,NaN,NaN,32083
20190205,27533,3.034,27533,0,5609,10:30,Mostly Cloudy,11,35,NaN,NaN,NaN,NaN,31779
20190204,13363,1.473,13363,0,5307,12:00,Cloudy,14,36,NaN,NaN,NaN,NaN,31480
20190203,11480,1.265,11480,0,5686,14:00,Cloudy,17,36,NaN,NaN,NaN,NaN,31184
20190202,13736,1.514,13736,0,7581,12:05,Cloudy,16,41,NaN,NaN,NaN,NaN,30892
20190201,10122,1.115,10122,0,3335,12:55,Cloudy,18,34,NaN,NaN,NaN,NaN,30605
20190131,18912,2.084,18912,0,4256,11:30,Cloudy,18,41,NaN,NaN,NaN,NaN,30321
20190130,22380,2.466,22380,0,4400,12:40,Cloudy,17,45,NaN,NaN,NaN,NaN,30043
20190129,19656,2.166,19656,0,4440,11:15,Cloudy,17,45,NaN,NaN,NaN,NaN,29769
20190128,16794,1.851,16794,0,5523,11:45,Cloudy,16,43,NaN,NaN,NaN,NaN,29500
20190127,24601,2.711,24601,0,4796,11:20,Mostly Cloudy,14,44,NaN,NaN,NaN,NaN,29236
20190126,20550,2.264,20550,0,3925,13:35,Cloudy,14,42,NaN,NaN,NaN,NaN,28977
20190125,25252,2.783,25252,0,4285,12:40,Mostly Cloudy,11,43,NaN,NaN,NaN,NaN,28723
20190124,24731,2.725,24731,0,4199,12:20,Mostly Cloudy,12,42,NaN,NaN,NaN,NaN,28475
20190123,24975,2.752,24975,0,4267,12:20,Mostly Cloudy,11,41,NaN,NaN,NaN,NaN,28232
20190122,23882,2.632,23882,0,4614,12:00,Mostly Cloudy,11,37,NaN,NaN,NaN,NaN,27995
20190121,23659,2.607,23659,0,5055,11:25,Mostly Cloudy,13,36,NaN,NaN,NaN,NaN,27764
20190120,14810,1.632,14810,0,6319,13:00,Cloudy,15,47,NaN,NaN,NaN,NaN,27539
20190119,20876,2.300,20876,0,4611,13:10,Cloudy,19,48,NaN,NaN,NaN,NaN,27320
20190118,17230,1.899,17230,0,4364,11:55,Cloudy,17,41,NaN,NaN,NaN,NaN,27107
20190117,8474,0.934,8474,0,2575,10:40,Showers,18,33,NaN,NaN,NaN,NaN,26900
20190116,8346,0.920,8346,0,3804,10:50,Showers,18,33,NaN,NaN,NaN,NaN,26701
20190115,5492,0.605,5492,0,1403,13:00,Showers,17,27,NaN,NaN,NaN,NaN,26507
20190114,9062,0.999,9062,0,3695,13:05,Showers,17,32,NaN,NaN,NaN,NaN,26321
20190113,15611,1.720,15611,0,3936,10:45,Cloudy,15,34,NaN,NaN,NaN,NaN,26141
20190112,16940,1.867,16940,0,5004,13:30,Cloudy,18,41,NaN,NaN,NaN,NaN,25968
20190111,13772,1.518,13772,0,4261,11:10,Cloudy,16,37,NaN,NaN,NaN,NaN,25802
20190110,21781,2.400,21781,0,3863,12:20,Cloudy,14,42,NaN,NaN,NaN,NaN,25644
20190109,11501,1.267,11501,0,4523,12:00,Cloudy,18,37,NaN,NaN,NaN,NaN,25492
20190107,15073,1.661,15073,0,3755,13:50,Cloudy,17,36,NaN,NaN,NaN,NaN,25211
20190106,3602,0.397,3602,0,1179,11:15,Showers,14,25,NaN,NaN,NaN,NaN,25082
20190105,5223,0.576,5223,0,1877,10:20,Showers,15,28,NaN,NaN,NaN,NaN,24960
20190104,20542,2.264,20542,0,3828,11:55,Cloudy,9,38,NaN,NaN,NaN,NaN,24846
20190103,21121,2.327,21121,0,3847,12:55,Cloudy,9,37,NaN,NaN,NaN,NaN,24740
20190102,21252,2.342,21252,0,3798,12:10,Cloudy,8,37,NaN,NaN,NaN,NaN,24641
20190101,22304,2.458,22304,0,4067,12:15,Cloudy,8,35,NaN,NaN,NaN,NaN,24550
20181231,21499,2.369,21499,0,3947,12:30,Cloudy,11,32,NaN,NaN,NaN,NaN,24467
20181230,15200,1.675,15200,0,4452,11:55,Cloudy,10,34,NaN,NaN,NaN,NaN,24392
20181229,20410,2.249,20410,0,3687,12:10,Cloudy,9,38,NaN,NaN,NaN,NaN,24325
20181228,21486,2.368,21486,0,3888,12:10,Cloudy,14,33,NaN,NaN,NaN,NaN,24266
20181227,21192,2.335,21192,0,3922,12:05,Cloudy,15,33,NaN,NaN,NaN,NaN,24214
20181226,19111,2.106,19111,0,4196,11:05,Cloudy,11,37,NaN,NaN,NaN,NaN,24171
20181225,20651,2.276,20651,0,3781,12:20,Cloudy,14,32,NaN,NaN,NaN,NaN,24136
20181224,7699,0.848,7699,0,2834,09:05,Showers,16,31,NaN,NaN,NaN,NaN,24109
20181223,18147,2.000,18147,0,4263,10:30,Cloudy,15,40,NaN,NaN,NaN,NaN,24090
20181222,18988,2.092,18988,0,4386,13:15,Cloudy,13,39,NaN,NaN,NaN,NaN,24080
20181221,10235,1.128,10235,0,3186,10:25,Cloudy,17,36,NaN,NaN,NaN,NaN,24077
20181220,12853,1.416,12853,0,3318,10:25,Cloudy,15,33,NaN,NaN,NaN,NaN,24082
20181219,5325,0.587,5325,0,1296,12:05,Showers,15,31,NaN,NaN,NaN,NaN,24096
20181218,19888,2.192,19888,0,3707,12:25,Cloudy,13,39,NaN,NaN,NaN,NaN,24118
20181217,17780,1.959,17780,0,3913,11:30,Cloudy,17,39,NaN,NaN,NaN,NaN,24147
20181216,5295,0.583,5295,0,2796,09:10,Showers,18,32,NaN,NaN,NaN,NaN,24185
20181215,17353,1.912,17353,0,4733,13:15,Cloudy,17,41,NaN,NaN,NaN,NaN,24231
20181214,6990,0.770,6990,0,3085,14:35,Showers,16,35,NaN,NaN,NaN,NaN,24285
20181213,20110,2.216,20110,0,3630,12:10,Cloudy,12,39,NaN,NaN,NaN,NaN,24347
20181212,13953,1.538,13953,0,4548,11:55,Cloudy,17,37,NaN,NaN,NaN,NaN,24417
20181211,19190,2.115,19190,0,4406,10:25,Cloudy,16,37,NaN,NaN,NaN,NaN,24494
20181210,11439,1.260,11439,0,4186,13:00,Cloudy,14,35,NaN,NaN,NaN,NaN,24580
20181209,15312,1.687,15312,0,3579,10:10,Cloudy,12,34,NaN,NaN,NaN,NaN,24673
20181208,20366,2.244,20366,0,4150,12:40,Cloudy,13,40,NaN,NaN,NaN,NaN,24774
20181207,20389,2.247,20389,0,3787,11:20,Cloudy,13,41,NaN,NaN,NaN,NaN,24883
20181206,19903,2.193,19903,0,3622,12:00,Cloudy,17,39,NaN,NaN,NaN,NaN,24999
20181205,10704,1.180,10704,0,5049,11:05,Cloudy,16,38,NaN,NaN,NaN,NaN,25123
20181204,5109,0.563,5109,0,1354,10:45,Showers,16,29,NaN,NaN,NaN,NaN,25255
20181203,19532,2.152,19532,0,4204,11:55,Cloudy,13,41,NaN,NaN,NaN,NaN,25393
20181202,21539,2.373,21539,0,3923,12:05,Cloudy,11,38,NaN,NaN,NaN,NaN,25539
20181201,9896,1.090,9896,0,6118,12:35,Cloudy,15,38,NaN,NaN,NaN,NaN,25692
20181130,22019,2.426,22019,0,4133,10:40,Cloudy,17,35,NaN,NaN,NaN,NaN,25853
20181129,6016,0.663,6016,0,3996,14:20,Showers,18,37,NaN,NaN,NaN,NaN,26020
20181128,8208,0.904,8208,0,3287,14:05,Showers,21,39,NaN,NaN,NaN,NaN,26194
20181127,9370,1.033,9370,0,2612,11:05,Cloudy,16,34,NaN,NaN,NaN,NaN,26376
20181126,19524,2.151,19524,0,4260,12:35,Cloudy,14,44,NaN,NaN,NaN,NaN,26563
20181125,22063,2.431,22063,0,3871,12:00,Cloudy,16,42,NaN,NaN,NaN,NaN,26758
20181124,12505,1.378,12505,0,6143,12:55,Cloudy,21,41,NaN,NaN,NaN,NaN,26959
20181123,5896,0.650,5896,0,1542,13:25,Showers,19,33,NaN,NaN,NaN,NaN,27166
20181122,19844,2.187,19844,0,5048,11:55,Cloudy,19,46,NaN,NaN,NaN,NaN,27379
20181121,7932,0.874,7932,0,4740,12:35,Showers,20,38,NaN,NaN,NaN,NaN,27599
20181120,19551,2.154,19551,0,3623,12:35,Cloudy,12,41,NaN,NaN,NaN,NaN,27825
20181119,16661,1.836,16661,0,3672,12:25,Cloudy,12,39,NaN,NaN,NaN,NaN,28056
20181118,17105,1.885,17105,0,3685,12:15,Cloudy,12,38,NaN,NaN,NaN,NaN,28293
20181117,20120,2.217,20120,0,3473,12:10,Cloudy,11,41,NaN,NaN,NaN,NaN,28536
20181116,19486,2.147,19486,0,3490,12:10,Cloudy,11,40,NaN,NaN,NaN,NaN,28783
20181115,17028,1.876,17028,0,3517,12:40,Cloudy,12,40,NaN,NaN,NaN,NaN,29036
20181114,21265,2.343,21265,0,3655,11:50,Cloudy,12,42,NaN,NaN,NaN,NaN,29297
20181113,14772,1.628,14772,0,4052,10:55,Cloudy,13,38,NaN,NaN,NaN,NaN,29561
20181112,22109,2.436,22109,0,3739,11:55,Cloudy,12,43,NaN,NaN,NaN,NaN,29829
20181111,24026,2.647,24026,0,4210,11:55,Mostly Cloudy,11,45,NaN,NaN,NaN,NaN,30102
20181110,17066,1.881,17066,0,3154,12:05,Cloudy,12,38,NaN,NaN,NaN,NaN,30379
20181109,22719,2.503,22719,0,3979,11:35,Mostly Cloudy,13,45,NaN,NaN,NaN,NaN,30660
20181108,25108,2.767,25108,0,4274,11:50,Mostly Cloudy,14,44,NaN,NaN,NaN,NaN,30950
20181107,25289,2.787,25289,0,4152,11:50,Mostly Cloudy,15,47,NaN,NaN,NaN,NaN,31240
20181106,26155,2.882,26155,0,4245,11:50,Mostly Cloudy,14,48,NaN,NaN,NaN,NaN,31535
20181105,25758,2.838,25758,0,4219,12:00,Mostly Cloudy,16,45,NaN,NaN,NaN,NaN,31832
20181104,25704,2.832,25704,0,4553,12:20,Mostly Cloudy,18,47,NaN,NaN,NaN,NaN,31436
20181103,25538,2.814,25538,0,4368,12:55,Mostly Cloudy,18,50,NaN,NaN,NaN,NaN,32442
20181102,25825,2.846,25825,0,4416,13:05,Mostly Cloudy,18,50,NaN,NaN,NaN,NaN,32751
20181101,25100,2.766,25100,0,4477,13:30,Mostly Cloudy,19,52,NaN,NaN,NaN,NaN,33062
20181031,27039,2.980,27039,0,4373,12:40,Mostly Cloudy,15,48,NaN,NaN,NaN,NaN,33377
20181030,28859,3.180,28859,0,4602,13:00,Mostly Cloudy,15,45,NaN,NaN,NaN,NaN,33694
20181029,26206,2.888,26206,0,5407,12:25,Mostly Cloudy,16,44,NaN,NaN,NaN,NaN,34018
20181028,28544,3.145,28544,0,5231,12:20,Mostly Cloudy,18,46,NaN,NaN,NaN,NaN,34340
20181027,28299,3.118,28299,0,4607,12:30,Mostly Cloudy,18,49,NaN,NaN,NaN,NaN,34665
20181026,28304,3.119,28304,0,4652,12:30,Mostly Cloudy,17,52,NaN,NaN,NaN,NaN,34992
20181025,24064,2.652,24064,0,4633,12:40,Mostly Cloudy,20,51,NaN,NaN,NaN,NaN,35325
20181024,30116,3.319,30116,0,4739,12:50,Mostly Cloudy,15,48,NaN,NaN,NaN,NaN,35656
20181023,27715,3.054,27715,0,5578,12:40,Mostly Cloudy,18,48,NaN,NaN,NaN,NaN,35989
20181022,27063,2.982,27063,0,4844,12:45,Mostly Cloudy,19,47,NaN,NaN,NaN,NaN,36323
20181021,27199,2.997,27199,0,4868,12:40,Mostly Cloudy,19,48,NaN,NaN,NaN,NaN,36659
20181020,31040,3.420,31040,0,4780,12:50,Mostly Cloudy,17,54,NaN,NaN,NaN,NaN,36999
20181019,31496,3.471,31496,0,4844,12:50,Mostly Cloudy,17,54,NaN,NaN,NaN,NaN,37337
20181018,29647,3.267,29647,0,4963,12:55,Mostly Cloudy,17,51,NaN,NaN,NaN,NaN,37676
20181017,33076,3.645,33076,0,5007,12:55,Mostly Cloudy,15,54,NaN,NaN,NaN,NaN,38016
20181016,33875,3.733,33875,0,5057,12:40,Mostly Cloudy,17,56,NaN,NaN,NaN,NaN,38358
20181015,34193,3.768,34193,0,5102,12:40,Mostly Cloudy,16,56,NaN,NaN,NaN,NaN,38700
20181014,34669,3.820,34669,0,5183,13:05,Mostly Cloudy,17,54,NaN,NaN,NaN,NaN,39041
20181013,34979,3.854,34979,0,5097,12:35,Mostly Cloudy,19,43,NaN,NaN,NaN,NaN,39383
20181012,34203,3.769,34203,0,5058,12:35,Mostly Cloudy,11,56,NaN,NaN,NaN,NaN,39724
20181011,32249,3.554,32249,0,5602,11:50,Mostly Cloudy,18,56,NaN,NaN,NaN,NaN,40067
20181010,36299,4.000,36299,0,5399,12:45,Mostly Cloudy,20,56,NaN,NaN,NaN,NaN,40408
20181009,35700,3.934,35700,0,5868,13:45,Mostly Cloudy,21,61,NaN,NaN,NaN,NaN,40749
20181008,36986,4.076,36986,0,5473,13:00,Partly Cloudy,19,54,NaN,NaN,NaN,NaN,41090
20181007,38325,4.223,38325,0,5583,12:50,Partly Cloudy,18,54,NaN,NaN,NaN,NaN,41430
20181006,38225,4.212,38225,0,6130,12:25,Partly Cloudy,18,52,NaN,NaN,NaN,NaN,41769
20181005,37259,4.106,37259,0,5789,13:30,Partly Cloudy,18,56,NaN,NaN,NaN,NaN,42107
20181004,25572,2.818,25572,0,7585,13:00,Mostly Cloudy,22,56,NaN,NaN,NaN,NaN,42444
20181003,29239,3.222,29239,0,7066,12:40,Mostly Cloudy,23,63,NaN,NaN,NaN,NaN,42780
20181002,27232,3.001,27232,0,5806,12:30,Mostly Cloudy,24,56,NaN,NaN,NaN,NaN,43114
20181001,28332,3.122,28332,0,6550,13:20,Mostly Cloudy,20,62,NaN,NaN,NaN,NaN,43447
20180930,28624,3.154,28624,0,6106,15:05,Mostly Cloudy,21,57,NaN,NaN,NaN,NaN,43779
20180929,30054,3.312,30054,0,6387,13:50,Mostly Cloudy,20,59,NaN,NaN,NaN,NaN,44108
20180928,28862,3.180,28862,0,5601,11:30,Mostly Cloudy,21,51,NaN,NaN,NaN,NaN,44436
20180927,33267,3.666,33267,0,5049,13:45,Mostly Cloudy,19,53,NaN,NaN,NaN,NaN,44762
20180926,33566,3.699,33566,0,5074,13:40,Mostly Cloudy,19,59,NaN,NaN,NaN,NaN,45086
20180925,35392,3.900,35392,0,5002,12:40,Mostly Cloudy,18,58,NaN,NaN,NaN,NaN,45408
20180924,35888,3.955,35888,0,5074,12:40,Mostly Cloudy,18,63,NaN,NaN,NaN,NaN,45728
20180923,36706,4.045,36706,0,5131,13:15,Partly Cloudy,18,58,NaN,NaN,NaN,NaN,46045
20180922,36374,4.008,36374,0,5098,13:00,Partly Cloudy,19,56,NaN,NaN,NaN,NaN,46360
20180921,36333,4.004,36333,0,5080,13:00,Partly Cloudy,21,62,NaN,NaN,NaN,NaN,46672
20180920,36975,4.074,36975,0,5149,12:55,Partly Cloudy,19,63,NaN,NaN,NaN,NaN,46982
20180919,38435,4.235,38435,0,5275,13:25,Partly Cloudy,17,56,NaN,NaN,NaN,NaN,47289
20180918,39043,4.302,39043,0,5406,13:05,Partly Cloudy,17,56,NaN,NaN,NaN,NaN,47593
20180917,39673,4.372,39673,0,5471,13:15,Partly Cloudy,17,52,NaN,NaN,NaN,NaN,47895
20180916,40468,4.459,40468,0,5610,13:00,Partly Cloudy,16,52,NaN,NaN,NaN,NaN,48193
20180915,40717,4.487,40717,0,5616,13:20,Partly Cloudy,18,51,NaN,NaN,NaN,NaN,48488
20180914,37269,4.107,37269,0,5414,12:50,Partly Cloudy,18,58,NaN,NaN,NaN,NaN,48781
20180913,39527,4.356,39527,0,5714,16:00,Partly Cloudy,19,53,NaN,NaN,NaN,NaN,49070
20180912,39525,4.355,39525,0,5825,13:05,Partly Cloudy,18,54,NaN,NaN,NaN,NaN,49356
20180911,41148,4.534,41148,0,5558,13:25,Partly Cloudy,18,59,NaN,NaN,NaN,NaN,49638
20180910,41362,4.558,41362,0,5527,13:35,Partly Cloudy,18,58,NaN,NaN,NaN,NaN,49917
20180909,41078,4.527,41078,0,5552,13:15,Partly Cloudy,19,60,NaN,NaN,NaN,NaN,50193
20180908,41966,4.624,41966,0,5634,13:10,Partly Cloudy,20,63,NaN,NaN,NaN,NaN,50465
20180907,41183,4.538,41183,0,5589,12:55,Partly Cloudy,19,65,NaN,NaN,NaN,NaN,50734
20180906,39907,4.397,39907,0,5624,13:10,Partly Cloudy,21,59,NaN,NaN,NaN,NaN,50999
20180905,41322,4.553,41322,0,5488,12:20,Partly Cloudy,21,64,NaN,NaN,NaN,NaN,51261
20180904,41403,4.562,41403,0,5469,13:25,Partly Cloudy,21,63,NaN,NaN,NaN,NaN,51519
20180903,41512,4.574,41512,0,5476,13:00,Partly Cloudy,20,63,NaN,NaN,NaN,NaN,51773
20180902,41501,4.573,41501,0,5468,13:15,Partly Cloudy,20,65,NaN,NaN,NaN,NaN,52024
20180901,40962,4.514,40962,0,5642,13:10,Partly Cloudy,20,64,NaN,NaN,NaN,NaN,52270
20180831,42422,4.675,42422,0,5686,13:10,Partly Cloudy,22,61,NaN,NaN,NaN,NaN,52513
20180830,40033,4.411,40033,0,6656,11:30,Partly Cloudy,23,62,NaN,NaN,NaN,NaN,52752
20180829,44880,4.945,44880,0,5885,13:25,Partly Cloudy,21,67,NaN,NaN,NaN,NaN,52988
20180828,37130,4.091,37130,0,6430,11:05,Partly Cloudy,23,64,NaN,NaN,NaN,NaN,53219
20180827,45448,5.008,45448,0,5973,13:15,Fine,20,62,NaN,NaN,NaN,NaN,53446
20180826,45580,5.023,45580,0,5967,12:45,Fine,20,67,NaN,NaN,NaN,NaN,53670
20180825,41394,4.561,41394,0,5540,12:45,Partly Cloudy,20,63,NaN,NaN,NaN,NaN,53890
20180824,39872,4.394,39872,0,5617,13:20,Partly Cloudy,23,61,NaN,NaN,NaN,NaN,54105
20180823,37892,4.175,37892,0,5587,13:25,Partly Cloudy,24,61,NaN,NaN,NaN,NaN,54317
20180822,41152,4.535,41152,0,5871,12:45,Partly Cloudy,24,65,NaN,NaN,NaN,NaN,54525
20180821,39536,4.357,39536,0,6056,13:10,Partly Cloudy,22,64,NaN,NaN,NaN,NaN,54729
20180820,46238,5.095,46238,0,6202,13:10,Fine,20,67,NaN,NaN,NaN,NaN,54928
20180819,45526,5.017,45526,0,5965,13:20,Fine,21,70,NaN,NaN,NaN,NaN,55124
20180818,46127,5.083,46127,0,5856,13:20,Fine,21,70,NaN,NaN,NaN,NaN,55316
20180817,45910,5.059,45910,0,5840,13:35,Fine,23,70,NaN,NaN,NaN,NaN,55504
20180816,45322,4.994,45322,0,5873,13:15,Partly Cloudy,22,65,NaN,NaN,NaN,NaN,55688
20180815,42865,4.723,42865,0,6027,13:10,Partly Cloudy,22,62,NaN,NaN,NaN,NaN,55868
20180814,45638,5.029,45638,0,6084,13:05,Fine,22,61,NaN,NaN,NaN,NaN,56045
20180813,40615,4.475,40615,0,5959,13:10,Partly Cloudy,21,62,NaN,NaN,NaN,NaN,56217
20180812,46751,5.152,46751,0,5803,13:40,Fine,22,72,NaN,NaN,NaN,NaN,56385
20180811,45959,5.064,45959,0,5881,13:25,Fine,23,71,NaN,NaN,NaN,NaN,56549
20180809,47189,5.200,47189,0,5906,13:20,Fine,21,72,NaN,NaN,NaN,NaN,56866
20180808,44295,4.881,44295,0,5884,13:20,Partly Cloudy,22,69,NaN,NaN,NaN,NaN,57020
20180807,40082,4.417,40082,0,4947,11:40,Partly Cloudy,21,54,NaN,NaN,NaN,NaN,57169
20180806,47077,5.188,47077,0,6117,13:50,Fine,21,69,NaN,NaN,NaN,NaN,57314
20180805,52715,5.809,52715,0,6429,13:20,Fine,21,69,NaN,NaN,NaN,NaN,57456
20180804,51369,5.660,51369,0,6271,13:35,Fine,22,71,NaN,NaN,NaN,NaN,57594
20180803,49751,5.482,49751,0,6060,12:55,Fine,20,68,NaN,NaN,NaN,NaN,57728
20180802,52646,5.801,52646,0,6359,13:20,Fine,20,67,NaN,NaN,NaN,NaN,57858
20180801,52644,5.801,52644,0,6367,13:25,Fine,21,69,NaN,NaN,NaN,NaN,57985
20180731,51443,5.669,51443,0,6603,11:50,Fine,21,69,NaN,NaN,NaN,NaN,58108
20180730,52033,5.734,52033,0,6338,13:00,Fine,21,68,NaN,NaN,NaN,NaN,58227
20180729,49825,5.490,49825,0,6857,13:20,Fine,22,69,NaN,NaN,NaN,NaN,58343
20180728,47495,5.234,47495,0,6183,12:55,Fine,21,69,NaN,NaN,NaN,NaN,58456
20180727,52570,5.793,52570,0,6477,13:15,Fine,22,70,NaN,NaN,NaN,NaN,58565
20180726,52947,5.834,52947,0,6376,13:10,Fine,23,70,NaN,NaN,NaN,NaN,58671
20180725,53396,5.884,53396,0,6340,13:10,Fine,23,72,NaN,NaN,NaN,NaN,58773
20180724,53349,5.879,53349,0,6377,13:25,Fine,23,69,NaN,NaN,NaN,NaN,58872
20180723,53217,5.864,53217,0,6233,13:25,Fine,24,69,NaN,NaN,NaN,NaN,58967
20180722,52357,5.769,52357,0,6246,13:05,Fine,24,68,NaN,NaN,NaN,NaN,59059
20180721,49451,5.449,49451,0,6208,10:55,Fine,26,71,NaN,NaN,NaN,NaN,59148
20180720,50573,5.573,50573,0,6311,13:10,Fine,25,72,NaN,NaN,NaN,NaN,59234
20180719,52436,5.778,52436,0,6411,12:15,Fine,23,73,NaN,NaN,NaN,NaN,59316
20180718,53562,5.902,53562,0,6672,13:35,Fine,22,76,NaN,NaN,NaN,NaN,59395
20180717,54834,6.042,54834,0,6495,13:40,Fine,22,71,NaN,NaN,NaN,NaN,59471
20180716,55058,6.067,55058,0,6408,13:45,Fine,22,72,NaN,NaN,NaN,NaN,59545
20180715,55014,6.062,55014,0,6591,12:55,Fine,23,71,NaN,NaN,NaN,NaN,59615
20180714,52533,5.789,52533,0,6813,12:45,Fine,25,68,NaN,NaN,NaN,NaN,59682
20180713,51289,5.652,51289,0,6824,11:15,Fine,26,72,NaN,NaN,NaN,NaN,59746
20180712,49229,5.425,49229,0,6884,14:25,Fine,23,73,NaN,NaN,NaN,NaN,59807
20180711,55916,6.162,55916,0,6425,13:20,Fine,21,75,NaN,NaN,NaN,NaN,59865
20180710,56613,6.238,56613,0,6581,13:40,Fine,23,71,NaN,NaN,NaN,NaN,59920
20180709,56735,6.252,56735,0,6543,13:40,Fine,21,73,NaN,NaN,NaN,NaN,59972
20180708,56927,6.273,56927,0,6662,13:30,Fine,22,68,NaN,NaN,NaN,NaN,60022
20180707,56971,6.278,56971,0,6659,13:40,Fine,24,72,NaN,NaN,NaN,NaN,60068
20180706,53654,5.912,53654,0,7453,10:15,Fine,26,73,NaN,NaN,NaN,NaN,60112
20180705,55982,6.169,55982,0,6650,13:10,Fine,20,73,NaN,NaN,NaN,NaN,60153
20180704,58852,6.485,58852,0,6855,13:25,Fine,19,74,NaN,NaN,NaN,NaN,60191
20180703,60859,6.706,60859,0,7080,13:30,Fine,19,73,NaN,NaN,NaN,NaN,60227
20180702,47159,5.197,47159,0,6093,11:05,Fine,21,66,NaN,NaN,NaN,NaN,60260
20180701,56018,6.173,56018,0,6512,13:45,Fine,23,74,NaN,NaN,NaN,NaN,60290
20180630,56436,6.219,56436,0,6524,13:05,Fine,23,76,NaN,NaN,NaN,NaN,60318
20180629,57629,6.350,57629,0,6659,13:35,Fine,20,73,NaN,NaN,NaN,NaN,60343
20180628,58991,6.500,58991,0,6767,13:25,Fine,20,71,NaN,NaN,NaN,NaN,60365
20180627,60341,6.649,60341,0,6700,12:20,Fine,19,74,NaN,NaN,NaN,NaN,60385
20180626,59196,6.523,59196,0,6719,13:20,Fine,21,75,NaN,NaN,NaN,NaN,60402
20180625,42480,4.681,42480,0,6827,12:40,Partly Cloudy,23,74,NaN,NaN,NaN,NaN,60416
20180624,57962,6.387,57962,0,6542,13:20,Fine,22,77,NaN,NaN,NaN,NaN,60428
20180623,57545,6.341,57545,0,6583,13:10,Fine,22,78,NaN,NaN,NaN,NaN,60437
20180622,58549,6.452,58549,0,6608,13:20,Fine,19,78,NaN,NaN,NaN,NaN,60444
20180621,58895,6.490,58895,0,6912,13:30,Fine,18,72,NaN,NaN,NaN,NaN,60448
20180620,60300,6.645,60300,0,6998,13:10,Fine,20,70,NaN,NaN,NaN,NaN,60449
20180619,57256,6.309,57256,0,6801,13:00,Fine,20,70,NaN,NaN,NaN,NaN,60448
20180618,58664,6.464,58664,0,7554,12:45,Fine,20,69,NaN,NaN,NaN,NaN,60444
20180617,51240,5.646,51240,0,7602,13:45,Fine,19,74,NaN,NaN,NaN,NaN,60438
20180616,62912,6.932,62912,0,7270,12:55,Fine,2,73,NaN,NaN,NaN,NaN,60429
20180615,62181,6.852,62181,0,7250,12:50,Fine,18,72,NaN,NaN,NaN,NaN,60417
20180614,61171,6.741,61171,0,7147,12:50,Fine,20,78,NaN,NaN,NaN,NaN,60403
20180613,59288,6.533,59288,0,6705,13:00,Fine,20,78,NaN,NaN,NaN,NaN,60386
20180612,58741,6.473,58741,0,6729,13:15,Fine,21,75,NaN,NaN,NaN,NaN,60367
20180611,59354,6.540,59354,0,6819,13:00,Fine,18,74,NaN,NaN,NaN,NaN,60345
20180610,61734,6.803,61734,0,7202,13:30,Fine,17,66,NaN,NaN,NaN,NaN,60321
20180609,47974,5.286,47974,0,7594,12:00,Fine,20,66,NaN,NaN,NaN,NaN,60293
20180608,59585,6.566,59585,0,6859,13:20,Fine,17,68,NaN,NaN,NaN,NaN,60263
20180607,53326,5.876,53326,0,6856,13:30,Fine,20,67,NaN,NaN,NaN,NaN,60230
20180606,57239,6.307,57239,0,6940,13:20,Fine,18,66,NaN,NaN,NaN,NaN,60195
20180605,58854,6.485,58854,0,6863,13:35,Fine,17,73,NaN,NaN,NaN,NaN,60156
20180604,59764,6.586,59764,0,7030,13:40,Fine,10,67,NaN,NaN,NaN,NaN,60115
20180603,56914,6.272,56914,0,6532,13:10,Fine,11,75,NaN,NaN,NaN,NaN,60071
20180602,57271,6.311,57271,0,6561,13:30,Fine,9,35,NaN,NaN,NaN,NaN,60024
20180601,59287,6.533,59287,0,6818,12:55,Fine,5,28,NaN,NaN,NaN,NaN,59974
20180531,44630,4.918,44630,0,7596,11:20,Partly Cloudy,6,20,NaN,NaN,NaN,NaN,59921
20180530,58698,6.468,58698,0,7572,11:10,Fine,8,24,NaN,NaN,NaN,NaN,59865
20180529,56459,6.221,56459,0,6573,13:25,Fine,11,33,NaN,NaN,NaN,NaN,59807
20180528,57030,6.284,57030,0,6631,13:30,Fine,9,34,NaN,NaN,NaN,NaN,59745
20180527,58552,6.452,58552,0,6876,12:50,Fine,8,28,NaN,NaN,NaN,NaN,59680
20180526,39712,4.376,39712,0,7603,13:55,Partly Cloudy,9,23,NaN,NaN,NaN,NaN,59613
20180525,23480,2.587,23480,0,7607,10:35,Mostly Cloudy,11,19,NaN,NaN,NaN,NaN,59542
20180524,23140,2.550,23140,0,6425,15:00,Mostly Cloudy,12,20,NaN,NaN,NaN,NaN,59467
20180523,39381,4.340,39381,0,7598,13:25,Partly Cloudy,12,24,NaN,NaN,NaN,NaN,59390
20180522,45326,4.995,45326,0,7591,12:05,Partly Cloudy,12,23,NaN,NaN,NaN,NaN,59309
20180521,58065,6.398,58065,0,6794,12:40,Fine,12,25,NaN,NaN,NaN,NaN,59225
20180520,41660,4.591,41660,0,7598,11:50,Partly Cloudy,12,21,NaN,NaN,NaN,NaN,59138
20180519,54852,6.044,54852,0,7091,13:25,Fine,11,22,NaN,NaN,NaN,NaN,59047
20180518,44895,4.947,44895,0,7394,11:40,Partly Cloudy,10,24,NaN,NaN,NaN,NaN,58953
20180517,56754,6.254,56754,0,6887,13:25,Fine,7,24,NaN,NaN,NaN,NaN,58855
20180516,41851,4.612,41851,0,7601,11:35,Partly Cloudy,6,22,NaN,NaN,NaN,NaN,58754
20180515,50318,5.545,50318,0,7303,10:40,Fine,12,24,NaN,NaN,NaN,NaN,58650
20180514,50836,5.602,50836,0,7568,10:40,Fine,7,24,NaN,NaN,NaN,NaN,58541
20180513,57921,6.382,57921,0,6870,13:10,Fine,10,25,NaN,NaN,NaN,NaN,58430
20180512,57752,6.364,57752,0,6867,13:15,Fine,8,27,NaN,NaN,NaN,NaN,58314
20180511,57442,6.330,57442,0,6854,12:40,Fine,8,27,NaN,NaN,NaN,NaN,58195
20180510,57129,6.295,57129,0,7248,12:40,Fine,6,25,NaN,NaN,NaN,NaN,58072
20180509,58807,6.480,58807,0,7153,13:10,Fine,11,24,NaN,NaN,NaN,NaN,57946
20180508,55512,6.117,55512,0,7595,13:25,Fine,6,25,NaN,NaN,NaN,NaN,57816
20180507,57113,6.293,57113,0,7295,13:45,Fine,5,28,NaN,NaN,NaN,NaN,57682
20180506,49234,5.425,49234,0,7588,14:50,Fine,7,22,NaN,NaN,NaN,NaN,57544
20180505,41479,4.571,41479,0,7594,13:35,Partly Cloudy,8,25,NaN,NaN,NaN,NaN,57402
20180504,52678,5.805,52678,0,7579,13:45,Fine,7,28,NaN,NaN,NaN,NaN,57256
20180503,44654,4.921,44654,0,7592,12:10,Partly Cloudy,7,24,NaN,NaN,NaN,NaN,57106
20180502,56927,6.273,56927,0,6769,13:25,Fine,6,25,NaN,NaN,NaN,NaN,56953
20180501,53082,5.849,53082,0,6941,13:00,Fine,5,23,NaN,NaN,NaN,NaN,56795
20180430,44505,4.904,44505,0,7595,12:00,Partly Cloudy,5,20,NaN,NaN,NaN,NaN,56633
20180429,25216,2.779,25216,0,7589,14:45,Mostly Cloudy,7,18,NaN,NaN,NaN,NaN,56468
20180428,36136,3.982,36136,0,7596,13:40,Mostly Cloudy,6,19,NaN,NaN,NaN,NaN,56298
20180427,49021,5.402,49021,0,7581,11:15,Fine,5,22,NaN,NaN,NaN,NaN,56124
20180426,52367,5.770,52367,0,6729,13:20,Fine,7,23,NaN,NaN,NaN,NaN,55946
20180425,47571,5.242,47571,0,6592,13:15,Fine,7,25,NaN,NaN,NaN,NaN,55764
20180424,49857,5.494,49857,0,6695,12:55,Fine,8,26,NaN,NaN,NaN,NaN,55578
20180423,51759,5.703,51759,0,6582,13:05,Fine,8,32,NaN,NaN,NaN,NaN,55388
20180422,53386,5.883,53386,0,6998,12:45,Fine,7,30,NaN,NaN,NaN,NaN,55194
20180421,53306,5.874,53306,0,6662,13:20,Fine,5,29,NaN,NaN,NaN,NaN,54995
20180420,54955,6.056,54955,0,6846,13:30,Fine,4,25,NaN,NaN,NaN,NaN,54793
20180419,55620,6.129,55620,0,7371,13:55,Fine,2,20,NaN,NaN,NaN,NaN,54586
20180418,37263,4.106,37263,0,7007,11:40,Partly Cloudy,4,18,NaN,NaN,NaN,NaN,54375
20180417,51012,5.621,51012,0,7537,14:55,Fine,4,20,NaN,NaN,NaN,NaN,54160
20180416,33953,3.741,33953,0,7600,12:30,Mostly Cloudy,5,14,NaN,NaN,NaN,NaN,53941
20180415,48631,5.359,48631,0,6794,13:45,Fine,6,24,NaN,NaN,NaN,NaN,53718
20180414,51894,5.718,51894,0,6649,13:30,Fine,5,28,NaN,NaN,NaN,NaN,53491
20180413,53849,5.934,53849,0,6923,13:10,Fine,2,22,NaN,NaN,NaN,NaN,53259
20180412,47551,5.240,47551,0,7598,12:40,Fine,6,17,NaN,NaN,NaN,NaN,53024
20180411,42448,4.677,42448,0,7599,14:45,Partly Cloudy,4,21,NaN,NaN,NaN,NaN,52784
20180410,34477,3.799,34477,0,6823,11:30,Mostly Cloudy,8,22,NaN,NaN,NaN,NaN,52541
20180409,45730,5.039,45730,0,6478,12:40,Fine,5,28,NaN,NaN,NaN,NaN,52293
20180408,51328,5.656,51328,0,6777,12:45,Fine,7,21,NaN,NaN,NaN,NaN,52042
20180407,41197,4.540,41197,0,7596,12:45,Partly Cloudy,8,22,NaN,NaN,NaN,NaN,51787
20180406,11583,1.276,11583,0,3260,13:50,Cloudy,12,17,NaN,NaN,NaN,NaN,51527
20180405,25431,2.802,25431,0,7091,11:25,Mostly Cloudy,7,21,NaN,NaN,NaN,NaN,51264
20180404,38931,4.290,38931,0,7201,13:45,Partly Cloudy,7,24,NaN,NaN,NaN,NaN,50997
20180403,48463,5.340,48463,0,6401,13:05,Fine,3,25,NaN,NaN,NaN,NaN,50727
20180402,46685,5.144,46685,0,6421,13:35,Fine,5,23,NaN,NaN,NaN,NaN,50452
20180401,48543,5.349,48543,0,6382,13:20,Fine,5,26,NaN,NaN,NaN,NaN,50174
20180331,39077,4.306,39077,0,6559,13:45,Partly Cloudy,7,28,NaN,NaN,NaN,NaN,49893
20180330,42281,4.659,42281,0,6451,13:25,Partly Cloudy,8,30,NaN,NaN,NaN,NaN,49608
20180329,46765,5.153,46765,0,6189,13:05,Fine,7,29,NaN,NaN,NaN,NaN,49319
20180328,46740,5.150,46740,0,6232,13:35,Fine,5,27,NaN,NaN,NaN,NaN,49027
20180327,47455,5.229,47455,0,6553,13:10,Fine,4,24,NaN,NaN,NaN,NaN,48732
20180326,49344,5.437,49344,0,6725,13:20,Fine,1,19,NaN,NaN,NaN,NaN,48433
20180325,45542,5.018,45542,0,7216,12:05,Fine,2,16,NaN,NaN,NaN,NaN,48132
20180324,27851,3.069,27851,0,7588,14:00,Mostly Cloudy,5,17,NaN,NaN,NaN,NaN,47827
20180323,42814,4.718,42814,0,7536,15:20,Partly Cloudy,1,20,NaN,NaN,NaN,NaN,47519
20180322,11492,1.266,11492,0,4351,16:15,Cloudy,3,18,NaN,NaN,NaN,NaN,47208
20180321,32125,3.540,32125,0,6308,12:30,Mostly Cloudy,15,22,NaN,NaN,NaN,NaN,46894
20180320,8668,0.955,8668,0,1589,11:55,Showers,10,15,NaN,NaN,NaN,NaN,46578
20180319,40371,4.449,40371,0,6814,12:40,Partly Cloudy,0,21,NaN,NaN,NaN,NaN,46259
20180318,30077,3.314,30077,0,5853,13:30,Mostly Cloudy,1,17,NaN,NaN,NaN,NaN,45938
20180317,27337,3.012,27337,0,7570,12:55,Mostly Cloudy,4,18,NaN,NaN,NaN,NaN,45614
20180316,21623,2.383,21623,0,7593,13:20,Cloudy,8,17,NaN,NaN,NaN,NaN,45287
20180315,23253,2.562,23253,0,6980,10:40,Mostly Cloudy,6,16,NaN,NaN,NaN,NaN,44959
20180314,17946,1.978,17946,0,6388,15:30,Cloudy,10,17,NaN,NaN,NaN,NaN,44628
20180313,7836,0.863,7836,0,2258,16:35,Showers,13,16,NaN,NaN,NaN,NaN,44295
20180311,39411,4.343,39411,0,5874,13:05,Partly Cloudy,6,25,NaN,NaN,NaN,NaN,43625
20180310,10216,1.126,10216,0,2192,11:55,Cloudy,7,15,NaN,NaN,NaN,NaN,43287
20180309,35398,3.901,35398,0,6195,13:00,Mostly Cloudy,7,21,NaN,NaN,NaN,NaN,42947
20180308,37379,4.119,37379,0,7262,12:55,Partly Cloudy,8,23,NaN,NaN,NaN,NaN,42606
20180307,34997,3.856,34997,0,6704,10:10,Mostly Cloudy,7,25,NaN,NaN,NaN,NaN,42264
20180306,37807,4.166,37807,0,5909,12:50,Partly Cloudy,1,24,NaN,NaN,NaN,NaN,41921
20180305,40083,4.417,40083,0,5836,12:40,Partly Cloudy,0,20,NaN,NaN,NaN,NaN,41577
20180304,39569,4.360,39569,0,6357,11:50,Partly Cloudy,2,20,NaN,NaN,NaN,NaN,41232
20180303,25710,2.833,25710,0,7590,12:35,Mostly Cloudy,2,16,NaN,NaN,NaN,NaN,40887
20180302,21605,2.381,21605,0,7584,12:50,Cloudy,5,14,NaN,NaN,NaN,NaN,40541
20180301,10129,1.116,10129,0,4823,09:40,Cloudy,8,13,NaN,NaN,NaN,NaN,40194
20180228,29173,3.215,29173,0,6190,13:10,Mostly Cloudy,0,17,NaN,NaN,NaN,NaN,39847
20180227,38742,4.269,38742,0,5862,12:05,Partly Cloudy,1,15,NaN,NaN,NaN,NaN,39501
20180226,17177,1.893,17177,0,5930,14:55,Cloudy,2,12,NaN,NaN,NaN,NaN,39154
20180225,36592,4.032,36592,0,5463,12:20,Partly Cloudy,0,18,NaN,NaN,NaN,NaN,38807
20180224,32413,3.572,32413,0,6344,13:30,Mostly Cloudy,0,15,NaN,NaN,NaN,NaN,38461
20180223,38062,4.194,38062,0,5793,12:15,Partly Cloudy,-1,13,NaN,NaN,NaN,NaN,38116
20180222,23793,2.622,23793,0,6143,12:10,Mostly Cloudy,1,12,NaN,NaN,NaN,NaN,37771
20180221,33767,3.721,33767,0,5217,12:50,Mostly Cloudy,0,16,NaN,NaN,NaN,NaN,37427
20180220,31048,3.421,31048,0,5491,11:05,Mostly Cloudy,-1,15,NaN,NaN,NaN,NaN,37084
20180219,32205,3.549,32205,0,5571,12:25,Mostly Cloudy,0,12,NaN,NaN,NaN,NaN,36742
20180218,26567,2.927,26567,0,7081,13:10,Mostly Cloudy,4,14,NaN,NaN,NaN,NaN,36401
20180217,31882,3.513,31882,0,4915,12:40,Mostly Cloudy,2,22,NaN,NaN,NaN,NaN,36062
20180216,31902,3.515,31902,0,4967,12:15,Mostly Cloudy,0,21,NaN,NaN,NaN,NaN,35725
20180215,32797,3.614,32797,0,5148,12:30,Mostly Cloudy,1,19,NaN,NaN,NaN,NaN,35390
20180214,24939,2.748,24939,0,6029,11:00,Mostly Cloudy,2,18,NaN,NaN,NaN,NaN,35057
20180213,31041,3.420,31041,0,4889,12:20,Mostly Cloudy,0,19,NaN,NaN,NaN,NaN,34725
20180212,30909,3.406,30909,0,4996,12:25,Mostly Cloudy,2,16,NaN,NaN,NaN,NaN,34397
20180211,22652,2.496,22652,0,5722,13:10,Cloudy,2,20,NaN,NaN,NaN,NaN,34071
20180210,28826,3.176,28826,0,5519,13:10,Mostly Cloudy,5,19,NaN,NaN,NaN,NaN,33747
20180209,28948,3.190,28948,0,4653,12:10,Mostly Cloudy,6,21,NaN,NaN,NaN,NaN,33426
20180208,28346,3.124,28346,0,4560,12:25,Mostly Cloudy,5,26,NaN,NaN,NaN,NaN,33109
20180207,28294,3.118,28294,0,4550,12:20,Mostly Cloudy,8,9,NaN,NaN,NaN,NaN,32795
20180206,29077,3.204,29077,0,4720,12:30,Mostly Cloudy,NaN,NaN,NaN,NaN,NaN,NaN,32484
20180205,26337,2.902,26337,0,5121,13:40,Mostly Cloudy,7,19,NaN,NaN,NaN,NaN,32176
20180204,24602,2.711,24602,0,5312,12:30,Mostly Cloudy,8,23,NaN,NaN,NaN,NaN,31873
20180203,27004,2.976,27004,0,4427,12:25,Mostly Cloudy,14,14,NaN,NaN,NaN,NaN,31573
20180202,25295,2.787,25295,0,4823,12:35,Mostly Cloudy,7,24,NaN,NaN,NaN,NaN,31277
20180201,25572,2.818,25572,0,4501,13:10,Mostly Cloudy,5,21,NaN,NaN,NaN,NaN,30986
20180131,26700,2.942,26700,0,4464,12:05,Mostly Cloudy,5,19,NaN,NaN,NaN,NaN,30698
20180130,26701,2.942,26701,0,4478,12:30,Mostly Cloudy,5,21,NaN,NaN,NaN,NaN,30416
20180129,15243,1.680,15243,0,2696,12:40,Cloudy,7,16,NaN,NaN,NaN,NaN,30138
20180128,26677,2.940,26677,0,4418,12:15,Mostly Cloudy,4,20,NaN,NaN,NaN,NaN,29865
20180127,25671,2.829,25671,0,4498,13:05,Mostly Cloudy,2,17,NaN,NaN,NaN,NaN,29597
20180126,26317,2.900,26317,0,4827,12:15,Mostly Cloudy,3,15,NaN,NaN,NaN,NaN,29334
20180125,17864,1.968,17864,0,5287,13:40,Cloudy,5,14,NaN,NaN,NaN,NaN,29076
20180124,16012,1.764,16012,0,4946,13:15,Cloudy,4,12,NaN,NaN,NaN,NaN,28824
20180123,23063,2.541,23063,0,4236,12:05,Mostly Cloudy,5,17,NaN,NaN,NaN,NaN,28578
20180122,9441,1.040,9441,0,2471,14:05,Cloudy,10,11,NaN,NaN,NaN,NaN,28337
20180121,22906,2.524,22906,0,5690,12:45,Mostly Cloudy,3,17,NaN,NaN,NaN,NaN,28102
20180120,25294,2.787,25294,0,4309,12:35,Mostly Cloudy,0,13,NaN,NaN,NaN,NaN,27873
20180119,19152,2.110,19152,0,4636,11:50,Cloudy,4,15,NaN,NaN,NaN,NaN,27650
20180118,14774,1.628,14774,0,5969,12:45,Cloudy,9,20,NaN,NaN,NaN,NaN,27434
20180117,17491,1.927,17491,0,4141,12:40,Cloudy,10,18,NaN,NaN,NaN,NaN,27224
20180116,16236,1.789,16236,0,5282,12:25,Cloudy,NaN,NaN,NaN,NaN,NaN,NaN,27020
20180115,16580,1.827,16580,0,4070,12:15,Cloudy,7,20,NaN,NaN,NaN,NaN,26823
20180114,12564,1.384,12564,0,5497,13:10,Cloudy,5,13,NaN,NaN,NaN,NaN,26633
20180113,22278,2.455,22278,0,4012,11:55,Cloudy,6,19,NaN,NaN,NaN,NaN,26450
20180112,13591,1.498,13591,0,4486,12:55,Cloudy,8,16,NaN,NaN,NaN,NaN,26274
20180111,18615,2.051,18615,0,5666,12:10,Cloudy,9,9,NaN,NaN,NaN,NaN,26104
20180110,7303,0.805,7303,0,1930,13:10,Showers,NaN,NaN,NaN,NaN,NaN,NaN,25942
20180109,2902,0.320,2902,0,912,11:20,Showers,14,15,NaN,NaN,NaN,NaN,25788
20180108,4158,0.458,4158,0,1579,13:55,Showers,11,15,NaN,NaN,NaN,NaN,25640
20180107,12103,1.334,12103,0,2700,13:15,Cloudy,6,14,NaN,NaN,NaN,NaN,25500
20180106,17358,1.913,17358,0,4536,11:00,Cloudy,6,16,NaN,NaN,NaN,NaN,25368
20180105,6631,0.731,6631,0,2485,11:50,Showers,12,19,NaN,NaN,NaN,NaN,25243
20180104,12648,1.394,12648,0,4646,12:25,Cloudy,12,20,NaN,NaN,NaN,NaN,25126
20180103,5046,0.556,5046,0,1135,10:35,Showers,6,18,NaN,NaN,NaN,NaN,25016
20180102,10577,1.166,10577,0,2751,13:20,Cloudy,7,16,NaN,NaN,NaN,NaN,24915
20180101,19489,2.148,19489,0,3647,11:55,Cloudy,3,18,NaN,NaN,NaN,NaN,24821
20171231,16239,1.789,16239,0,4228,11:05,Cloudy,5,17,NaN,NaN,NaN,NaN,24735
20171230,17217,1.897,17217,0,4177,12:35,Cloudy,2,18,NaN,NaN,NaN,NaN,24657
20171229,20069,2.211,20069,0,3819,11:40,Cloudy,2,14,NaN,NaN,NaN,NaN,24588
20171228,20523,2.261,20523,0,3904,11:50,Cloudy,2,18,NaN,NaN,NaN,NaN,24526
20171227,19795,2.181,19795,0,4039,12:20,Cloudy,2,17,NaN,NaN,NaN,NaN,24472
20171226,20372,2.245,20372,0,3688,12:10,Cloudy,3,17,NaN,NaN,NaN,NaN,24427
20171225,15124,1.667,15124,0,4869,13:05,Cloudy,2,15,NaN,NaN,NaN,NaN,24389
20171224,6827,0.752,6827,0,1670,10:50,Showers,5,12,NaN,NaN,NaN,NaN,24360
20171223,16203,1.785,16203,0,5432,12:20,Cloudy,1,14,NaN,NaN,NaN,NaN,24339
20171222,19840,2.186,19840,0,3961,12:50,Cloudy,-1,14,NaN,NaN,NaN,NaN,24326
20171221,21827,2.405,21827,0,3952,12:10,Cloudy,-1,13,NaN,NaN,NaN,NaN,24321
20171220,20867,2.299,20867,0,4364,11:15,Cloudy,1,12,NaN,NaN,NaN,NaN,24325
20171219,18268,2.013,18268,0,4444,12:25,Cloudy,1,21,NaN,NaN,NaN,NaN,24337
20171218,19383,2.136,19383,0,3511,12:15,Cloudy,0,18,NaN,NaN,NaN,NaN,24357
20171217,19831,2.185,19831,0,3562,12:10,Cloudy,3,19,NaN,NaN,NaN,NaN,24385
20171216,20220,2.228,20220,0,3948,12:25,Cloudy,5,18,NaN,NaN,NaN,NaN,24421
20171215,16219,1.787,16219,0,3858,12:20,Cloudy,1,18,NaN,NaN,NaN,NaN,24465
20171214,19858,2.188,19858,0,3582,12:10,Cloudy,2,21,NaN,NaN,NaN,NaN,24518
20171213,20548,2.264,20548,0,3675,12:10,Cloudy,0,17,NaN,NaN,NaN,NaN,24578
20171212,20458,2.254,20458,0,3678,12:10,Cloudy,0,18,NaN,NaN,NaN,NaN,24647
20171211,20340,2.241,20340,0,3949,13:05,Cloudy,2,19,NaN,NaN,NaN,NaN,24723
20171210,20766,2.288,20766,0,3767,12:00,Cloudy,1,20,NaN,NaN,NaN,NaN,24808
20171209,19298,2.127,19298,0,3784,11:30,Cloudy,1,18,NaN,NaN,NaN,NaN,24900
20171208,18206,2.006,18206,0,4357,12:25,Cloudy,0,19,NaN,NaN,NaN,NaN,25000
20171207,19560,2.155,19560,0,3559,11:35,Cloudy,0,20,NaN,NaN,NaN,NaN,25108
20171206,21519,2.371,21519,0,3835,11:55,Cloudy,0,16,NaN,NaN,NaN,NaN,25224
20171205,21910,2.414,21910,0,3876,12:05,Cloudy,2,19,NaN,NaN,NaN,NaN,25347
20171204,22614,2.492,22614,0,4047,12:20,Cloudy,0,16,NaN,NaN,NaN,NaN,25478
20171203,21926,2.416,21926,0,4243,11:55,Cloudy,1,14,NaN,NaN,NaN,NaN,25616
20171202,18269,2.013,18269,0,3701,12:50,Cloudy,5,17,NaN,NaN,NaN,NaN,25762
20171201,20477,2.256,20477,0,3917,12:00,Cloudy,3,16,NaN,NaN,NaN,NaN,25915
20171130,21991,2.423,21991,0,3988,12:25,Cloudy,3,18,NaN,NaN,NaN,NaN,26075
20171129,22685,2.500,22685,0,3908,12:00,Cloudy,5,19,NaN,NaN,NaN,NaN,26242
20171128,22700,2.501,22700,0,4005,13:05,Mostly Cloudy,3,17,NaN,NaN,NaN,NaN,26417
20171127,22554,2.485,22554,0,5337,11:50,Cloudy,5,15,NaN,NaN,NaN,NaN,26598
20171126,7986,0.880,7986,0,2456,12:20,Showers,12,20,NaN,NaN,NaN,NaN,26786
20171125,19096,2.104,19096,0,4358,12:40,Cloudy,8,27,NaN,NaN,NaN,NaN,26981
20171124,17567,1.936,17567,0,4404,11:00,Cloudy,13,22,NaN,NaN,NaN,NaN,27182
20171123,17578,1.937,17578,0,4759,11:50,Cloudy,10,21,NaN,NaN,NaN,NaN,27390
20171122,21730,2.394,21730,0,4712,12:35,Cloudy,9,25,NaN,NaN,NaN,NaN,27604
20171121,20710,2.282,20710,0,4202,11:50,Cloudy,9,24,NaN,NaN,NaN,NaN,27825
20171120,12619,1.391,12619,0,4694,12:50,Cloudy,11,23,NaN,NaN,NaN,NaN,28051
20171119,24286,2.676,24286,0,4490,11:55,Mostly Cloudy,3,18,NaN,NaN,NaN,NaN,28284
20171118,25653,2.827,25653,0,4607,12:05,Mostly Cloudy,2,17,NaN,NaN,NaN,NaN,28522
20171117,23853,2.628,23853,0,4411,11:10,Mostly Cloudy,5,17,NaN,NaN,NaN,NaN,28765
20171116,2734,0.301,2734,0,1035,11:05,Showers,13,16,NaN,NaN,NaN,NaN,29014
20171115,11205,1.235,11205,0,4558,13:55,Cloudy,7,20,NaN,NaN,NaN,NaN,29268
20171114,22284,2.456,22284,0,4978,10:25,Cloudy,8,19,NaN,NaN,NaN,NaN,29530
20171113,23546,2.595,23546,0,4281,11:40,Mostly Cloudy,8,21,NaN,NaN,NaN,NaN,29795
20171112,25492,2.809,25492,0,4393,11:40,Mostly Cloudy,5,19,NaN,NaN,NaN,NaN,30065
20171111,25574,2.818,25574,0,4761,12:40,Mostly Cloudy,7,20,NaN,NaN,NaN,NaN,30340
20171110,18646,2.055,18646,0,6209,12:30,Cloudy,9,21,NaN,NaN,NaN,NaN,30618
20171109,16882,1.860,16882,0,6198,11:10,Cloudy,10,19,NaN,NaN,NaN,NaN,30902
20171108,8522,0.939,8522,0,1844,10:30,Showers,10,19,NaN,NaN,NaN,NaN,31193
20171107,28303,3.119,28303,0,4602,12:00,Mostly Cloudy,2,20,NaN,NaN,NaN,NaN,31485
20171106,27980,3.083,27980,0,4960,12:05,Mostly Cloudy,4,18,NaN,NaN,NaN,NaN,31782
20171105,27622,3.044,27622,0,5751,11:00,Mostly Cloudy,4,16,NaN,NaN,NaN,NaN,31406
20171104,8354,0.921,8354,0,3367,14:30,Showers,9,17,NaN,NaN,NaN,NaN,32385
20171103,10498,1.157,10498,0,5114,12:35,Cloudy,11,18,NaN,NaN,NaN,NaN,32696
20171102,15862,1.748,15862,0,4336,12:00,Cloudy,5,20,NaN,NaN,NaN,NaN,33007
20171101,27848,3.069,27848,0,4458,13:15,Mostly Cloudy,6,22,NaN,NaN,NaN,NaN,33321
20171031,26442,2.914,26442,0,4784,12:40,Mostly Cloudy,8,20,NaN,NaN,NaN,NaN,33638
20171030,26303,2.898,26303,0,4996,13:35,Mostly Cloudy,11,19,NaN,NaN,NaN,NaN,33957
20171029,17261,1.902,17261,0,4949,12:40,Cloudy,11,21,NaN,NaN,NaN,NaN,34283
20171028,29685,3.271,29685,0,4667,13:05,Mostly Cloudy,7,26,NaN,NaN,NaN,NaN,34609
20171027,29383,3.238,29383,0,4631,12:40,Mostly Cloudy,10,30,NaN,NaN,NaN,NaN,34937
20171026,30030,3.309,30030,0,4697,12:50,Mostly Cloudy,10,32,NaN,NaN,NaN,NaN,35266
20171025,3759,0.414,3759,0,3001,15:40,Showers,11,31,NaN,NaN,NaN,NaN,35601
20171024,0,0.000,0,0,0,02:25,Not Sure,14,29,NaN,NaN,NaN,NaN,35935
20171023,0,0.000,0,0,0,06:25,Not Sure,11,30,NaN,NaN,NaN,NaN,36271
20171022,33193,3.658,33193,0,5086,13:05,Mostly Cloudy,6,23,NaN,NaN,NaN,NaN,36609
20171021,20729,2.284,20729,0,5201,13:05,Cloudy,5,21,NaN,NaN,NaN,NaN,36947
20171020,0,0.000,0,0,0,06:25,Not Sure,11,12,NaN,NaN,NaN,NaN,37290
20171019,0,0.000,0,0,0,06:30,Not Sure,16,16,NaN,NaN,NaN,NaN,37632
20171018,0,0.000,0,0,0,06:25,Not Sure,5,10,NaN,NaN,NaN,NaN,37974
20171017,0,0.000,0,0,0,06:35,Not Sure,9,13,NaN,NaN,NaN,NaN,38317
20171016,0,0.000,0,0,0,06:30,Not Sure,7,14,NaN,NaN,NaN,NaN,38663
20171015,33559,3.698,33559,0,5026,12:50,Mostly Cloudy,5,30,NaN,NaN,NaN,NaN,39007
20171014,35315,3.891,35315,0,5304,13:00,Mostly Cloudy,6,27,NaN,NaN,NaN,NaN,39352
20171013,34368,3.787,34368,0,5213,12:50,Partly Cloudy,3,25,NaN,NaN,NaN,NaN,39697
