Date,Energy Generated,Efficiency,Energy Exported,Energy Used,Peak Power,Peak Time,Condition,Min. Temperature,Max. Temperature,Peak Energy Import,Off-Peak Energy Import,Shoulder Energy Import,High-Shoulder Energy Import,Insolation
20201129,9974,1.209,0,0,4486,11:10,Fine,2,13,NaN,NaN,NaN,NaN,20466
20201128,24641,2.987,0,0,4533,11:45,Fine,2,17,NaN,NaN,NaN,NaN,20629
20201127,24608,2.983,0,0,4810,12:20,Fine,4,15,NaN,NaN,NaN,NaN,20799
20201126,26358,3.195,0,0,4771,11:50,Fine,3,16,NaN,NaN,NaN,NaN,20976
20201125,26608,3.225,0,0,4753,11:40,Fine,6,16,NaN,NaN,NaN,NaN,21160
20201124,25917,3.141,0,0,4665,11:50,Fine,5,17,NaN,NaN,NaN,NaN,21350
20201123,26183,3.174,0,0,4659,11:50,Fine,4,18,NaN,NaN,NaN,NaN,21546
20201122,19187,2.326,0,0,4925,12:05,Partly Cloudy,3,15,NaN,NaN,NaN,NaN,21749
20201121,27139,3.290,0,0,4859,11:40,Fine,3,20,NaN,NaN,NaN,NaN,21958
20201120,29389,3.562,0,0,5086,11:55,Fine,2,18,NaN,NaN,NaN,NaN,22173
20201119,25462,3.086,0,0,4939,11:55,Fine,6,16,NaN,NaN,NaN,NaN,22394
20201118,20167,2.444,0,0,5614,11:00,Fine,10,18,NaN,NaN,NaN,NaN,22622
20201117,3366,0.408,0,0,760,12:10,Showers,10,17,NaN,NaN,NaN,NaN,22855
20201116,25574,3.100,0,0,4602,10:55,Fine,5,21,NaN,NaN,NaN,NaN,23094
20201115,26069,3.160,0,0,5426,12:50,Fine,5,20,NaN,NaN,NaN,NaN,23338
20201114,19677,2.385,0,0,5244,11:35,Partly Cloudy,3,15,NaN,NaN,NaN,NaN,23588
20201113,8240,0.999,0,0,4563,13:20,Cloudy,7,13,NaN,NaN,NaN,NaN,23843
20201112,25822,3.130,0,0,5105,11:20,Fine,0,16,NaN,NaN,NaN,NaN,24105
20201111,23933,2.901,0,0,4228,13:00,Fine,2,15,NaN,NaN,NaN,NaN,24371
20201110,27416,3.323,0,0,4775,11:45,Fine,0,14,NaN,NaN,NaN,NaN,24641
20201109,27108,3.286,0,0,5045,12:45,Fine,0,14,NaN,NaN,NaN,NaN,24917
20201108,30266,3.669,0,0,5008,11:50,Fine,3,14,NaN,NaN,NaN,NaN,25197
20201107,23120,2.802,0,0,6247,11:50,Fine,4,16,NaN,NaN,NaN,NaN,25484
20201106,25504,3.091,0,0,4746,11:40,Fine,8,17,NaN,NaN,NaN,NaN,25773
20201105,28048,3.400,0,0,4568,11:25,Fine,10,25,NaN,NaN,NaN,NaN,26067
20201104,26143,3.169,0,0,4474,12:10,Fine,9,25,NaN,NaN,NaN,NaN,26366
20201103,27813,3.371,0,0,4747,11:30,Fine,8,26,NaN,NaN,NaN,NaN,26668
20201102,29124,3.530,0,0,4734,11:20,Fine,8,28,NaN,NaN,NaN,NaN,26976
20201101,29326,3.555,0,0,4659,11:15,Fine,9,28,NaN,NaN,NaN,NaN,26769
20201031,29989,3.635,0,0,4786,12:35,Fine,8,28,NaN,NaN,NaN,NaN,27600
20201030,30669,3.717,0,0,4898,12:30,Fine,6,25,NaN,NaN,NaN,NaN,27918
20201029,31630,3.834,0,0,4927,12:30,Fine,7,26,NaN,NaN,NaN,NaN,28241
20201028,32058,3.886,0,0,5029,12:25,Fine,5,25,NaN,NaN,NaN,NaN,28565
20201027,33089,4.011,0,0,5200,12:30,Fine,11,28,NaN,NaN,NaN,NaN,28892
20201026,34517,4.184,0,0,5359,12:20,Fine,4,22,NaN,NaN,NaN,NaN,29223
20201025,34465,4.178,0,0,5443,12:15,Fine,7,21,NaN,NaN,NaN,NaN,29558
20201024,31877,3.864,0,0,5027,12:40,Fine,9,24,NaN,NaN,NaN,NaN,29894
20201023,34638,4.199,0,0,5318,12:50,Fine,9,27,NaN,NaN,NaN,NaN,30232
20201022,35061,4.250,0,0,5513,12:40,Fine,14,24,NaN,NaN,NaN,NaN,30573
20201021,32826,3.979,0,0,5487,13:40,Fine,13,32,NaN,NaN,NaN,NaN,30916
20201020,33126,4.015,0,0,5055,12:55,Fine,13,34,NaN,NaN,NaN,NaN,31263
20201019,33094,4.011,0,0,5047,12:50,Fine,13,32,NaN,NaN,NaN,NaN,31611
20201018,60670,7.354,0,0,9869,12:30,Fine,14,33,NaN,NaN,NaN,NaN,31960
20201017,34331,4.161,0,0,5369,12:40,Fine,14,34,NaN,NaN,NaN,NaN,32311
20201016,36253,4.394,0,0,5486,12:55,Fine,15,36,NaN,NaN,NaN,NaN,32665
20201015,36605,4.437,0,0,5585,12:50,Fine,19,34,NaN,NaN,NaN,NaN,33019
20201014,36842,4.466,0,0,5545,12:45,Fine,17,33,NaN,NaN,NaN,NaN,33374
20201013,34573,4.191,0,0,5336,12:25,Fine,12,32,NaN,NaN,NaN,NaN,33730
20201012,36859,4.468,0,0,5516,12:50,Fine,11,31,NaN,NaN,NaN,NaN,34088
20201011,35341,4.284,0,0,5817,13:00,Fine,12,28,NaN,NaN,NaN,NaN,34446
20201010,21126,2.561,0,0,5656,14:20,Partly Cloudy,13,25,NaN,NaN,NaN,NaN,34805
20201009,34874,4.227,0,0,5414,12:45,Fine,10,24,NaN,NaN,NaN,NaN,35165
20201008,23647,2.866,0,0,5465,14:50,Fine,13,24,NaN,NaN,NaN,NaN,35525
20201007,35529,4.307,0,0,5584,13:00,Fine,14,32,NaN,NaN,NaN,NaN,35885
20201006,37669,4.566,0,0,5575,12:55,Fine,12,34,NaN,NaN,NaN,NaN,36245
20201005,34499,4.182,0,0,5179,12:45,Fine,13,34,NaN,NaN,NaN,NaN,36605
20201004,20799,2.521,0,0,4174,13:10,Partly Cloudy,15,33,NaN,NaN,NaN,NaN,36966
20201003,25931,3.143,0,0,4337,13:15,Fine,16,32,NaN,NaN,NaN,NaN,37325
20201002,25820,3.130,0,0,4059,13:05,Fine,16,33,NaN,NaN,NaN,NaN,37685
20201001,27738,3.362,0,0,4314,13:05,Fine,19,34,NaN,NaN,NaN,NaN,38044
20200930,32304,3.916,0,0,5038,12:20,Fine,15,38,NaN,NaN,NaN,NaN,38402
20200929,27405,3.322,0,0,4672,13:40,Partly Cloudy,17,33,NaN,NaN,NaN,NaN,38759
20200928,37730,4.573,0,0,5660,13:05,Fine,17,38,NaN,NaN,NaN,NaN,39116
20200927,39821,4.827,0,0,5834,12:55,Fine,20,36,NaN,NaN,NaN,NaN,39471
20200926,36544,4.430,0,0,5951,13:40,Fine,16,32,NaN,NaN,NaN,NaN,39826
20200925,36560,4.432,0,0,5401,12:25,Fine,16,30,NaN,NaN,NaN,NaN,40179
20200924,37213,4.511,0,0,5429,13:05,Fine,16,31,NaN,NaN,NaN,NaN,40530
20200923,36938,4.477,0,0,5665,12:40,Fine,14,31,NaN,NaN,NaN,NaN,40881
20200922,35979,4.361,0,0,5773,12:35,Fine,15,30,NaN,NaN,NaN,NaN,41229
20200921,32866,3.984,0,0,5308,13:25,Fine,15,31,NaN,NaN,NaN,NaN,41576
20200920,38861,4.710,0,0,5622,12:30,Fine,14,31,NaN,NaN,NaN,NaN,41921
20200919,38949,4.721,0,0,5755,12:35,Fine,14,31,NaN,NaN,NaN,NaN,42264
20200918,35037,4.247,0,0,5852,12:35,Fine,18,28,NaN,NaN,NaN,NaN,42605
20200917,39638,4.805,0,0,5780,13:25,Fine,13,33,NaN,NaN,NaN,NaN,42944
20200916,31045,3.763,0,0,4465,13:30,Fine,14,31,NaN,NaN,NaN,NaN,43281
20200915,33324,4.039,0,0,4943,12:50,Fine,14,32,NaN,NaN,NaN,NaN,43615
20200914,31431,3.810,0,0,4710,13:10,Fine,15,33,NaN,NaN,NaN,NaN,43947
20200913,29866,3.620,0,0,4800,12:25,Partly Cloudy,15,29,NaN,NaN,NaN,NaN,44277
20200912,30668,3.717,0,0,4686,12:55,Fine,16,31,NaN,NaN,NaN,NaN,44604
20200911,23786,2.883,0,0,3689,12:35,Partly Cloudy,14,30,NaN,NaN,NaN,NaN,44928
20200910,16086,1.950,0,0,2537,13:25,Mostly Cloudy,14,27,NaN,NaN,NaN,NaN,45249
20200909,4342,0.526,0,0,1030,11:45,Showers,20,38,NaN,NaN,NaN,NaN,45568
20200908,43663,5.292,0,0,6094,13:20,Fine,22,37,NaN,NaN,NaN,NaN,45884
20200907,24700,2.994,0,0,4737,11:55,Partly Cloudy,24,38,NaN,NaN,NaN,NaN,46196
20200906,35269,4.275,0,0,5364,12:20,Fine,23,42,NaN,NaN,NaN,NaN,46506
20200905,38956,4.722,0,0,5515,12:45,Fine,20,39,NaN,NaN,NaN,NaN,46813
20200904,33680,4.082,0,0,5365,13:20,Fine,18,33,NaN,NaN,NaN,NaN,47116
20200903,31913,3.868,0,0,5367,12:10,Fine,18,31,NaN,NaN,NaN,NaN,47416
20200902,39091,4.738,0,0,5420,12:40,Fine,18,31,NaN,NaN,NaN,NaN,47713
20200901,44105,5.346,0,0,6109,12:50,Fine,18,39,NaN,NaN,NaN,NaN,48006
20200831,36957,4.480,0,0,6112,12:40,Fine,18,36,NaN,NaN,NaN,NaN,48296
20200830,26610,3.225,0,0,5718,12:45,Partly Cloudy,20,32,NaN,NaN,NaN,NaN,48582
20200829,32381,3.925,0,0,5161,12:50,Partly Cloudy,19,34,NaN,NaN,NaN,NaN,48865
20200828,43064,5.220,0,0,5811,13:00,Fine,19,34,NaN,NaN,NaN,NaN,49145
20200827,45071,5.463,0,0,6114,13:30,Fine,18,36,NaN,NaN,NaN,NaN,49420
20200826,36791,4.460,0,0,5445,13:25,Fine,20,35,NaN,NaN,NaN,NaN,49692
20200825,34554,4.188,0,0,5009,14:50,Fine,21,33,NaN,NaN,NaN,NaN,49960
20200824,36985,4.483,0,0,5083,13:20,Fine,22,34,NaN,NaN,NaN,NaN,50225
20200823,37495,4.545,0,0,5801,12:10,Fine,20,35,NaN,NaN,NaN,NaN,50485
20200822,34711,4.207,0,0,5072,13:45,Fine,20,35,NaN,NaN,NaN,NaN,50742
20200821,28408,3.443,0,0,4935,13:35,Partly Cloudy,18,31,NaN,NaN,NaN,NaN,50995
20200820,17441,2.114,0,0,3542,12:25,Mostly Cloudy,18,29,NaN,NaN,NaN,NaN,51244
20200819,14375,1.742,0,0,3231,11:05,Cloudy,24,34,NaN,NaN,NaN,NaN,51489
20200818,40508,4.910,0,0,6560,11:45,Fine,22,40,NaN,NaN,NaN,NaN,51730
20200817,15513,1.880,0,0,6204,11:20,Mostly Cloudy,24,35,NaN,NaN,NaN,NaN,51967
20200816,22578,2.737,0,0,6226,14:50,Mostly Cloudy,25,37,NaN,NaN,NaN,NaN,52200
20200815,50315,6.099,0,0,6270,12:45,Fine,24,43,NaN,NaN,NaN,NaN,52429
20200814,46069,5.584,0,0,6256,11:40,Fine,21,42,NaN,NaN,NaN,NaN,52654
20200813,52418,6.354,0,0,6575,13:00,Fine,18,39,NaN,NaN,NaN,NaN,52875
20200812,52671,6.384,0,0,6639,12:35,Fine,17,36,NaN,NaN,NaN,NaN,53091
20200811,45948,5.569,0,0,6419,12:00,Fine,19,33,NaN,NaN,NaN,NaN,53304
20200810,46933,5.689,0,0,5933,13:25,Fine,22,36,NaN,NaN,NaN,NaN,53512
20200809,48165,5.838,0,0,5925,13:05,Fine,21,37,NaN,NaN,NaN,NaN,53717
20200808,48299,5.854,0,0,6111,13:45,Fine,20,34,NaN,NaN,NaN,NaN,53917
20200807,50082,6.071,0,0,6226,12:40,Fine,18,32,NaN,NaN,NaN,NaN,54113
20200806,51209,6.207,0,0,6299,14:05,Fine,14,30,NaN,NaN,NaN,NaN,54305
20200805,53477,6.482,0,0,6596,13:20,Fine,17,30,NaN,NaN,NaN,NaN,54493
20200804,51811,6.280,0,0,6367,13:35,Fine,19,35,NaN,NaN,NaN,NaN,54676
20200803,50707,6.146,0,0,6324,12:50,Fine,20,37,NaN,NaN,NaN,NaN,54856
20200802,51564,6.250,0,0,6365,13:10,Fine,18,36,NaN,NaN,NaN,NaN,55031
20200801,52402,6.352,0,0,6375,12:35,Fine,17,35,NaN,NaN,NaN,NaN,55202
20200731,54581,6.616,0,0,6705,12:35,Fine,18,37,NaN,NaN,NaN,NaN,55369
20200730,54772,6.639,0,0,6622,13:10,Fine,17,38,NaN,NaN,NaN,NaN,55531
20200729,54488,6.605,0,0,6685,13:15,Fine,20,38,NaN,NaN,NaN,NaN,55690
20200728,53144,6.442,0,0,6434,13:00,Fine,22,37,NaN,NaN,NaN,NaN,55845
20200727,53275,6.458,0,0,6552,13:10,Fine,22,38,NaN,NaN,NaN,NaN,55995
20200726,52519,6.366,0,0,6358,12:15,Fine,20,38,NaN,NaN,NaN,NaN,56141
20200725,55455,6.722,0,0,6634,12:45,Fine,17,34,NaN,NaN,NaN,NaN,56283
20200724,54420,6.596,0,0,6586,13:25,Fine,19,35,NaN,NaN,NaN,NaN,56421
20200723,54956,6.661,0,0,6655,13:20,Fine,17,34,NaN,NaN,NaN,NaN,56554
20200722,54090,6.556,0,0,7274,12:20,Fine,17,33,NaN,NaN,NaN,NaN,56684
20200721,52957,6.419,0,0,6551,12:40,Fine,19,32,NaN,NaN,NaN,NaN,56810
20200720,53134,6.440,0,0,6533,13:00,Fine,19,33,NaN,NaN,NaN,NaN,56931
20200719,52134,6.319,0,0,6296,12:40,Fine,21,37,NaN,NaN,NaN,NaN,57049
20200718,53289,6.459,0,0,6412,13:00,Fine,18,37,NaN,NaN,NaN,NaN,57162
20200717,54777,6.640,0,0,6524,12:55,Fine,19,35,NaN,NaN,NaN,NaN,57271
20200716,55517,6.729,0,0,6659,13:20,Fine,20,36,NaN,NaN,NaN,NaN,57376
20200715,55150,6.685,0,0,6579,13:10,Fine,19,35,NaN,NaN,NaN,NaN,57478
20200714,18194,2.205,0,0,3279,12:45,Mostly Cloudy,19,34,NaN,NaN,NaN,NaN,57575
20200713,59967,7.269,0,0,8511,22:50,Fine,21,36,NaN,NaN,NaN,NaN,57668
20200712,57232,6.937,0,0,6673,13:30,Fine,19,39,NaN,NaN,NaN,NaN,57757
20200711,57226,6.936,0,0,6876,12:45,Fine,18,39,NaN,NaN,NaN,NaN,57842
20200710,57231,6.937,0,0,6757,13:00,Fine,20,38,NaN,NaN,NaN,NaN,57923
20200709,56395,6.836,0,0,6620,13:35,Fine,18,36,NaN,NaN,NaN,NaN,58001
20200708,56831,6.889,0,0,6771,12:40,Fine,16,35,NaN,NaN,NaN,NaN,58074
20200707,58708,7.116,0,0,10778,06:45,Fine,16,34,NaN,NaN,NaN,NaN,58143
20200706,19160,2.322,0,0,3483,14:20,Mostly Cloudy,18,35,NaN,NaN,NaN,NaN,58209
20200705,15143,1.836,0,0,3784,13:30,Cloudy,18,36,NaN,NaN,NaN,NaN,58270
20200704,18394,2.230,0,0,3484,13:35,Mostly Cloudy,16,35,NaN,NaN,NaN,NaN,58328
20200703,5766,0.699,0,0,3100,16:05,Showers,15,32,NaN,NaN,NaN,NaN,58381
20200702,63834,7.737,0,0,6912,13:30,Fine,18,33,NaN,NaN,NaN,NaN,58431
20200701,56542,6.854,0,0,6700,13:25,Fine,16,35,NaN,NaN,NaN,NaN,58477
20200630,58420,7.081,0,0,6954,13:15,Fine,16,33,NaN,NaN,NaN,NaN,58519
20200629,60240,7.302,0,0,7170,12:55,Fine,16,32,NaN,NaN,NaN,NaN,58557
20200628,58662,7.111,0,0,7013,13:10,Fine,16,30,NaN,NaN,NaN,NaN,58591
20200627,56550,6.855,0,0,6890,14:30,Fine,22,35,NaN,NaN,NaN,NaN,58621
20200626,53132,6.440,0,0,6414,12:55,Fine,23,43,NaN,NaN,NaN,NaN,58648
20200625,54538,6.611,0,0,6446,12:40,Fine,24,42,NaN,NaN,NaN,NaN,58671
20200624,51637,6.259,0,0,6334,13:25,Fine,22,37,NaN,NaN,NaN,NaN,58689
20200623,54469,6.602,0,0,6337,13:45,Fine,22,37,NaN,NaN,NaN,NaN,58704
20200622,56780,6.882,0,0,6570,12:45,Fine,20,35,NaN,NaN,NaN,NaN,58715
20200621,55174,6.688,0,0,6523,12:55,Fine,19,36,NaN,NaN,NaN,NaN,58722
20200620,54654,6.625,0,0,6828,13:10,Fine,19,35,NaN,NaN,NaN,NaN,58726
20200619,57365,6.953,0,0,6753,12:40,Fine,16,36,NaN,NaN,NaN,NaN,58725
20200618,58404,7.079,0,0,6684,12:35,Fine,13,36,NaN,NaN,NaN,NaN,58721
20200617,61845,7.496,0,0,7300,12:25,Fine,14,32,NaN,NaN,NaN,NaN,58712
20200616,61231,7.422,0,0,7067,13:10,Fine,12,28,NaN,NaN,NaN,NaN,58700
20200615,28143,3.411,0,0,4872,14:30,Partly Cloudy,16,27,NaN,NaN,NaN,NaN,58684
20200614,56396,6.836,0,0,6697,12:50,Fine,12,29,NaN,NaN,NaN,NaN,58664
20200613,38502,4.667,0,0,7235,13:40,Fine,12,24,NaN,NaN,NaN,NaN,58641
20200612,40259,4.880,0,0,7141,14:50,Fine,15,26,NaN,NaN,NaN,NaN,58613
20200611,70466,8.541,0,0,12346,13:30,Fine,18,33,NaN,NaN,NaN,NaN,58582
20200610,57156,6.928,0,0,6690,13:05,Fine,17,35,NaN,NaN,NaN,NaN,58546
20200609,55441,6.720,0,0,6748,13:15,Fine,12,32,NaN,NaN,NaN,NaN,58507
20200608,62175,7.536,0,0,7325,13:00,Fine,8,28,NaN,NaN,NaN,NaN,58463
20200607,50489,6.120,0,0,7590,11:40,Fine,8,22,NaN,NaN,NaN,NaN,58416
20200606,54077,6.555,0,0,7520,14:40,Fine,12,26,NaN,NaN,NaN,NaN,58365
20200605,56306,6.825,0,0,7383,12:45,Fine,18,30,NaN,NaN,NaN,NaN,58310
20200604,55915,6.778,0,0,6555,13:10,Fine,20,37,NaN,NaN,NaN,NaN,58250
20200603,53894,6.533,0,0,6604,13:05,Fine,17,37,NaN,NaN,NaN,NaN,58187
20200602,55757,6.758,0,0,6544,13:40,Fine,16,35,NaN,NaN,NaN,NaN,58120
20200601,54121,6.560,0,0,6924,12:40,Fine,17,30,NaN,NaN,NaN,NaN,58049
20200531,47600,5.770,0,0,6941,12:05,Fine,13,26,NaN,NaN,NaN,NaN,57974
20200530,35982,4.361,0,0,7595,13:30,Fine,14,24,NaN,NaN,NaN,NaN,57895
20200529,48169,5.839,0,0,6995,12:40,Fine,19,33,NaN,NaN,NaN,NaN,57812
20200528,54098,6.557,0,0,6591,13:05,Fine,21,39,NaN,NaN,NaN,NaN,57725
20200527,54576,6.615,0,0,6406,12:40,Fine,22,38,NaN,NaN,NaN,NaN,57633
20200526,47952,5.812,0,0,7040,13:20,Fine,20,37,NaN,NaN,NaN,NaN,57538
20200525,54909,6.656,0,0,6540,12:45,Fine,16,35,NaN,NaN,NaN,NaN,57438
20200524,53975,6.542,0,0,7284,12:35,Fine,13,33,NaN,NaN,NaN,NaN,57334
20200523,60363,7.317,0,0,7272,12:50,Fine,11,29,NaN,NaN,NaN,NaN,57227
20200522,63814,7.735,0,0,7658,13:20,Fine,12,25,NaN,NaN,NaN,NaN,57114
20200521,56265,6.820,0,0,6855,13:35,Fine,11,28,NaN,NaN,NaN,NaN,56998
20200520,52989,6.423,0,0,7680,11:20,Fine,11,24,NaN,NaN,NaN,NaN,56878
20200519,55908,6.777,0,0,7741,13:50,Fine,9,23,NaN,NaN,NaN,NaN,56753
20200518,44062,5.341,0,0,7763,14:20,Fine,10,20,NaN,NaN,NaN,NaN,56624
20200517,39600,4.800,0,0,7619,13:35,Fine,13,22,NaN,NaN,NaN,NaN,56491
20200516,33613,4.074,0,0,5800,13:10,Partly Cloudy,14,27,NaN,NaN,NaN,NaN,56354
20200515,56702,6.873,0,0,7411,13:30,Fine,12,26,NaN,NaN,NaN,NaN,56212
20200514,44338,5.374,0,0,7302,13:25,Fine,11,21,NaN,NaN,NaN,NaN,56067
20200513,30004,3.637,0,0,5554,09:50,Partly Cloudy,11,18,NaN,NaN,NaN,NaN,55916
20200512,38324,4.645,0,0,7659,13:15,Fine,12,20,NaN,NaN,NaN,NaN,55762
20200511,23886,2.895,0,0,5577,09:05,Partly Cloudy,13,19,NaN,NaN,NaN,NaN,55603
20200510,50939,6.174,0,0,6988,12:40,Fine,15,30,NaN,NaN,NaN,NaN,55440
20200509,51919,6.293,35729,0,7229,13:30,Fine,16,34,NaN,NaN,NaN,NaN,55273
20200508,54630,6.622,38609,0,6731,13:00,Fine,14,34,NaN,NaN,NaN,NaN,55101
20200507,57499,6.970,42599,0,7183,12:15,Fine,13,33,NaN,NaN,NaN,NaN,54926
20200506,60061,7.280,46934,0,7444,12:55,Fine,13,28,NaN,NaN,NaN,NaN,54745
20200505,53098,6.436,42682,0,7213,12:35,Fine,12,29,NaN,NaN,NaN,NaN,54561
20200504,51099,6.194,36947,0,6755,14:45,Fine,9,29,NaN,NaN,NaN,NaN,54372
20200503,54115,6.559,40816,0,7158,12:55,Fine,10,24,NaN,NaN,NaN,NaN,54178
20200502,35189,4.265,27196,0,7230,13:20,Partly Cloudy,13,23,NaN,NaN,NaN,NaN,53981
20200501,49274,5.973,32047,0,6530,13:30,Fine,12,27,NaN,NaN,NaN,NaN,53779
20200430,48839,5.920,34228,0,6930,12:55,Fine,15,27,NaN,NaN,NaN,NaN,53573
20200429,37311,4.523,27975,0,6486,12:30,Fine,17,29,NaN,NaN,NaN,NaN,53362
20200428,51272,6.215,33376,0,6572,12:40,Fine,16,33,NaN,NaN,NaN,NaN,53148
20200427,49729,6.028,37657,0,6527,14:00,Fine,15,30,NaN,NaN,NaN,NaN,52929
20200426,51187,6.204,33348,0,6653,13:35,Fine,14,30,NaN,NaN,NaN,NaN,52705
20200425,35792,4.338,26925,0,6447,12:55,Fine,15,30,NaN,NaN,NaN,NaN,52478
20200424,45074,5.464,32396,0,6703,13:05,Fine,13,32,NaN,NaN,NaN,NaN,52246
20200423,54020,6.548,38291,0,6928,12:55,Fine,14,28,NaN,NaN,NaN,NaN,52010
20200422,45699,5.539,32262,0,7290,13:25,Fine,12,25,NaN,NaN,NaN,NaN,51770
20200421,42883,5.198,30180,0,6818,13:35,Fine,8,27,NaN,NaN,NaN,NaN,51525
20200420,40713,4.935,29679,0,7126,12:05,Fine,8,20,NaN,NaN,NaN,NaN,51277
20200419,52291,6.338,39841,0,7293,12:35,Fine,10,21,NaN,NaN,NaN,NaN,51024
20200418,45141,5.472,35759,0,7345,13:45,Fine,10,21,NaN,NaN,NaN,NaN,50768
20200417,41724,5.057,31906,0,7268,12:50,Fine,11,23,NaN,NaN,NaN,NaN,50507
20200416,52251,6.333,37843,0,6954,13:00,Fine,11,26,NaN,NaN,NaN,NaN,50242
20200415,38504,4.667,28766,0,7061,12:20,Fine,9,24,NaN,NaN,NaN,NaN,49973
20200414,47636,5.774,32900,0,7230,13:00,Fine,8,26,NaN,NaN,NaN,NaN,49701
20200413,54019,6.548,45157,0,7586,12:50,Fine,9,24,NaN,NaN,NaN,NaN,49424
20200412,43722,5.300,34975,0,6637,13:15,Fine,12,25,NaN,NaN,NaN,NaN,49144
20200411,46783,5.671,36072,0,6171,13:00,Fine,9,22,NaN,NaN,NaN,NaN,48860
20200410,48553,5.885,43732,0,6411,12:40,Fine,9,23,NaN,NaN,NaN,NaN,48572
20200409,17945,2.175,12797,0,5916,16:10,Mostly Cloudy,9,16,NaN,NaN,NaN,NaN,48280
20200408,46018,5.578,37933,0,6664,13:35,Fine,9,24,NaN,NaN,NaN,NaN,47985
20200407,44016,5.335,38973,0,7131,14:25,Fine,7,19,NaN,NaN,NaN,NaN,47686
20200406,44931,5.446,37892,0,7246,13:15,Fine,6,16,NaN,NaN,NaN,NaN,47384
20200405,27073,3.282,22296,0,6535,13:50,Partly Cloudy,7,12,NaN,NaN,NaN,NaN,47078
20200404,8918,1.081,6059,0,2053,15:25,Cloudy,6,12,NaN,NaN,NaN,NaN,46769
20200403,49962,6.056,41501,0,6668,12:55,Fine,4,19,NaN,NaN,NaN,NaN,46456
20200402,52574,6.373,45676,0,6965,13:00,Fine,4,19,NaN,NaN,NaN,NaN,46140
20200401,52327,6.343,45040,0,6893,13:30,Fine,6,17,NaN,NaN,NaN,NaN,45821
20200331,41078,4.979,0,0,6729,14:05,Fine,10,21,NaN,NaN,NaN,NaN,45500
20200330,20683,2.507,0,0,6577,13:45,Partly Cloudy,10,17,NaN,NaN,NaN,NaN,45175
20200329,26599,3.224,0,0,7073,14:45,Partly Cloudy,9,17,NaN,NaN,NaN,NaN,44847
20200328,21400,2.594,0,0,4088,10:35,Partly Cloudy,8,13,NaN,NaN,NaN,NaN,44516
20200327,41644,5.048,0,0,6666,13:20,Fine,1,16,NaN,NaN,NaN,NaN,44183
20200326,49488,5.999,0,0,6582,13:20,Fine,1,15,NaN,NaN,NaN,NaN,43846
20200325,39716,4.814,0,0,7127,13:50,Fine,4,13,NaN,NaN,NaN,NaN,43508
20200324,29128,3.531,0,0,6961,12:20,Fine,7,12,NaN,NaN,NaN,NaN,43167
20200323,42819,5.190,0,0,6947,12:15,Fine,6,19,NaN,NaN,NaN,NaN,42823
20200322,45314,5.493,0,0,6108,12:50,Fine,6,21,NaN,NaN,NaN,NaN,42478
20200321,45551,5.521,0,0,6124,13:05,Fine,4,19,NaN,NaN,NaN,NaN,42130
20200320,43081,5.222,0,0,6376,13:30,Fine,3,18,NaN,NaN,NaN,NaN,41780
20200319,46490,5.635,0,0,6256,13:00,Fine,0,16,NaN,NaN,NaN,NaN,41428
20200318,13888,1.683,0,0,3838,16:25,Mostly Cloudy,3,10,NaN,NaN,NaN,NaN,41074
20200317,8906,1.080,0,0,2025,14:35,Cloudy,5,8,NaN,NaN,NaN,NaN,40719
20200316,18457,2.237,0,0,6624,15:15,Partly Cloudy,4,11,NaN,NaN,NaN,NaN,40362
20200315,23580,2.858,0,0,6384,15:10,Partly Cloudy,6,10,NaN,NaN,NaN,NaN,40004
20200314,34994,4.242,0,0,6540,14:35,Fine,7,14,NaN,NaN,NaN,NaN,39644
20200313,38977,4.724,0,0,5910,13:25,Fine,7,22,NaN,NaN,NaN,NaN,39283
20200312,42376,5.136,0,0,6062,13:10,Fine,7,26,NaN,NaN,NaN,NaN,38921
20200311,40278,4.882,0,0,5689,13:20,Fine,9,22,NaN,NaN,NaN,NaN,38558
20200310,42081,5.101,0,0,6041,13:00,Fine,5,23,NaN,NaN,NaN,NaN,38194
20200309,38603,4.679,0,0,6189,11:35,Fine,6,18,NaN,NaN,NaN,NaN,37830
20200308,23321,2.827,0,0,5098,13:25,Partly Cloudy,6,14,NaN,NaN,NaN,NaN,37465
20200307,12318,1.493,0,0,6495,13:15,Mostly Cloudy,8,12,NaN,NaN,NaN,NaN,37100
20200306,26156,3.170,0,0,5289,12:05,Partly Cloudy,9,17,NaN,NaN,NaN,NaN,36734
20200305,36156,4.383,0,0,5389,12:10,Fine,8,24,NaN,NaN,NaN,NaN,36368
20200304,37404,4.534,0,0,5447,11:55,Fine,8,25,NaN,NaN,NaN,NaN,36002
20200303,38741,4.696,0,0,5738,12:25,Fine,10,27,NaN,NaN,NaN,NaN,35637
20200302,39441,4.781,0,0,5837,12:25,Fine,5,22,NaN,NaN,NaN,NaN,35271
20200301,36703,4.449,0,0,6262,13:30,Fine,7,17,NaN,NaN,NaN,NaN,34906
20200229,30133,3.652,0,0,5885,11:55,Fine,9,18,NaN,NaN,NaN,NaN,34542
20200228,28928,3.506,0,0,5707,11:55,Fine,5,22,NaN,NaN,NaN,NaN,34179
20200227,36580,4.434,0,0,5412,12:00,Fine,6,24,NaN,NaN,NaN,NaN,33816
20200226,35767,4.335,0,0,5312,12:05,Fine,6,23,NaN,NaN,NaN,NaN,33454
20200225,35754,4.334,0,0,5777,12:35,Fine,8,25,NaN,NaN,NaN,NaN,33094
20200224,37448,4.539,0,0,5601,12:00,Fine,4,23,NaN,NaN,NaN,NaN,32735
20200223,31867,3.863,0,0,6329,11:40,Fine,6,18,NaN,NaN,NaN,NaN,32377
20200222,33830,4.101,0,0,5229,12:40,Fine,5,22,NaN,NaN,NaN,NaN,32021
20200221,25626,3.106,0,0,4484,11:40,Fine,5,22,NaN,NaN,NaN,NaN,31667
20200220,25047,3.036,0,0,5434,10:50,Fine,4,19,NaN,NaN,NaN,NaN,31315
20200219,34224,4.148,0,0,5374,11:55,Fine,2,18,NaN,NaN,NaN,NaN,30965
20200218,35796,4.339,0,0,5500,12:20,Fine,4,18,NaN,NaN,NaN,NaN,30617
20200217,35386,4.289,0,0,5607,12:05,Fine,6,20,NaN,NaN,NaN,NaN,30272
20200216,24164,2.929,0,0,5836,13:35,Fine,9,18,NaN,NaN,NaN,NaN,29929
20200215,28344,3.436,0,0,5297,11:50,Fine,4,18,NaN,NaN,NaN,NaN,29589
20200214,31856,3.861,0,0,5560,11:35,Fine,3,19,NaN,NaN,NaN,NaN,29252
20200213,31672,3.839,0,0,4979,12:20,Fine,4,19,NaN,NaN,NaN,NaN,28918
20200212,33901,4.109,0,0,5306,12:35,Fine,7,22,NaN,NaN,NaN,NaN,28587
20200210,33605,4.073,0,0,5265,12:15,Fine,6,22,NaN,NaN,NaN,NaN,27935
20200209,34601,4.194,0,0,5454,12:20,Fine,5,17,NaN,NaN,NaN,NaN,27615
20200208,33384,4.047,0,0,5268,12:10,Fine,4,18,NaN,NaN,NaN,NaN,27298
20200207,31221,3.784,0,0,4863,12:25,Fine,2,18,NaN,NaN,NaN,NaN,26986
20200206,31921,3.869,0,0,5062,12:00,Fine,3,17,NaN,NaN,NaN,NaN,26677
20200205,20017,2.426,0,0,5475,11:45,Partly Cloudy,2,12,NaN,NaN,NaN,NaN,26373
20200204,43215,5.238,0,0,10899,11:15,Fine,1,13,NaN,NaN,NaN,NaN,26073
20200203,66713,8.086,0,0,10648,12:35,Fine,0,12,NaN,NaN,NaN,NaN,25777
20200202,50609,6.134,0,0,11332,10:45,Fine,4,13,NaN,NaN,NaN,NaN,25487
20200201,49200,5.964,0,0,10412,10:30,Fine,5,18,NaN,NaN,NaN,NaN,25201
20200131,54724,6.633,0,0,9270,12:05,Fine,6,18,NaN,NaN,NaN,NaN,24920
20200130,52821,6.403,0,0,9473,12:30,Fine,8,19,NaN,NaN,NaN,NaN,24643
20200129,47144,5.714,0,0,10063,12:30,Fine,5,17,NaN,NaN,NaN,NaN,24373
20200128,22152,2.685,0,0,7228,14:35,Fine,6,14,NaN,NaN,NaN,NaN,24107
20200127,40232,4.877,0,0,9834,14:15,Fine,9,15,NaN,NaN,NaN,NaN,23847
20200126,44084,5.344,0,0,10842,11:40,Fine,11,17,NaN,NaN,NaN,NaN,23592
20200125,16899,2.048,0,0,6219,14:35,Partly Cloudy,9,15,NaN,NaN,NaN,NaN,23344
20200124,10692,1.296,0,0,2989,12:30,Mostly Cloudy,7,12,NaN,NaN,NaN,NaN,23101
20200123,17122,2.075,0,0,4378,11:20,Partly Cloudy,4,12,NaN,NaN,NaN,NaN,22863
20200122,29286,3.550,0,0,11305,13:05,Fine,7,15,NaN,NaN,NaN,NaN,22632
20200121,4812,0.583,0,0,2112,10:30,Cloudy,8,12,NaN,NaN,NaN,NaN,22407
20200120,9250,1.121,0,0,3333,11:50,Mostly Cloudy,5,10,NaN,NaN,NaN,NaN,22188
20200119,13432,1.628,0,0,4266,12:55,Partly Cloudy,2,11,NaN,NaN,NaN,NaN,21976
20200118,15526,1.882,0,0,2836,12:55,Partly Cloudy,1,11,NaN,NaN,NaN,NaN,21770
20200117,11426,1.385,0,0,4069,13:00,Mostly Cloudy,4,9,NaN,NaN,NaN,NaN,21570
20200116,8623,1.045,0,0,5827,13:00,Mostly Cloudy,5,10,NaN,NaN,NaN,NaN,21377
20200115,17856,2.164,0,0,4106,11:20,Partly Cloudy,0,10,NaN,NaN,NaN,NaN,21191
20200114,20776,2.518,0,0,4941,11:45,Fine,4,11,NaN,NaN,NaN,NaN,21012
20200113,8668,1.051,0,0,4184,11:20,Mostly Cloudy,7,10,NaN,NaN,NaN,NaN,20839
20200112,17798,2.157,0,0,4908,11:20,Partly Cloudy,1,11,NaN,NaN,NaN,NaN,20673
20200111,16024,1.942,0,0,4457,13:05,Partly Cloudy,4,13,NaN,NaN,NaN,NaN,20515
20200110,19850,2.406,0,0,4769,11:45,Fine,1,11,NaN,NaN,NaN,NaN,20363
20200109,22022,2.669,0,0,4601,12:15,Fine,4,12,NaN,NaN,NaN,NaN,20219
20200108,4370,0.530,0,0,1258,12:15,Cloudy,6,9,NaN,NaN,NaN,NaN,20081
20200107,22887,2.774,0,0,4998,12:10,Fine,0,10,NaN,NaN,NaN,NaN,19951
20200106,21867,2.651,0,0,4991,11:35,Fine,2,13,NaN,NaN,NaN,NaN,19829
20200105,27401,3.321,0,0,5388,11:15,Fine,3,14,NaN,NaN,NaN,NaN,19713
20200104,19866,2.408,0,0,5714,11:30,Fine,7,13,NaN,NaN,NaN,NaN,19606
20200103,21920,2.657,0,0,4708,12:20,Fine,4,15,NaN,NaN,NaN,NaN,19505
20200102,25052,3.037,0,0,5005,12:00,Fine,2,17,NaN,NaN,NaN,NaN,19412
20200101,16815,2.038,0,0,4747,12:10,Partly Cloudy,5,13,NaN,NaN,NaN,NaN,19327
20191231,16984,2.059,0,0,4862,12:35,Fine,5,16,NaN,NaN,NaN,NaN,19249
20191230,26096,3.163,0,0,4867,12:10,Fine,3,17,NaN,NaN,NaN,NaN,19179
20191229,8560,1.038,0,0,3353,11:40,Mostly Cloudy,5,11,NaN,NaN,NaN,NaN,19117
20191228,24142,2.926,0,0,4852,12:20,Fine,1,12,NaN,NaN,NaN,NaN,19062
20191227,24627,2.985,0,0,5258,11:20,Fine,1,14,NaN,NaN,NaN,NaN,19015
20191226,26392,3.199,0,0,5064,11:50,Fine,1,13,NaN,NaN,NaN,NaN,18975
20191225,5019,0.608,0,0,1588,12:00,Cloudy,3,8,NaN,NaN,NaN,NaN,18943
20191224,17855,2.164,0,0,4317,11:45,Fine,2,10,NaN,NaN,NaN,NaN,18919
20191223,25805,3.128,0,0,5038,12:05,Fine,4,12,NaN,NaN,NaN,NaN,18903
20191222,2629,0.319,0,0,1237,15:00,Showers,4,9,NaN,NaN,NaN,NaN,18895
20191221,6316,0.766,0,0,1260,12:15,Cloudy,6,12,NaN,NaN,NaN,NaN,18894
20191220,11698,1.418,0,0,4340,11:35,Partly Cloudy,7,14,NaN,NaN,NaN,NaN,18901
20191219,3323,0.403,0,0,1409,11:55,Showers,7,11,NaN,NaN,NaN,NaN,18916
20191218,2379,0.288,0,0,640,12:00,Showers,2,7,NaN,NaN,NaN,NaN,18938
20191217,14289,1.732,0,0,4872,11:50,Partly Cloudy,2,10,NaN,NaN,NaN,NaN,18968
20191216,26434,3.204,0,0,4992,12:10,Fine,1,12,NaN,NaN,NaN,NaN,19006
20191215,25803,3.128,0,0,4909,11:55,Fine,1,11,NaN,NaN,NaN,NaN,19052
20191214,19278,2.337,0,0,4797,12:00,Fine,4,13,NaN,NaN,NaN,NaN,19105
20191213,7575,0.918,0,0,5064,12:45,Mostly Cloudy,11,13,NaN,NaN,NaN,NaN,19166
20191212,4101,0.497,0,0,1226,13:50,Cloudy,10,14,NaN,NaN,NaN,NaN,19234
20191211,2698,0.327,0,0,1108,13:50,Showers,9,11,NaN,NaN,NaN,NaN,19310
20191210,13957,1.692,0,0,5596,12:00,Partly Cloudy,4,12,NaN,NaN,NaN,NaN,19394
20191209,25642,3.108,0,0,4785,12:00,Fine,4,14,NaN,NaN,NaN,NaN,19485
20191208,11263,1.365,0,0,2926,14:10,Partly Cloudy,7,14,NaN,NaN,NaN,NaN,19584
20191207,8385,1.016,0,0,3480,14:25,Mostly Cloudy,11,14,NaN,NaN,NaN,NaN,19689
20191206,11541,1.399,0,0,4597,12:20,Partly Cloudy,10,17,NaN,NaN,NaN,NaN,19803
20191205,8744,1.060,0,0,3296,13:15,Mostly Cloudy,10,17,NaN,NaN,NaN,NaN,19924
20191204,4412,0.535,0,0,1184,11:55,Cloudy,9,11,NaN,NaN,NaN,NaN,20051
20191203,22867,2.772,0,0,6063,12:00,Fine,9,21,NaN,NaN,NaN,NaN,20187
20191202,4652,0.564,0,0,1376,10:55,Cloudy,7,12,NaN,NaN,NaN,NaN,20329
20191201,3604,0.437,0,0,883,13:50,Cloudy,4,7,NaN,NaN,NaN,NaN,20478
20191130,5250,0.636,0,0,1343,11:05,Cloudy,4,9,NaN,NaN,NaN,NaN,20635
20191129,28639,3.471,0,0,5791,11:40,Fine,0,9,NaN,NaN,NaN,NaN,20798
20191128,22617,2.741,0,0,6308,11:15,Fine,2,9,NaN,NaN,NaN,NaN,20968
20191127,20251,2.455,0,0,5780,12:15,Fine,5,10,NaN,NaN,NaN,NaN,21145
20191126,3765,0.456,0,0,857,12:35,Showers,1,8,NaN,NaN,NaN,NaN,21329
20191125,27721,3.360,0,0,4934,11:55,Fine,4,16,NaN,NaN,NaN,NaN,21519
20191124,25717,3.117,0,0,5003,11:05,Fine,2,19,NaN,NaN,NaN,NaN,21716
20191123,26782,3.246,0,0,4733,11:25,Fine,3,20,NaN,NaN,NaN,NaN,21919
20191122,25997,3.151,0,0,4562,11:35,Fine,3,18,NaN,NaN,NaN,NaN,22129
20191121,26470,3.208,0,0,4616,11:45,Fine,7,17,NaN,NaN,NaN,NaN,22345
20191120,27977,3.391,0,0,4854,11:40,Fine,9,21,NaN,NaN,NaN,NaN,22567
20191119,27634,3.350,0,0,4682,11:30,Fine,9,21,NaN,NaN,NaN,NaN,22795
20191118,26275,3.185,0,0,4908,10:20,Fine,8,24,NaN,NaN,NaN,NaN,23029
20191117,27880,3.379,0,0,4804,12:00,Fine,7,23,NaN,NaN,NaN,NaN,23269
20191116,24508,2.971,0,0,5254,10:35,Fine,7,23,NaN,NaN,NaN,NaN,23514
20191115,26564,3.220,0,0,4801,11:40,Fine,9,20,NaN,NaN,NaN,NaN,23765
20191114,22936,2.780,0,0,5144,11:45,Fine,10,20,NaN,NaN,NaN,NaN,24022
20191113,20216,2.450,0,0,4753,12:55,Fine,8,22,NaN,NaN,NaN,NaN,24285
20191112,20853,2.528,0,0,4500,12:00,Fine,8,23,NaN,NaN,NaN,NaN,24552
20191111,23386,2.835,0,0,4186,12:00,Fine,10,25,NaN,NaN,NaN,NaN,24824
20191110,29465,3.572,0,0,4844,11:50,Fine,8,24,NaN,NaN,NaN,NaN,25101
20191109,29866,3.620,0,0,5033,11:35,Fine,6,25,NaN,NaN,NaN,NaN,25383
20191108,30533,3.701,0,0,4968,11:30,Fine,6,27,NaN,NaN,NaN,NaN,25672
20191107,27155,3.292,0,0,5219,11:45,Fine,7,24,NaN,NaN,NaN,NaN,25963
20191106,28814,3.493,0,0,4728,11:40,Fine,7,25,NaN,NaN,NaN,NaN,26259
20191105,30080,3.646,0,0,5794,12:15,Fine,6,24,NaN,NaN,NaN,NaN,26559
20191104,31255,3.788,0,0,4962,11:30,Fine,5,25,NaN,NaN,NaN,NaN,26864
20191103,32612,3.953,0,0,5175,11:30,Fine,6,24,NaN,NaN,NaN,NaN,26678
20191102,32398,3.927,0,0,5157,12:40,Fine,4,24,NaN,NaN,NaN,NaN,27487
20191101,33799,4.097,0,0,5273,13:00,Fine,3,22,NaN,NaN,NaN,NaN,27803
20191031,35111,4.256,0,0,5569,12:25,Fine,1,21,NaN,NaN,NaN,NaN,28122
20191030,36379,4.410,0,0,5728,12:45,Fine,3,20,NaN,NaN,NaN,NaN,28448
20191029,37740,4.575,0,0,5997,12:50,Fine,4,19,NaN,NaN,NaN,NaN,28775
20191028,36708,4.449,0,0,5615,12:40,Fine,3,20,NaN,NaN,NaN,NaN,29105
20191027,38234,4.634,0,0,5965,12:40,Fine,9,21,NaN,NaN,NaN,NaN,29437
20191026,35026,4.246,0,0,5454,12:25,Fine,9,28,NaN,NaN,NaN,NaN,29775
20191025,34418,4.172,0,0,5321,12:30,Fine,10,29,NaN,NaN,NaN,NaN,30114
20191024,32494,3.939,0,0,5431,12:25,Fine,14,29,NaN,NaN,NaN,NaN,30455
20191023,35748,4.333,0,0,5593,12:55,Fine,14,31,NaN,NaN,NaN,NaN,30799
20191022,34139,4.138,0,0,5621,13:10,Fine,12,30,NaN,NaN,NaN,NaN,31145
20191021,37144,4.502,0,0,5677,12:40,Fine,10,29,NaN,NaN,NaN,NaN,31495
20191020,36933,4.477,0,0,5574,12:30,Fine,8,25,NaN,NaN,NaN,NaN,31846
20191019,26984,3.271,0,0,7527,12:00,Fine,11,21,NaN,NaN,NaN,NaN,32198
20191018,34984,4.240,0,0,5688,13:20,Fine,8,22,NaN,NaN,NaN,NaN,32552
20191017,35549,4.309,0,0,5905,12:50,Fine,12,22,NaN,NaN,NaN,NaN,32909
20191016,28734,3.483,0,0,6192,13:30,Fine,7,25,NaN,NaN,NaN,NaN,33266
20191015,35536,4.307,0,0,5589,13:15,Fine,8,27,NaN,NaN,NaN,NaN,33625
20191014,37587,4.556,0,0,5668,12:25,Fine,7,27,NaN,NaN,NaN,NaN,33984
20191013,37200,4.509,0,0,5623,12:25,Fine,7,26,NaN,NaN,NaN,NaN,34346
20191012,37519,4.548,0,0,5674,12:40,Fine,8,26,NaN,NaN,NaN,NaN,34707
20191011,38957,4.722,0,0,5798,12:20,Fine,5,26,NaN,NaN,NaN,NaN,35070
20191010,42681,5.173,0,0,6447,12:30,Fine,6,25,NaN,NaN,NaN,NaN,35433
20191009,40865,4.953,0,0,6514,13:00,Fine,12,23,NaN,NaN,NaN,NaN,35796
20191008,37987,4.604,0,0,6021,12:55,Fine,12,29,NaN,NaN,NaN,NaN,36160
20191007,38941,4.720,0,0,5657,12:50,Fine,11,31,NaN,NaN,NaN,NaN,36524
20191006,40881,4.955,0,0,5941,12:30,Fine,13,30,NaN,NaN,NaN,NaN,36888
20191005,42255,5.122,0,0,6136,12:25,Fine,9,27,NaN,NaN,NaN,NaN,37252
20191004,43840,5.314,0,0,6424,12:45,Fine,9,23,NaN,NaN,NaN,NaN,37615
20191003,40420,4.899,0,0,6042,12:55,Fine,10,25,NaN,NaN,NaN,NaN,37978
20191002,43527,5.276,0,0,6134,13:00,Fine,7,24,NaN,NaN,NaN,NaN,38341
20191001,45430,5.507,0,0,6501,12:50,Fine,5,22,NaN,NaN,NaN,NaN,38703
20190930,42521,5.154,0,0,7234,12:10,Fine,8,18,NaN,NaN,NaN,NaN,39064
20190929,34149,4.139,0,0,6634,12:50,Fine,7,18,NaN,NaN,NaN,NaN,39424
20190928,41421,5.021,0,0,6350,12:55,Fine,12,22,NaN,NaN,NaN,NaN,39784
20190927,14245,1.727,0,0,2821,16:00,Mostly Cloudy,16,23,NaN,NaN,NaN,NaN,40142
20190926,40676,4.930,0,0,5796,12:40,Fine,19,35,NaN,NaN,NaN,NaN,40499
20190925,42087,5.101,0,0,5999,13:10,Fine,23,37,NaN,NaN,NaN,NaN,40854
20190924,38530,4.670,0,0,5437,12:45,Fine,18,37,NaN,NaN,NaN,NaN,41209
20190923,40536,4.913,0,0,5747,13:10,Fine,16,31,NaN,NaN,NaN,NaN,41561
20190922,30564,3.705,0,0,6467,13:00,Partly Cloudy,14,29,NaN,NaN,NaN,NaN,41912
20190921,40637,4.926,0,0,5627,12:40,Fine,14,30,NaN,NaN,NaN,NaN,42261
20190920,4374,0.530,0,0,3780,09:30,Cloudy,12,18,NaN,NaN,NaN,NaN,42608
