Date,Energy Generated,Efficiency,Energy Exported,Energy Used,Peak Power,Peak Time,Condition,Min. Temperature,Max. Temperature,Peak Energy Import,Off-Peak Energy Import,Shoulder Energy Import,High-Shoulder Energy Import,Insolation
20201129,5392,0.514,0,0,2664,09:50,Mostly Cloudy,5,13,NaN,NaN,NaN,NaN,31510
20201128,12433,1.184,756,0,2611,09:55,Mostly Cloudy,5,16,NaN,NaN,NaN,NaN,31722
20201127,12577,1.198,1023,0,2675,11:50,Mostly Cloudy,4,15,NaN,NaN,NaN,NaN,31942
20201126,12983,1.236,978,0,2710,11:25,Mostly Cloudy,4,16,NaN,NaN,NaN,NaN,32171
20201125,2893,0.276,113,0,1706,13:55,Showers,5,14,NaN,NaN,NaN,NaN,32407
20201124,11685,1.113,1161,0,2788,11:50,Mostly Cloudy,4,15,NaN,NaN,NaN,NaN,32651
20201123,12062,1.149,1990,0,2674,09:50,Mostly Cloudy,5,15,NaN,NaN,NaN,NaN,32902
20201122,13487,1.284,1194,0,2898,11:40,Mostly Cloudy,5,15,NaN,NaN,NaN,NaN,33168
20201121,13491,1.285,1379,0,2860,11:20,Mostly Cloudy,3,15,NaN,NaN,NaN,NaN,33436
20201120,13662,1.301,9989,0,3000,11:40,Mostly Cloudy,5,15,NaN,NaN,NaN,NaN,33711
20201119,12916,1.230,9403,0,3541,11:55,Mostly Cloudy,5,15,NaN,NaN,NaN,NaN,33993
20201118,6878,0.655,3358,0,2545,13:30,Cloudy,8,14,NaN,NaN,NaN,NaN,34281
20201117,6787,0.646,3889,0,2198,11:35,Cloudy,10,17,NaN,NaN,NaN,NaN,34576
20201116,13919,1.326,10489,0,3063,11:40,Mostly Cloudy,6,20,NaN,NaN,NaN,NaN,34877
20201115,13515,1.287,10066,0,2990,11:45,Mostly Cloudy,6,19,NaN,NaN,NaN,NaN,35197
20201114,12874,1.226,9064,0,3142,10:05,Mostly Cloudy,7,15,NaN,NaN,NaN,NaN,35512
20201113,4519,0.430,435,0,1495,10:35,Showers,7,12,NaN,NaN,NaN,NaN,35833
20201112,15719,1.497,531,0,3595,11:25,Partly Cloudy,3,16,NaN,NaN,NaN,NaN,36159
20201111,16058,1.529,1844,0,3693,10:10,Partly Cloudy,4,14,NaN,NaN,NaN,NaN,36491
20201110,15762,1.501,2619,0,3548,11:20,Partly Cloudy,2,15,NaN,NaN,NaN,NaN,36842
20201109,17190,1.637,2731,0,3583,11:15,Partly Cloudy,0,12,NaN,NaN,NaN,NaN,37187
20201108,16540,1.575,3998,0,3804,11:20,Partly Cloudy,3,14,NaN,NaN,NaN,NaN,37535
20201107,15717,1.497,3499,0,3975,11:25,Partly Cloudy,6,14,NaN,NaN,NaN,NaN,37889
20201106,13665,1.301,5533,0,3954,11:05,Mostly Cloudy,8,16,NaN,NaN,NaN,NaN,38246
20201105,16184,1.541,7314,0,3443,10:05,Partly Cloudy,13,26,NaN,NaN,NaN,NaN,38608
20201104,16819,1.602,2950,0,3575,11:20,Partly Cloudy,9,25,NaN,NaN,NaN,NaN,38992
20201103,17199,1.638,3507,0,3508,10:55,Partly Cloudy,12,26,NaN,NaN,NaN,NaN,39364
20201102,17467,1.664,7127,0,3543,10:55,Partly Cloudy,12,27,NaN,NaN,NaN,NaN,39740
20201101,18515,1.763,3704,0,3588,10:55,Partly Cloudy,11,27,NaN,NaN,NaN,NaN,38786
20201031,18580,1.770,7018,0,3879,11:10,Mostly Cloudy,10,26,NaN,NaN,NaN,NaN,40517
20201030,18189,1.732,5956,0,4055,11:35,Mostly Cloudy,10,25,NaN,NaN,NaN,NaN,40905
20201029,19756,1.882,7664,0,4060,11:35,Mostly Cloudy,10,25,NaN,NaN,NaN,NaN,41295
20201028,20357,1.939,7852,0,4223,11:30,Mostly Cloudy,10,24,NaN,NaN,NaN,NaN,41687
20201027,20465,1.949,4167,0,4169,11:30,Mostly Cloudy,8,23,NaN,NaN,NaN,NaN,42082
20201026,21671,2.064,10579,0,4396,11:05,Mostly Cloudy,7,23,NaN,NaN,NaN,NaN,42497
20201025,21742,2.071,8479,0,4575,11:35,Mostly Cloudy,10,19,NaN,NaN,NaN,NaN,42898
20201024,22103,2.105,11024,0,4361,11:20,Mostly Cloudy,10,22,NaN,NaN,NaN,NaN,43301
20201023,22983,2.189,10369,0,4630,11:35,Partly Cloudy,10,24,NaN,NaN,NaN,NaN,43706
20201022,23832,2.270,8981,0,4658,12:05,Partly Cloudy,13,25,NaN,NaN,NaN,NaN,44128
20201021,23663,2.254,11433,0,4801,12:05,Partly Cloudy,14,29,NaN,NaN,NaN,NaN,44537
20201020,24250,2.310,9947,0,4826,12:00,Partly Cloudy,15,30,NaN,NaN,NaN,NaN,44948
20201019,24654,2.348,9840,0,4901,11:55,Partly Cloudy,16,31,NaN,NaN,NaN,NaN,45359
20201018,25211,2.401,11161,0,4935,12:05,Partly Cloudy,17,32,NaN,NaN,NaN,NaN,45785
20201017,25714,2.449,13211,0,5068,11:40,Partly Cloudy,18,33,NaN,NaN,NaN,NaN,46199
20201016,26138,2.489,7366,0,4868,12:00,Partly Cloudy,16,33,NaN,NaN,NaN,NaN,46614
20201015,26649,2.538,6691,0,5177,12:10,Partly Cloudy,16,32,NaN,NaN,NaN,NaN,47029
20201014,27959,2.663,9781,0,5341,11:50,Partly Cloudy,16,32,NaN,NaN,NaN,NaN,47444
20201013,27797,2.647,17345,0,5343,11:50,Partly Cloudy,14,31,NaN,NaN,NaN,NaN,47872
20201012,29077,2.769,16132,0,5594,12:15,Partly Cloudy,13,29,NaN,NaN,NaN,NaN,48288
20201011,28418,2.706,16966,0,5585,11:55,Partly Cloudy,12,26,NaN,NaN,NaN,NaN,48704
20201010,26605,2.534,13365,0,5638,12:20,Partly Cloudy,13,23,NaN,NaN,NaN,NaN,49118
20201009,27191,2.590,18455,0,6437,12:35,Partly Cloudy,11,24,NaN,NaN,NaN,NaN,49543
20201008,21218,2.021,7212,0,4197,14:15,Mostly Cloudy,12,24,NaN,NaN,NaN,NaN,49958
20201007,29700,2.829,8273,0,5200,11:25,Partly Cloudy,15,31,NaN,NaN,NaN,NaN,50371
20201006,31909,3.039,17670,0,5543,11:55,Partly Cloudy,16,33,NaN,NaN,NaN,NaN,50783
20201005,33083,3.151,20281,0,5792,11:55,Partly Cloudy,16,34,NaN,NaN,NaN,NaN,51202
20201004,32614,3.106,18885,0,5713,11:55,Partly Cloudy,18,33,NaN,NaN,NaN,NaN,51612
20201003,28312,2.696,13572,0,4558,12:25,Partly Cloudy,18,32,NaN,NaN,NaN,NaN,52021
20201002,27274,2.598,3506,0,4535,12:20,Partly Cloudy,19,34,NaN,NaN,NaN,NaN,52427
20201001,29113,2.773,5608,0,4838,11:55,Partly Cloudy,19,35,NaN,NaN,NaN,NaN,52838
20200930,30242,2.880,4974,0,5073,12:30,Mostly Cloudy,15,36,NaN,NaN,NaN,NaN,53241
20200929,29748,2.833,3721,0,4828,12:30,Mostly Cloudy,17,35,NaN,NaN,NaN,NaN,53642
20200928,34398,3.276,12450,0,5725,12:10,Partly Cloudy,18,36,NaN,NaN,NaN,NaN,54044
20200927,34320,3.269,13904,0,5739,12:05,Partly Cloudy,17,34,NaN,NaN,NaN,NaN,54441
20200926,34538,3.289,13654,0,5749,12:00,Partly Cloudy,15,30,NaN,NaN,NaN,NaN,54836
20200925,36824,3.507,10679,0,6055,12:35,Partly Cloudy,13,29,NaN,NaN,NaN,NaN,55227
20200924,36673,3.493,10521,0,6077,12:25,Partly Cloudy,14,30,NaN,NaN,NaN,NaN,55617
20200923,37130,3.536,13845,0,6025,12:25,Partly Cloudy,15,31,NaN,NaN,NaN,NaN,56003
20200922,38664,3.682,19242,0,6229,12:25,Partly Cloudy,16,30,NaN,NaN,NaN,NaN,56386
20200921,36276,3.455,16441,0,5863,12:15,Partly Cloudy,16,32,NaN,NaN,NaN,NaN,56766
20200920,36057,3.434,13956,0,5734,12:55,Partly Cloudy,15,31,NaN,NaN,NaN,NaN,57143
20200919,39634,3.775,20679,0,6297,12:20,Partly Cloudy,12,29,NaN,NaN,NaN,NaN,57516
20200918,28833,2.746,6486,0,6488,13:15,Mostly Cloudy,16,27,NaN,NaN,NaN,NaN,57886
20200917,35368,3.368,21937,0,5063,15:05,Partly Cloudy,15,32,NaN,NaN,NaN,NaN,58252
20200916,34969,3.330,11133,0,5423,12:35,Partly Cloudy,14,32,NaN,NaN,NaN,NaN,58615
20200915,34329,3.269,16114,0,5483,12:40,Partly Cloudy,15,32,NaN,NaN,NaN,NaN,58974
20200914,36536,3.480,11686,0,5689,12:35,Partly Cloudy,14,31,NaN,NaN,NaN,NaN,59328
20200913,29051,2.767,6687,0,4726,14:45,Mostly Cloudy,15,32,NaN,NaN,NaN,NaN,59679
20200912,28664,2.730,11037,0,4431,14:25,Mostly Cloudy,15,31,NaN,NaN,NaN,NaN,60026
20200911,33793,3.218,13753,0,5371,13:20,Partly Cloudy,15,30,NaN,NaN,NaN,NaN,60369
20200910,25837,2.461,7089,0,4696,12:35,Mostly Cloudy,16,29,NaN,NaN,NaN,NaN,60708
20200909,27867,2.654,5307,0,5146,13:30,Mostly Cloudy,17,31,NaN,NaN,NaN,NaN,61042
20200908,33848,3.224,6383,0,6703,12:40,Partly Cloudy,22,35,NaN,NaN,NaN,NaN,61372
20200907,29994,2.857,1159,0,5054,11:40,Mostly Cloudy,25,40,NaN,NaN,NaN,NaN,61698
20200906,34528,3.288,5941,0,6712,12:35,Partly Cloudy,24,43,NaN,NaN,NaN,NaN,62020
20200905,44242,4.214,2338,0,6720,13:00,Partly Cloudy,19,38,NaN,NaN,NaN,NaN,62337
20200904,44076,4.198,17170,0,6622,13:05,Partly Cloudy,16,35,NaN,NaN,NaN,NaN,62649
20200903,44881,4.274,18706,0,6851,12:45,Partly Cloudy,14,34,NaN,NaN,NaN,NaN,62956
20200902,45727,4.355,26154,0,6765,13:05,Fine,14,31,NaN,NaN,NaN,NaN,63259
20200901,45244,4.309,19461,0,6816,13:05,Partly Cloudy,16,32,NaN,NaN,NaN,NaN,63558
20200831,43291,4.123,12623,0,6489,13:10,Partly Cloudy,17,34,NaN,NaN,NaN,NaN,63852
20200830,44326,4.222,17635,0,6558,12:40,Partly Cloudy,17,34,NaN,NaN,NaN,NaN,64141
20200829,46425,4.421,16914,0,6718,12:55,Partly Cloudy,18,33,NaN,NaN,NaN,NaN,64425
20200828,45904,4.372,21460,0,6699,13:10,Partly Cloudy,17,35,NaN,NaN,NaN,NaN,64704
20200827,51510,4.906,26098,0,7388,13:00,Partly Cloudy,13,33,NaN,NaN,NaN,NaN,64979
20200826,48816,4.649,19640,0,7070,13:05,Partly Cloudy,18,33,NaN,NaN,NaN,NaN,65249
20200825,46121,4.392,18633,0,6536,13:20,Partly Cloudy,19,34,NaN,NaN,NaN,NaN,65514
20200824,34974,3.331,9913,0,4878,12:05,Mostly Cloudy,20,34,NaN,NaN,NaN,NaN,65774
20200823,41300,3.933,12977,0,6268,12:40,Partly Cloudy,20,36,NaN,NaN,NaN,NaN,66029
20200822,36617,3.487,13535,0,6273,12:45,Partly Cloudy,18,36,NaN,NaN,NaN,NaN,66279
20200821,37087,3.532,14924,0,5924,11:55,Partly Cloudy,17,35,NaN,NaN,NaN,NaN,66525
20200820,48157,4.586,22263,0,7141,12:10,Partly Cloudy,20,34,NaN,NaN,NaN,NaN,66766
20200819,40412,3.849,11876,0,6974,12:10,Partly Cloudy,23,39,NaN,NaN,NaN,NaN,67002
20200818,45715,4.354,13504,0,7483,13:45,Partly Cloudy,23,41,NaN,NaN,NaN,NaN,67233
20200817,47366,4.511,10509,0,7580,12:25,Partly Cloudy,25,38,NaN,NaN,NaN,NaN,67458
20200816,47871,4.559,8874,0,7302,12:55,Partly Cloudy,25,42,NaN,NaN,NaN,NaN,67679
20200815,48437,4.613,8551,0,7878,13:05,Partly Cloudy,23,42,NaN,NaN,NaN,NaN,67896
20200814,49646,4.728,17123,0,7971,14:20,Partly Cloudy,22,41,NaN,NaN,NaN,NaN,68108
20200813,53410,5.087,20494,0,7615,13:35,Partly Cloudy,18,38,NaN,NaN,NaN,NaN,68314
20200812,53832,5.127,27426,0,7683,13:15,Partly Cloudy,16,36,NaN,NaN,NaN,NaN,68516
20200811,47485,4.522,21102,0,7816,12:10,Partly Cloudy,16,33,NaN,NaN,NaN,NaN,68713
20200810,53108,5.058,16136,0,7170,13:30,Partly Cloudy,20,37,NaN,NaN,NaN,NaN,68905
20200809,54504,5.191,24469,0,7331,13:30,Fine,19,37,NaN,NaN,NaN,NaN,69093
20200808,53336,5.080,23587,0,7287,13:20,Partly Cloudy,18,35,NaN,NaN,NaN,NaN,69276
20200807,55987,5.332,30060,0,7534,12:55,Fine,14,33,NaN,NaN,NaN,NaN,69454
20200806,57912,5.515,30184,0,7741,13:15,Fine,12,30,NaN,NaN,NaN,NaN,69628
20200805,58944,5.614,36453,0,7874,13:25,Fine,14,28,NaN,NaN,NaN,NaN,69797
20200804,58311,5.553,26014,0,7725,13:05,Fine,16,34,NaN,NaN,NaN,NaN,69962
20200803,57201,5.448,31420,0,7554,13:30,Fine,17,36,NaN,NaN,NaN,NaN,70122
20200802,58348,5.557,29702,0,7676,12:35,Fine,16,36,NaN,NaN,NaN,NaN,70277
20200801,59526,5.669,35109,0,7747,13:15,Fine,15,36,NaN,NaN,NaN,NaN,70428
20200731,59886,5.703,31632,0,7780,13:25,Fine,16,36,NaN,NaN,NaN,NaN,70575
20200730,59369,5.654,30210,0,7692,13:20,Fine,16,36,NaN,NaN,NaN,NaN,70718
20200729,59908,5.706,21962,0,7801,13:05,Fine,17,37,NaN,NaN,NaN,NaN,70856
20200728,57888,5.513,27004,0,7881,12:45,Partly Cloudy,16,37,NaN,NaN,NaN,NaN,70990
20200727,58309,5.553,27840,0,7609,13:40,Partly Cloudy,17,36,NaN,NaN,NaN,NaN,71120
20200726,58418,5.564,22383,0,7574,13:00,Partly Cloudy,17,37,NaN,NaN,NaN,NaN,71245
20200725,59177,5.636,32255,0,7586,13:05,Fine,14,35,NaN,NaN,NaN,NaN,71367
20200724,58404,5.562,26593,0,7802,13:05,Partly Cloudy,16,33,NaN,NaN,NaN,NaN,71484
20200723,59565,5.673,27745,0,7643,13:10,Fine,14,33,NaN,NaN,NaN,NaN,71597
20200722,61570,5.864,40624,0,7953,13:25,Fine,13,31,NaN,NaN,NaN,NaN,71706
20200721,53698,5.114,29221,0,8051,13:30,Partly Cloudy,14,32,NaN,NaN,NaN,NaN,71812
20200720,60773,5.788,35288,0,7768,13:30,Fine,14,32,NaN,NaN,NaN,NaN,71913
20200719,61539,5.861,32427,0,7853,13:25,Fine,17,35,NaN,NaN,NaN,NaN,72011
20200718,60403,5.753,27816,0,7670,13:10,Fine,17,37,NaN,NaN,NaN,NaN,72105
20200717,59887,5.704,29637,0,7675,13:40,Fine,16,33,NaN,NaN,NaN,NaN,72196
20200716,58260,5.549,32311,0,7684,12:30,Partly Cloudy,15,33,NaN,NaN,NaN,NaN,72282
20200715,58478,5.569,26490,0,7479,13:25,Partly Cloudy,15,35,NaN,NaN,NaN,NaN,72365
20200714,60303,5.743,28492,0,7765,13:00,Fine,15,34,NaN,NaN,NaN,NaN,72445
20200713,61420,5.850,31723,0,7896,12:35,Fine,19,34,NaN,NaN,NaN,NaN,72520
20200712,60634,5.775,29391,0,7651,13:15,Fine,17,39,NaN,NaN,NaN,NaN,72593
20200711,59513,5.668,15639,0,7680,13:25,Fine,18,39,NaN,NaN,NaN,NaN,72662
20200710,60721,5.783,31831,0,8083,13:05,Fine,18,38,NaN,NaN,NaN,NaN,72727
20200709,60912,5.801,34737,0,7768,13:30,Fine,16,36,NaN,NaN,NaN,NaN,72789
20200708,61171,5.826,37459,0,7712,13:25,Fine,15,35,NaN,NaN,NaN,NaN,72848
20200707,63628,6.060,34293,0,8083,12:30,Fine,12,32,NaN,NaN,NaN,NaN,72903
20200706,65128,6.203,35523,0,8241,13:25,Fine,16,32,NaN,NaN,NaN,NaN,72955
20200705,63357,6.034,37564,0,8038,13:05,Fine,17,36,NaN,NaN,NaN,NaN,73004
20200704,63134,6.013,26719,0,8066,12:40,Fine,14,35,NaN,NaN,NaN,NaN,73050
20200703,64801,6.172,38408,0,8202,13:35,Fine,12,31,NaN,NaN,NaN,NaN,73092
20200702,64316,6.125,22820,0,8118,13:45,Fine,14,31,NaN,NaN,NaN,NaN,73132
20200701,64513,6.144,30950,0,8155,13:20,Fine,16,34,NaN,NaN,NaN,NaN,73168
20200630,64535,6.146,43711,0,8179,13:20,Fine,16,33,NaN,NaN,NaN,NaN,73201
20200629,66290,6.313,49024,0,8371,13:10,Fine,14,30,NaN,NaN,NaN,NaN,73232
20200628,66404,6.324,54311,0,8432,13:35,Fine,13,27,NaN,NaN,NaN,NaN,73259
20200627,64919,6.183,35880,0,8282,13:30,Fine,18,34,NaN,NaN,NaN,NaN,73283
20200626,63201,6.019,32994,0,7937,13:25,Fine,19,38,NaN,NaN,NaN,NaN,73304
20200625,63766,6.073,28621,0,7910,13:05,Fine,19,38,NaN,NaN,NaN,NaN,73322
20200624,63348,6.033,35787,0,7926,13:10,Fine,17,36,NaN,NaN,NaN,NaN,73337
20200623,63378,6.036,29638,0,7923,13:10,Fine,18,37,NaN,NaN,NaN,NaN,73349
20200622,63796,6.076,33800,0,8011,13:25,Fine,17,36,NaN,NaN,NaN,NaN,73358
20200621,64243,6.118,34543,0,8084,13:20,Fine,16,35,NaN,NaN,NaN,NaN,73364
20200620,62350,5.938,19041,0,8371,13:10,Fine,15,33,NaN,NaN,NaN,NaN,73367
20200619,64617,6.154,36754,0,8170,13:10,Fine,17,35,NaN,NaN,NaN,NaN,73368
20200618,66576,6.341,32913,0,8348,13:05,Fine,15,34,NaN,NaN,NaN,NaN,73365
20200617,68499,6.524,48678,0,8549,13:35,Fine,13,30,NaN,NaN,NaN,NaN,73359
20200616,68061,6.482,51245,0,8572,13:35,Fine,12,27,NaN,NaN,NaN,NaN,73350
20200615,48701,4.638,37060,0,8018,12:10,Partly Cloudy,15,28,NaN,NaN,NaN,NaN,73338
20200614,66734,6.356,47645,0,8456,13:30,Fine,11,28,NaN,NaN,NaN,NaN,73324
20200613,52490,4.999,35931,0,8762,13:45,Partly Cloudy,11,23,NaN,NaN,NaN,NaN,73307
20200612,27074,2.578,678,0,5607,10:10,Mostly Cloudy,12,23,NaN,NaN,NaN,NaN,73286
20200611,41236,3.927,610,0,6250,11:50,Mostly Cloudy,17,34,NaN,NaN,NaN,NaN,73263
20200610,39681,3.779,603,0,6637,11:00,Mostly Cloudy,15,34,NaN,NaN,NaN,NaN,73236
20200609,40566,3.863,897,0,6807,12:45,Mostly Cloudy,12,31,NaN,NaN,NaN,NaN,73206
20200608,39036,3.718,397,0,6973,13:45,Mostly Cloudy,9,26,NaN,NaN,NaN,NaN,73173
20200607,37866,3.606,585,0,7002,14:55,Mostly Cloudy,8,22,NaN,NaN,NaN,NaN,73137
20200606,18146,1.728,419,0,4608,16:05,Cloudy,10,23,NaN,NaN,NaN,NaN,73098
20200605,29710,2.830,1131,0,5720,12:00,Mostly Cloudy,13,26,NaN,NaN,NaN,NaN,73055
20200604,52490,4.999,25046,0,8110,13:15,Partly Cloudy,NaN,NaN,NaN,NaN,NaN,NaN,73009
20200603,0,0.000,0,0,0,14:15,Not Sure,NaN,NaN,NaN,NaN,NaN,NaN,72960
