Date,Energy Generated,Efficiency,Energy Exported,Energy Used,Peak Power,Peak Time,Condition,Min. Temperature,Max. Temperature,Peak Energy Import,Off-Peak Energy Import,Shoulder Energy Import,High-Shoulder Energy Import,Insolation
20201129,0,0.000,0,0,NaN,NaN,Not Sure,NaN,NaN,NaN,NaN,NaN,NaN,29614
20201128,36201,3.142,29673,0,6678,10:45,Fine,NaN,NaN,NaN,NaN,NaN,NaN,29820
20201127,36253,3.147,31582,0,6656,11:15,Fine,NaN,NaN,NaN,NaN,NaN,NaN,30036
20201126,37867,3.287,11758,0,7026,10:30,Fine,NaN,NaN,NaN,NaN,NaN,NaN,30259
20201125,25372,2.202,4193,0,7564,11:00,Fine,NaN,NaN,NaN,NaN,NaN,NaN,30490
20201124,36108,3.134,28682,0,6585,10:45,Fine,NaN,NaN,NaN,NaN,NaN,NaN,30729
20201123,13615,1.182,9417,0,5350,13:15,Partly Cloudy,NaN,NaN,NaN,NaN,NaN,NaN,30976
20201122,37005,3.212,28906,0,6719,10:45,Fine,NaN,NaN,NaN,NaN,NaN,NaN,31230
20201121,29302,2.544,5007,0,6425,10:15,Fine,NaN,NaN,NaN,NaN,NaN,NaN,31492
20201120,32977,2.863,25754,0,7286,10:30,Fine,NaN,NaN,NaN,NaN,NaN,NaN,31761
20201119,29919,2.597,23538,0,7599,11:45,Fine,NaN,NaN,NaN,NaN,NaN,NaN,32043
20201118,18434,1.600,7578,0,4872,09:45,Fine,NaN,NaN,NaN,NaN,NaN,NaN,32327
20201117,15651,1.359,7245,0,7530,11:00,Partly Cloudy,NaN,NaN,NaN,NaN,NaN,NaN,32618
20201116,38089,3.306,35418,0,7112,10:45,Fine,NaN,NaN,NaN,NaN,NaN,NaN,32916
20201115,38108,3.308,28557,0,6738,11:00,Fine,NaN,NaN,NaN,NaN,NaN,NaN,33220
20201114,12894,1.119,7595,0,2827,13:15,Partly Cloudy,NaN,NaN,NaN,NaN,NaN,NaN,33530
20201113,18296,1.588,8097,0,5957,11:30,Fine,NaN,NaN,NaN,NaN,NaN,NaN,33855
20201112,38280,3.323,30869,0,6751,10:45,Fine,NaN,NaN,NaN,NaN,NaN,NaN,34179
20201111,29057,2.522,24842,0,6225,09:30,Fine,NaN,NaN,NaN,NaN,NaN,NaN,34509
20201110,38839,3.371,28684,0,7153,10:45,Fine,NaN,NaN,NaN,NaN,NaN,NaN,34844
20201109,42685,3.705,28620,0,7499,10:45,Fine,NaN,NaN,NaN,NaN,NaN,NaN,35184
20201108,29362,2.549,20339,0,7381,13:00,Fine,NaN,NaN,NaN,NaN,NaN,NaN,35529
20201107,30039,2.608,16888,0,7598,12:00,Fine,NaN,NaN,NaN,NaN,NaN,NaN,35893
20201106,28844,2.504,25265,0,7583,09:30,Fine,NaN,NaN,NaN,NaN,NaN,NaN,36251
20201105,35422,3.075,29034,0,6178,11:00,Fine,NaN,NaN,NaN,NaN,NaN,NaN,36613
20201104,36383,3.158,29936,0,6301,11:00,Fine,NaN,NaN,NaN,NaN,NaN,NaN,36980
20201103,32569,2.827,26403,0,6155,10:45,Fine,NaN,NaN,NaN,NaN,NaN,NaN,37350
20201102,35980,3.123,25921,0,6186,10:45,Fine,NaN,NaN,NaN,NaN,NaN,NaN,37739
20201101,29598,2.569,22838,0,6811,11:15,Fine,NaN,NaN,NaN,NaN,NaN,NaN,36737
20201031,38770,3.365,20709,0,6595,11:45,Fine,NaN,NaN,NaN,NaN,NaN,NaN,38505
20201030,38018,3.300,31534,0,6540,11:45,Fine,NaN,NaN,NaN,NaN,NaN,NaN,38893
20201029,37757,3.278,30587,0,6354,11:45,Fine,NaN,NaN,NaN,NaN,NaN,NaN,39284
20201028,38496,3.342,34041,0,6556,11:45,Fine,NaN,NaN,NaN,NaN,NaN,NaN,39694
20201027,39994,3.472,37149,0,6711,12:00,Fine,NaN,NaN,NaN,NaN,NaN,NaN,40094
20201026,41394,3.593,34230,0,6968,11:30,Fine,NaN,NaN,NaN,NaN,NaN,NaN,40497
20201025,32903,2.856,23900,0,7594,13:00,Fine,NaN,NaN,NaN,NaN,NaN,NaN,40902
20201024,39151,3.399,19766,0,6817,11:30,Fine,NaN,NaN,NaN,NaN,NaN,NaN,41309
20201023,38530,3.345,30995,0,6690,11:45,Fine,NaN,NaN,NaN,NaN,NaN,NaN,41735
20201022,40260,3.495,35138,0,6642,11:30,Fine,NaN,NaN,NaN,NaN,NaN,NaN,42149
20201021,40281,3.497,38365,0,6647,11:45,Fine,NaN,NaN,NaN,NaN,NaN,NaN,42566
20201020,41099,3.568,40363,0,6754,11:45,Fine,NaN,NaN,NaN,NaN,NaN,NaN,42983
20201019,41365,3.591,40534,0,6751,12:00,Fine,NaN,NaN,NaN,NaN,NaN,NaN,43414
20201018,41920,3.639,40952,0,6832,11:45,Fine,NaN,NaN,NaN,NaN,NaN,NaN,43837
20201017,39381,3.418,38488,0,6658,11:30,Fine,NaN,NaN,NaN,NaN,NaN,NaN,44262
20201016,40591,3.524,39613,0,6624,12:00,Fine,NaN,NaN,NaN,NaN,NaN,NaN,44687
20201015,42077,3.653,41248,0,6810,11:45,Fine,NaN,NaN,NaN,NaN,NaN,NaN,45122
20201014,42729,3.709,28311,0,6894,12:00,Fine,NaN,NaN,NaN,NaN,NaN,NaN,45550
20201013,43686,3.792,34875,0,7018,12:00,Fine,NaN,NaN,NaN,NaN,NaN,NaN,45979
20201012,44140,3.832,39686,0,7070,12:00,Fine,NaN,NaN,NaN,NaN,NaN,NaN,46408
20201011,41152,3.572,28940,0,7115,12:00,Fine,NaN,NaN,NaN,NaN,NaN,NaN,46838
20201010,37887,3.289,21822,0,7362,11:30,Fine,NaN,NaN,NaN,NaN,NaN,NaN,47275
20201009,26070,2.263,12656,0,7594,10:30,Partly Cloudy,NaN,NaN,NaN,NaN,NaN,NaN,47706
20201008,31434,2.729,25644,0,7590,11:30,Fine,NaN,NaN,NaN,NaN,NaN,NaN,48136
20201007,30723,2.667,23216,0,6189,11:00,Fine,NaN,NaN,NaN,NaN,NaN,NaN,48566
20201006,39341,3.415,33323,0,7190,12:00,Fine,NaN,NaN,NaN,NaN,NaN,NaN,49001
20201005,46380,4.026,35618,0,7179,12:00,Fine,NaN,NaN,NaN,NaN,NaN,NaN,49431
20201004,46570,4.043,39397,0,7365,11:45,Fine,NaN,NaN,NaN,NaN,NaN,NaN,49860
20201003,38386,3.332,30419,0,6416,12:30,Fine,NaN,NaN,NaN,NaN,NaN,NaN,50287
20201002,35741,3.103,24214,0,5770,12:45,Fine,NaN,NaN,NaN,NaN,NaN,NaN,50718
20201001,35219,3.057,24119,0,5603,12:15,Fine,NaN,NaN,NaN,NaN,NaN,NaN,51144
20200930,43903,3.811,34655,0,7276,11:45,Partly Cloudy,NaN,NaN,NaN,NaN,NaN,NaN,51569
20200929,46306,4.020,39826,0,7163,12:00,Partly Cloudy,NaN,NaN,NaN,NaN,NaN,NaN,51992
20200928,43819,3.804,29558,0,6831,11:45,Partly Cloudy,NaN,NaN,NaN,NaN,NaN,NaN,52414
20200927,48249,4.188,33653,0,7417,12:00,Fine,NaN,NaN,NaN,NaN,NaN,NaN,52834
20200926,49696,4.314,33586,0,7425,12:15,Fine,NaN,NaN,NaN,NaN,NaN,NaN,53253
20200925,50033,4.343,46777,0,7600,12:00,Fine,NaN,NaN,NaN,NaN,NaN,NaN,53669
20200924,48540,4.214,34840,0,7601,11:30,Fine,NaN,NaN,NaN,NaN,NaN,NaN,54082
20200923,50722,4.403,40412,0,7559,11:45,Fine,NaN,NaN,NaN,NaN,NaN,NaN,54493
20200922,51785,4.495,47767,0,7603,12:45,Fine,NaN,NaN,NaN,NaN,NaN,NaN,54903
20200921,46972,4.077,38926,0,7324,12:15,Fine,NaN,NaN,NaN,NaN,NaN,NaN,55309
20200920,49005,4.254,38480,0,7356,12:00,Fine,NaN,NaN,NaN,NaN,NaN,NaN,55712
20200919,49185,4.270,39407,0,7525,12:15,Fine,NaN,NaN,NaN,NaN,NaN,NaN,56113
20200918,48947,4.249,34541,0,7600,10:00,Fine,NaN,NaN,NaN,NaN,NaN,NaN,56511
20200917,45130,3.918,35654,0,7230,10:45,Partly Cloudy,NaN,NaN,NaN,NaN,NaN,NaN,56906
20200916,41483,3.601,37670,0,7604,11:15,Partly Cloudy,NaN,NaN,NaN,NaN,NaN,NaN,57297
20200915,43253,3.755,37033,0,7267,12:15,Partly Cloudy,NaN,NaN,NaN,NaN,NaN,NaN,57685
20200914,38400,3.333,32302,0,7199,12:15,Partly Cloudy,NaN,NaN,NaN,NaN,NaN,NaN,58070
20200913,37492,3.255,28189,0,6811,12:00,Partly Cloudy,NaN,NaN,NaN,NaN,NaN,NaN,58452
20200912,44086,3.827,28706,0,6861,12:30,Partly Cloudy,NaN,NaN,NaN,NaN,NaN,NaN,58829
20200911,30335,2.633,25724,0,5455,12:15,Mostly Cloudy,NaN,NaN,NaN,NaN,NaN,NaN,59203
20200910,11681,1.014,5188,0,2173,12:30,Cloudy,NaN,NaN,NaN,NaN,NaN,NaN,59573
20200909,7391,0.642,77,0,2105,11:00,Showers,NaN,NaN,NaN,NaN,NaN,NaN,59940
20200908,32745,2.842,19804,0,5766,13:00,Partly Cloudy,NaN,NaN,NaN,NaN,NaN,NaN,60303
20200907,52158,4.528,23736,0,7409,11:45,Fine,NaN,NaN,NaN,NaN,NaN,NaN,60661
20200906,53482,4.643,31402,0,7603,11:30,Fine,NaN,NaN,NaN,NaN,NaN,NaN,61015
20200905,55756,4.840,45963,0,7609,12:45,Fine,NaN,NaN,NaN,NaN,NaN,NaN,61364
20200904,52706,4.575,44039,0,7612,12:15,Fine,NaN,NaN,NaN,NaN,NaN,NaN,61711
20200903,50070,4.346,38515,0,7610,13:30,Fine,NaN,NaN,NaN,NaN,NaN,NaN,62053
20200902,42991,3.732,35966,0,7603,11:45,Partly Cloudy,NaN,NaN,NaN,NaN,NaN,NaN,62390
20200901,43119,3.743,39393,0,6563,13:45,Partly Cloudy,NaN,NaN,NaN,NaN,NaN,NaN,62722
20200831,48287,4.192,38517,0,7238,12:45,Partly Cloudy,NaN,NaN,NaN,NaN,NaN,NaN,63050
20200830,57479,4.989,45163,0,7608,11:15,Fine,NaN,NaN,NaN,NaN,NaN,NaN,63374
20200829,56883,4.938,50018,0,7605,11:45,Fine,NaN,NaN,NaN,NaN,NaN,NaN,63694
20200828,57621,5.002,46435,0,7607,10:45,Fine,NaN,NaN,NaN,NaN,NaN,NaN,64008
20200827,51143,4.439,43950,0,7608,12:15,Fine,NaN,NaN,NaN,NaN,NaN,NaN,64318
20200826,60258,5.231,53240,0,7609,11:15,Fine,NaN,NaN,NaN,NaN,NaN,NaN,64622
20200825,57250,4.970,47542,0,7608,12:30,Fine,NaN,NaN,NaN,NaN,NaN,NaN,64923
20200824,52709,4.575,36369,0,7531,11:45,Fine,NaN,NaN,NaN,NaN,NaN,NaN,65219
20200823,51686,4.487,33266,0,7603,11:30,Fine,NaN,NaN,NaN,NaN,NaN,NaN,65510
20200822,50507,4.384,34840,0,7609,10:30,Fine,NaN,NaN,NaN,NaN,NaN,NaN,65795
20200821,60019,5.210,54860,0,7606,12:30,Fine,NaN,NaN,NaN,NaN,NaN,NaN,66076
20200820,62575,5.432,51684,0,7604,13:45,Fine,NaN,NaN,NaN,NaN,NaN,NaN,66353
20200819,48984,4.252,37981,0,7604,12:00,Partly Cloudy,NaN,NaN,NaN,NaN,NaN,NaN,66624
20200818,55006,4.775,35688,0,7611,13:00,Fine,NaN,NaN,NaN,NaN,NaN,NaN,66891
20200817,42064,3.651,22540,0,7600,12:00,Partly Cloudy,NaN,NaN,NaN,NaN,NaN,NaN,67152
20200816,55195,4.791,37533,0,7608,11:45,Fine,NaN,NaN,NaN,NaN,NaN,NaN,67408
20200815,57722,5.011,35456,0,7601,11:15,Fine,NaN,NaN,NaN,NaN,NaN,NaN,67659
20200814,54262,4.710,40859,0,7613,13:15,Fine,NaN,NaN,NaN,NaN,NaN,NaN,67906
20200813,57351,4.978,49985,0,7598,10:30,Fine,NaN,NaN,NaN,NaN,NaN,NaN,68148
20200812,60815,5.279,47764,0,7607,11:30,Fine,NaN,NaN,NaN,NaN,NaN,NaN,68385
20200811,62212,5.400,53330,0,7603,13:45,Fine,NaN,NaN,NaN,NaN,NaN,NaN,68616
20200810,61896,5.373,50988,0,7608,13:00,Fine,NaN,NaN,NaN,NaN,NaN,NaN,68842
20200809,61738,5.359,47041,0,7624,11:00,Fine,NaN,NaN,NaN,NaN,NaN,NaN,69064
20200808,61951,5.378,53104,0,7603,11:15,Fine,NaN,NaN,NaN,NaN,NaN,NaN,69281
20200807,62818,5.453,54310,0,7606,13:30,Fine,NaN,NaN,NaN,NaN,NaN,NaN,69493
20200806,53063,4.606,43580,0,7611,13:15,Fine,NaN,NaN,NaN,NaN,NaN,NaN,69700
20200805,36110,3.135,26532,0,7606,13:15,Partly Cloudy,NaN,NaN,NaN,NaN,NaN,NaN,69902
20200804,64263,5.578,58081,0,7606,12:15,Fine,NaN,NaN,NaN,NaN,NaN,NaN,70099
20200803,63628,5.523,55272,0,7604,11:45,Fine,NaN,NaN,NaN,NaN,NaN,NaN,70291
20200802,63211,5.487,51706,0,7608,11:30,Fine,NaN,NaN,NaN,NaN,NaN,NaN,70478
20200801,65025,5.645,56413,0,7605,12:00,Fine,NaN,NaN,NaN,NaN,NaN,NaN,70661
20200731,58431,5.072,42079,0,7607,11:30,Fine,NaN,NaN,NaN,NaN,NaN,NaN,70840
20200730,60971,5.293,53368,0,7605,12:30,Fine,NaN,NaN,NaN,NaN,NaN,NaN,71013
20200729,61543,5.342,48636,0,7631,11:45,Fine,NaN,NaN,NaN,NaN,NaN,NaN,71181
20200728,63075,5.475,56121,0,7605,14:15,Fine,NaN,NaN,NaN,NaN,NaN,NaN,71345
20200727,64555,5.604,44189,0,7606,12:30,Fine,NaN,NaN,NaN,NaN,NaN,NaN,71504
20200726,64714,5.618,50407,0,7607,12:00,Fine,NaN,NaN,NaN,NaN,NaN,NaN,71657
20200725,65232,5.662,48952,0,7620,12:15,Fine,NaN,NaN,NaN,NaN,NaN,NaN,71807
20200724,64991,5.642,57457,0,7606,12:30,Fine,NaN,NaN,NaN,NaN,NaN,NaN,71951
20200723,64917,5.635,60085,0,7605,11:30,Fine,NaN,NaN,NaN,NaN,NaN,NaN,72092
20200722,66761,5.795,54883,0,7608,12:00,Fine,NaN,NaN,NaN,NaN,NaN,NaN,72228
20200721,55994,4.861,43097,0,7605,10:45,Fine,NaN,NaN,NaN,NaN,NaN,NaN,72359
20200720,61546,5.343,43629,0,7615,11:15,Fine,NaN,NaN,NaN,NaN,NaN,NaN,72486
20200719,65047,5.646,51753,0,7609,14:15,Fine,NaN,NaN,NaN,NaN,NaN,NaN,72608
20200718,65875,5.718,58684,0,7604,11:15,Fine,NaN,NaN,NaN,NaN,NaN,NaN,72726
20200717,66322,5.757,58792,0,7610,14:00,Fine,NaN,NaN,NaN,NaN,NaN,NaN,72840
20200716,65947,5.725,60803,0,7608,13:45,Fine,NaN,NaN,NaN,NaN,NaN,NaN,72949
20200715,60682,5.268,52531,0,7603,11:45,Fine,NaN,NaN,NaN,NaN,NaN,NaN,73053
20200714,67101,5.825,50488,0,7605,11:45,Fine,NaN,NaN,NaN,NaN,NaN,NaN,73153
20200713,67485,5.858,43614,0,7634,14:30,Fine,NaN,NaN,NaN,NaN,NaN,NaN,73249
20200712,67801,5.886,56650,0,7607,13:45,Fine,NaN,NaN,NaN,NaN,NaN,NaN,73341
20200711,67344,5.846,54213,0,7606,13:30,Fine,NaN,NaN,NaN,NaN,NaN,NaN,73429
20200710,66816,5.800,56662,0,7606,11:30,Fine,NaN,NaN,NaN,NaN,NaN,NaN,73512
20200709,68138,5.915,58700,0,7604,11:30,Fine,NaN,NaN,NaN,NaN,NaN,NaN,73591
20200708,67892,5.893,58572,0,7609,10:15,Fine,NaN,NaN,NaN,NaN,NaN,NaN,73666
20200707,68634,5.958,59015,0,7627,12:30,Fine,NaN,NaN,NaN,NaN,NaN,NaN,73737
20200706,69304,6.016,60587,0,7610,09:45,Fine,NaN,NaN,NaN,NaN,NaN,NaN,73804
20200705,68773,5.970,68107,0,7605,14:45,Fine,NaN,NaN,NaN,NaN,NaN,NaN,73866
20200704,68523,5.948,67844,0,7605,12:45,Fine,NaN,NaN,NaN,NaN,NaN,NaN,73925
20200703,68905,5.981,68223,0,7602,14:00,Fine,NaN,NaN,NaN,NaN,NaN,NaN,73980
20200702,69142,6.002,68297,0,7604,11:00,Fine,NaN,NaN,NaN,NaN,NaN,NaN,74030
20200701,69068,5.995,68509,0,7608,11:30,Fine,NaN,NaN,NaN,NaN,NaN,NaN,74077
20200630,68557,5.951,67848,0,7608,11:00,Fine,NaN,NaN,NaN,NaN,NaN,NaN,74120
20200629,69251,6.011,68491,0,7603,12:30,Fine,NaN,NaN,NaN,NaN,NaN,NaN,74159
20200628,69520,6.035,58002,0,7605,12:00,Fine,NaN,NaN,NaN,NaN,NaN,NaN,74193
20200627,68586,5.954,55975,0,7608,12:00,Fine,NaN,NaN,NaN,NaN,NaN,NaN,74224
20200626,67855,5.890,56393,0,7624,12:00,Fine,NaN,NaN,NaN,NaN,NaN,NaN,74252
20200625,68054,5.907,53698,0,7615,13:00,Fine,NaN,NaN,NaN,NaN,NaN,NaN,74275
20200624,68378,5.936,58501,0,7608,10:30,Fine,NaN,NaN,NaN,NaN,NaN,NaN,74294
20200623,68426,5.940,42574,0,7608,13:15,Fine,NaN,NaN,NaN,NaN,NaN,NaN,74309
20200622,68629,5.957,57884,0,7607,12:00,Fine,NaN,NaN,NaN,NaN,NaN,NaN,74321
20200621,69084,5.997,47448,0,7605,11:45,Fine,NaN,NaN,NaN,NaN,NaN,NaN,74328
20200620,69376,6.022,47725,0,7605,11:45,Fine,NaN,NaN,NaN,NaN,NaN,NaN,74332
20200619,69664,6.047,58997,0,7607,09:45,Fine,NaN,NaN,NaN,NaN,NaN,NaN,74332
20200618,69643,6.045,52647,0,7607,09:45,Fine,NaN,NaN,NaN,NaN,NaN,NaN,74328
20200617,70345,6.106,63173,0,7613,14:30,Fine,NaN,NaN,NaN,NaN,NaN,NaN,74320
20200616,70793,6.145,58165,0,7602,10:30,Fine,NaN,NaN,NaN,NaN,NaN,NaN,74308
20200615,67107,5.825,58265,0,7605,13:30,Fine,NaN,NaN,NaN,NaN,NaN,NaN,74292
20200614,59605,5.174,49153,0,7604,09:45,Fine,NaN,NaN,NaN,NaN,NaN,NaN,74272
20200613,59344,5.151,47838,0,7602,10:30,Partly Cloudy,NaN,NaN,NaN,NaN,NaN,NaN,74249
20200612,58552,5.083,53352,0,7604,10:30,Partly Cloudy,NaN,NaN,NaN,NaN,NaN,NaN,74221
20200611,67282,5.840,57713,0,7608,12:15,Fine,NaN,NaN,NaN,NaN,NaN,NaN,74189
20200610,68375,5.935,55380,0,7600,13:15,Fine,NaN,NaN,NaN,NaN,NaN,NaN,74153
20200609,69738,6.054,53317,0,7607,13:15,Fine,NaN,NaN,NaN,NaN,NaN,NaN,74113
20200608,70811,6.147,68779,0,7608,11:45,Fine,NaN,NaN,NaN,NaN,NaN,NaN,74069
20200607,69488,6.032,56729,0,7603,14:00,Fine,NaN,NaN,NaN,NaN,NaN,NaN,74022
20200606,67344,5.846,52121,0,7607,13:45,Fine,NaN,NaN,NaN,NaN,NaN,NaN,73970
20200605,69225,6.009,50286,0,7608,12:30,Fine,NaN,NaN,NaN,NaN,NaN,NaN,73915
20200604,68364,5.934,43876,0,7606,13:45,Fine,NaN,NaN,NaN,NaN,NaN,NaN,73855
20200603,67710,5.878,59157,0,7618,14:15,Fine,NaN,NaN,NaN,NaN,NaN,NaN,73791
20200602,66207,5.747,53321,0,7606,14:30,Fine,NaN,NaN,NaN,NaN,NaN,NaN,73723
20200601,64695,5.616,54384,0,7609,13:45,Fine,NaN,NaN,NaN,NaN,NaN,NaN,73651
20200531,47085,4.087,35132,0,7594,09:15,Partly Cloudy,NaN,NaN,NaN,NaN,NaN,NaN,73574
20200530,39460,3.425,28483,0,7588,13:30,Partly Cloudy,NaN,NaN,NaN,NaN,NaN,NaN,73493
20200529,61673,5.354,44886,0,7604,12:30,Fine,NaN,NaN,NaN,NaN,NaN,NaN,73407
20200528,68559,5.951,51737,0,7609,10:45,Fine,NaN,NaN,NaN,NaN,NaN,NaN,73318
20200527,68458,5.943,58126,0,7614,11:30,Fine,NaN,NaN,NaN,NaN,NaN,NaN,73224
20200526,67357,5.847,52326,0,7611,12:30,Fine,NaN,NaN,NaN,NaN,NaN,NaN,73126
20200525,67764,5.882,60423,0,7610,11:45,Fine,NaN,NaN,NaN,NaN,NaN,NaN,73023
20200524,68371,5.935,53981,0,7605,12:45,Fine,NaN,NaN,NaN,NaN,NaN,NaN,72916
20200523,69428,6.027,58851,0,7604,14:15,Fine,NaN,NaN,NaN,NaN,NaN,NaN,72805
20200522,69684,6.049,63663,0,7607,12:00,Fine,NaN,NaN,NaN,NaN,NaN,NaN,72689
20200521,68665,5.961,59826,0,7605,13:30,Fine,NaN,NaN,NaN,NaN,NaN,NaN,72568
20200520,51214,4.446,42265,0,7605,11:30,Partly Cloudy,NaN,NaN,NaN,NaN,NaN,NaN,72443
20200519,57685,5.007,41420,0,7603,13:45,Fine,NaN,NaN,NaN,NaN,NaN,NaN,72312
20200518,46726,4.056,33203,0,7597,09:00,Partly Cloudy,NaN,NaN,NaN,NaN,NaN,NaN,72178
20200517,28548,2.478,18895,0,7605,12:45,Mostly Cloudy,NaN,NaN,NaN,NaN,NaN,NaN,72038
20200516,65289,5.667,51746,0,7621,12:00,Fine,NaN,NaN,NaN,NaN,NaN,NaN,71894
20200515,61460,5.335,54144,0,7606,15:00,Fine,NaN,NaN,NaN,NaN,NaN,NaN,71746
20200514,44647,3.876,37425,0,7607,10:45,Partly Cloudy,NaN,NaN,NaN,NaN,NaN,NaN,71593
20200513,45346,3.936,39683,0,7605,10:00,Partly Cloudy,NaN,NaN,NaN,NaN,NaN,NaN,71434
20200512,32353,2.808,17355,0,7584,11:30,Mostly Cloudy,NaN,NaN,NaN,NaN,NaN,NaN,71271
20200511,58631,5.089,47915,0,7607,13:30,Fine,NaN,NaN,NaN,NaN,NaN,NaN,71103
20200510,64507,5.600,49368,0,7600,13:00,Fine,NaN,NaN,NaN,NaN,NaN,NaN,70929
20200509,66552,5.777,53442,0,7608,14:30,Fine,NaN,NaN,NaN,NaN,NaN,NaN,70751
20200508,63943,5.551,51765,0,7603,13:00,Fine,NaN,NaN,NaN,NaN,NaN,NaN,70568
20200507,65976,5.727,53171,0,7606,09:45,Fine,NaN,NaN,NaN,NaN,NaN,NaN,70380
20200506,66523,5.775,52599,0,7605,11:00,Fine,NaN,NaN,NaN,NaN,NaN,NaN,70187
20200505,66878,5.805,59951,0,7601,14:15,Fine,NaN,NaN,NaN,NaN,NaN,NaN,69989
20200504,65856,5.717,49811,0,7607,11:30,Fine,NaN,NaN,NaN,NaN,NaN,NaN,69786
20200503,65782,5.710,57700,0,7605,11:30,Fine,NaN,NaN,NaN,NaN,NaN,NaN,69578
20200502,52671,4.572,46262,0,7604,11:00,Partly Cloudy,NaN,NaN,NaN,NaN,NaN,NaN,69364
20200501,65146,5.655,51007,0,7604,10:15,Fine,NaN,NaN,NaN,NaN,NaN,NaN,69146
20200430,63886,5.546,59601,0,7601,09:45,Fine,NaN,NaN,NaN,NaN,NaN,NaN,68922
20200429,47747,4.145,40176,0,7598,12:30,Fine,NaN,NaN,NaN,NaN,NaN,NaN,68693
20200428,64372,5.588,55397,0,7606,14:00,Fine,NaN,NaN,NaN,NaN,NaN,NaN,68458
20200427,64901,5.634,60475,0,7608,10:30,Fine,NaN,NaN,NaN,NaN,NaN,NaN,68219
20200426,64795,5.625,60479,0,7602,14:00,Fine,NaN,NaN,NaN,NaN,NaN,NaN,67975
20200425,64240,5.576,58655,0,7605,10:45,Fine,NaN,NaN,NaN,NaN,NaN,NaN,67726
20200424,64467,5.596,57024,0,7602,12:00,Fine,NaN,NaN,NaN,NaN,NaN,NaN,67472
20200423,54671,4.746,49644,0,7606,12:00,Fine,NaN,NaN,NaN,NaN,NaN,NaN,67212
20200422,64395,5.590,58058,0,7605,12:00,Fine,NaN,NaN,NaN,NaN,NaN,NaN,66947
20200421,46689,4.053,39608,0,7603,13:30,Fine,NaN,NaN,NaN,NaN,NaN,NaN,66677
20200420,46054,3.998,43261,0,7597,12:00,Fine,NaN,NaN,NaN,NaN,NaN,NaN,66401
20200419,58227,5.054,43320,0,7611,12:15,Fine,NaN,NaN,NaN,NaN,NaN,NaN,66121
20200418,40798,3.541,18623,0,7596,14:30,Partly Cloudy,NaN,NaN,NaN,NaN,NaN,NaN,65835
20200417,43186,3.749,35914,0,7600,11:15,Partly Cloudy,NaN,NaN,NaN,NaN,NaN,NaN,65544
20200416,45231,3.926,32877,0,7594,12:30,Fine,NaN,NaN,NaN,NaN,NaN,NaN,65249
20200415,64019,5.557,49332,0,7603,13:15,Fine,NaN,NaN,NaN,NaN,NaN,NaN,64949
20200414,64093,5.564,55030,0,7603,11:45,Fine,NaN,NaN,NaN,NaN,NaN,NaN,64644
20200413,52753,4.579,43849,0,7604,11:15,Fine,NaN,NaN,NaN,NaN,NaN,NaN,64333
20200412,32129,2.789,26115,0,7595,15:00,Partly Cloudy,NaN,NaN,NaN,NaN,NaN,NaN,64018
20200411,39757,3.451,34516,0,7601,12:30,Partly Cloudy,NaN,NaN,NaN,NaN,NaN,NaN,63698
20200410,51199,4.444,40823,0,7600,13:15,Fine,NaN,NaN,NaN,NaN,NaN,NaN,63373
20200409,24729,2.147,14428,0,7600,13:30,Mostly Cloudy,NaN,NaN,NaN,NaN,NaN,NaN,63043
20200408,48102,4.176,39315,0,7593,14:30,Fine,NaN,NaN,NaN,NaN,NaN,NaN,62708
20200407,59206,5.139,48721,0,7609,12:45,Fine,NaN,NaN,NaN,NaN,NaN,NaN,62368
20200406,22569,1.959,14999,0,7594,15:30,Mostly Cloudy,NaN,NaN,NaN,NaN,NaN,NaN,62024
20200405,10271,0.892,2483,0,3048,09:45,Cloudy,NaN,NaN,NaN,NaN,NaN,NaN,61676
20200404,19617,1.703,8224,0,7596,14:15,Mostly Cloudy,NaN,NaN,NaN,NaN,NaN,NaN,61324
20200403,58820,5.106,37634,0,7608,13:45,Fine,NaN,NaN,NaN,NaN,NaN,NaN,60967
20200402,61140,5.307,55077,0,7606,10:45,Fine,NaN,NaN,NaN,NaN,NaN,NaN,60606
20200401,55633,4.829,44966,0,7613,11:00,Fine,NaN,NaN,NaN,NaN,NaN,NaN,60240
20200331,49287,4.278,43763,0,7605,11:30,Fine,NaN,NaN,NaN,NaN,NaN,NaN,59870
20200330,49328,4.282,38544,0,7608,14:00,Fine,NaN,NaN,NaN,NaN,NaN,NaN,59496
20200329,39787,3.454,25277,0,7598,15:30,Fine,NaN,NaN,NaN,NaN,NaN,NaN,59118
20200328,25572,2.220,12228,0,7252,12:15,Partly Cloudy,NaN,NaN,NaN,NaN,NaN,NaN,58736
20200327,42122,3.656,26129,0,7599,12:30,Fine,NaN,NaN,NaN,NaN,NaN,NaN,58350
20200326,50617,4.394,36869,0,7604,14:45,Fine,NaN,NaN,NaN,NaN,NaN,NaN,57961
20200325,41827,3.631,31540,0,7605,11:15,Fine,NaN,NaN,NaN,NaN,NaN,NaN,57568
20200324,25558,2.219,15691,0,7589,09:45,Partly Cloudy,NaN,NaN,NaN,NaN,NaN,NaN,57172
20200323,34343,2.981,26234,0,7596,10:15,Fine,NaN,NaN,NaN,NaN,NaN,NaN,56772
20200322,34103,2.960,25738,0,7600,10:15,Fine,NaN,NaN,NaN,NaN,NaN,NaN,56369
20200321,25344,2.200,12915,0,7335,15:15,Partly Cloudy,NaN,NaN,NaN,NaN,NaN,NaN,55964
20200320,37043,3.216,25239,0,7608,10:15,Fine,NaN,NaN,NaN,NaN,NaN,NaN,55555
20200319,39631,3.440,30655,0,7604,10:15,Fine,NaN,NaN,NaN,NaN,NaN,NaN,55143
20200318,20824,1.808,12676,0,6139,12:45,Partly Cloudy,NaN,NaN,NaN,NaN,NaN,NaN,54728
20200317,44955,3.902,36082,0,7607,12:00,Fine,NaN,NaN,NaN,NaN,NaN,NaN,54311
20200315,17947,1.558,5001,0,4779,13:30,Mostly Cloudy,NaN,NaN,NaN,NaN,NaN,NaN,53468
20200314,14481,1.257,8911,0,5148,12:15,Mostly Cloudy,NaN,NaN,NaN,NaN,NaN,NaN,53044
20200313,48479,4.208,39470,0,7609,10:45,Fine,NaN,NaN,NaN,NaN,NaN,NaN,52618
20200312,54398,4.722,36483,0,7602,13:00,Fine,NaN,NaN,NaN,NaN,NaN,NaN,52190
20200311,47495,4.123,41075,0,7604,11:15,Fine,NaN,NaN,NaN,NaN,NaN,NaN,51761
20200310,32943,2.860,29679,0,7604,12:00,Fine,NaN,NaN,NaN,NaN,NaN,NaN,51330
20200309,43025,3.735,37531,0,7604,11:30,Fine,NaN,NaN,NaN,NaN,NaN,NaN,50897
20200308,32816,2.849,26543,0,7582,11:15,Fine,NaN,NaN,NaN,NaN,NaN,NaN,50463
20200307,24095,2.092,16850,0,7602,11:00,Partly Cloudy,NaN,NaN,NaN,NaN,NaN,NaN,50028
20200306,47110,4.089,42618,0,7601,10:15,Fine,NaN,NaN,NaN,NaN,NaN,NaN,49591
20200305,49016,4.255,45595,0,7598,12:00,Fine,NaN,NaN,NaN,NaN,NaN,NaN,49154
20200304,51674,4.486,50009,0,7604,11:15,Fine,NaN,NaN,NaN,NaN,NaN,NaN,48717
20200303,52321,4.542,51643,0,7604,12:00,Fine,NaN,NaN,NaN,NaN,NaN,NaN,48279
20200302,52944,4.596,36423,0,7608,10:30,Fine,NaN,NaN,NaN,NaN,NaN,NaN,47842
20200301,38620,3.352,23630,0,7561,13:00,Fine,NaN,NaN,NaN,NaN,NaN,NaN,47404
20200229,53001,4.601,45142,0,7606,10:30,Fine,NaN,NaN,NaN,NaN,NaN,NaN,46967
20200228,42577,3.696,41693,0,7602,12:30,Fine,NaN,NaN,NaN,NaN,NaN,NaN,46529
20200227,50258,4.363,48020,0,7599,10:15,Fine,NaN,NaN,NaN,NaN,NaN,NaN,46092
20200226,50576,4.390,48722,0,7611,12:15,Fine,NaN,NaN,NaN,NaN,NaN,NaN,45656
20200225,50873,4.416,50193,0,7603,11:15,Fine,NaN,NaN,NaN,NaN,NaN,NaN,45221
20200224,35741,3.103,34717,0,7599,11:30,Fine,NaN,NaN,NaN,NaN,NaN,NaN,44786
20200223,37197,3.229,36465,0,7598,11:45,Fine,NaN,NaN,NaN,NaN,NaN,NaN,44353
20200222,45607,3.959,44443,0,7601,11:00,Fine,NaN,NaN,NaN,NaN,NaN,NaN,43922
20200221,35508,3.082,34249,0,7603,11:45,Fine,NaN,NaN,NaN,NaN,NaN,NaN,43493
20200220,46282,4.018,45146,0,7605,12:30,Fine,NaN,NaN,NaN,NaN,NaN,NaN,43065
20200219,48426,4.204,47609,0,7606,12:15,Fine,NaN,NaN,NaN,NaN,NaN,NaN,42640
20200218,49382,4.287,48480,0,7604,12:00,Fine,NaN,NaN,NaN,NaN,NaN,NaN,42216
20200217,45292,3.932,43645,0,7600,11:15,Fine,NaN,NaN,NaN,NaN,NaN,NaN,41795
20200216,46496,4.036,45139,0,7599,12:15,Fine,NaN,NaN,NaN,NaN,NaN,NaN,41377
20200215,46259,4.016,45282,0,7605,10:00,Fine,NaN,NaN,NaN,NaN,NaN,NaN,40961
20200214,37893,3.289,36599,0,7599,10:15,Fine,NaN,NaN,NaN,NaN,NaN,NaN,40549
20200213,47129,4.091,43871,0,7601,11:45,Fine,NaN,NaN,NaN,NaN,NaN,NaN,40140
20200212,47721,4.142,46133,0,7602,11:00,Fine,NaN,NaN,NaN,NaN,NaN,NaN,39735
20200211,48182,4.182,47509,0,7604,10:30,Fine,NaN,NaN,NaN,NaN,NaN,NaN,39333
20200210,48169,4.181,47462,0,7608,10:30,Fine,NaN,NaN,NaN,NaN,NaN,NaN,38935
20200209,42241,3.667,25821,0,7605,11:15,Fine,NaN,NaN,NaN,NaN,NaN,NaN,38541
20200208,36601,3.177,30095,0,7602,12:15,Fine,NaN,NaN,NaN,NaN,NaN,NaN,38151
20200207,40239,3.493,38715,0,7604,11:45,Fine,NaN,NaN,NaN,NaN,NaN,NaN,37766
20200206,44349,3.850,41937,0,7448,11:30,Fine,NaN,NaN,NaN,NaN,NaN,NaN,37385
20200205,43007,3.733,39698,0,7595,11:15,Fine,NaN,NaN,NaN,NaN,NaN,NaN,37010
20200204,45006,3.907,41452,0,7603,10:45,Fine,NaN,NaN,NaN,NaN,NaN,NaN,36639
20200203,47334,4.109,45520,0,7601,10:30,Fine,NaN,NaN,NaN,NaN,NaN,NaN,36274
20200202,37538,3.259,26045,0,7598,11:00,Fine,NaN,NaN,NaN,NaN,NaN,NaN,35913
20200201,42972,3.730,34669,0,7404,11:30,Fine,NaN,NaN,NaN,NaN,NaN,NaN,35559
20200131,39054,3.390,36026,0,7346,11:30,Fine,NaN,NaN,NaN,NaN,NaN,NaN,35210
20200130,12886,1.119,11632,0,4879,14:30,Mostly Cloudy,NaN,NaN,NaN,NaN,NaN,NaN,34868
20200129,33304,2.891,31883,0,7577,11:00,Fine,NaN,NaN,NaN,NaN,NaN,NaN,34531
20200128,20392,1.770,14954,0,7599,12:15,Fine,NaN,NaN,NaN,NaN,NaN,NaN,34201
20200127,38925,3.379,32981,0,7567,12:00,Fine,NaN,NaN,NaN,NaN,NaN,NaN,33877
20200126,25692,2.230,15506,0,7611,12:30,Fine,NaN,NaN,NaN,NaN,NaN,NaN,33559
20200125,34922,3.031,23349,0,7328,11:45,Fine,NaN,NaN,NaN,NaN,NaN,NaN,33249
20200124,40983,3.558,38786,0,7607,12:15,Fine,NaN,NaN,NaN,NaN,NaN,NaN,32945
20200123,23049,2.001,22458,0,7588,11:30,Fine,NaN,NaN,NaN,NaN,NaN,NaN,32649
20200122,17665,1.533,16220,0,5724,11:30,Partly Cloudy,NaN,NaN,NaN,NaN,NaN,NaN,32360
20200121,20747,1.801,17970,0,7598,10:45,Fine,NaN,NaN,NaN,NaN,NaN,NaN,32079
20200120,10753,0.933,3046,0,3263,14:30,Mostly Cloudy,NaN,NaN,NaN,NaN,NaN,NaN,31805
20200119,19093,1.657,13485,0,6450,12:00,Partly Cloudy,NaN,NaN,NaN,NaN,NaN,NaN,31538
20200118,30631,2.659,14285,0,7256,10:15,Fine,NaN,NaN,NaN,NaN,NaN,NaN,31280
20200117,35656,3.095,33961,0,7160,11:15,Fine,NaN,NaN,NaN,NaN,NaN,NaN,31029
20200116,9744,0.846,5881,0,4972,14:30,Mostly Cloudy,NaN,NaN,NaN,NaN,NaN,NaN,30787
20200115,23094,2.005,20682,0,4858,09:45,Fine,NaN,NaN,NaN,NaN,NaN,NaN,30553
20200114,26368,2.289,25282,0,7583,12:00,Fine,NaN,NaN,NaN,NaN,NaN,NaN,30327
20200113,32212,2.796,31601,0,7599,11:15,Fine,NaN,NaN,NaN,NaN,NaN,NaN,30110
20200112,26556,2.305,9636,0,7302,12:15,Fine,NaN,NaN,NaN,NaN,NaN,NaN,29901
20200111,26491,2.300,25031,0,7594,11:45,Fine,NaN,NaN,NaN,NaN,NaN,NaN,29702
20200110,36582,3.176,35112,0,6783,11:45,Fine,NaN,NaN,NaN,NaN,NaN,NaN,29511
20200109,19260,1.672,17424,0,7599,12:45,Partly Cloudy,NaN,NaN,NaN,NaN,NaN,NaN,29329
20200108,26334,2.286,24823,0,7606,10:45,Fine,NaN,NaN,NaN,NaN,NaN,NaN,29156
20200107,30620,2.658,30259,0,7054,11:45,Fine,NaN,NaN,NaN,NaN,NaN,NaN,28992
20200106,35635,3.093,34462,0,6622,11:45,Fine,NaN,NaN,NaN,NaN,NaN,NaN,28837
20200105,36373,3.157,30278,0,6784,11:45,Fine,NaN,NaN,NaN,NaN,NaN,NaN,28691
20200104,27183,2.360,17535,0,6990,10:15,Fine,NaN,NaN,NaN,NaN,NaN,NaN,28555
20200103,32436,2.816,26021,0,6351,10:30,Fine,NaN,NaN,NaN,NaN,NaN,NaN,28428
20200102,28475,2.472,24434,0,6807,10:15,Fine,NaN,NaN,NaN,NaN,NaN,NaN,28311
20200101,28196,2.448,21940,0,7237,11:15,Fine,NaN,NaN,NaN,NaN,NaN,NaN,28203
20191231,34366,2.983,30787,0,7560,10:30,Fine,NaN,NaN,NaN,NaN,NaN,NaN,28105
20191230,33017,2.866,30487,0,6248,11:30,Fine,NaN,NaN,NaN,NaN,NaN,NaN,28016
20191229,16389,1.423,6038,0,7209,09:30,Fine,NaN,NaN,NaN,NaN,NaN,NaN,27937
20191228,34776,3.019,31208,0,6450,11:45,Fine,NaN,NaN,NaN,NaN,NaN,NaN,27868
20191227,36199,3.142,30698,0,7149,11:30,Fine,NaN,NaN,NaN,NaN,NaN,NaN,27808
20191226,28669,2.489,17540,0,7176,10:30,Fine,NaN,NaN,NaN,NaN,NaN,NaN,27759
20191225,13708,1.190,5450,0,3082,12:15,Partly Cloudy,NaN,NaN,NaN,NaN,NaN,NaN,27719
20191224,16008,1.390,5551,0,5562,11:30,Fine,NaN,NaN,NaN,NaN,NaN,NaN,27689
20191223,15702,1.363,7952,0,7585,12:15,Fine,NaN,NaN,NaN,NaN,NaN,NaN,27669
20191222,14142,1.228,7039,0,7554,10:30,Partly Cloudy,NaN,NaN,NaN,NaN,NaN,NaN,27658
20191221,15481,1.344,10603,0,4164,10:15,Fine,NaN,NaN,NaN,NaN,NaN,NaN,27658
20191220,29259,2.540,26684,0,6587,11:45,Fine,NaN,NaN,NaN,NaN,NaN,NaN,27667
20191219,32624,2.832,20154,0,7235,11:30,Fine,NaN,NaN,NaN,NaN,NaN,NaN,27686
20191218,14879,1.292,8843,0,7580,12:00,Partly Cloudy,NaN,NaN,NaN,NaN,NaN,NaN,27715
20191217,18534,1.609,15402,0,4722,11:15,Fine,NaN,NaN,NaN,NaN,NaN,NaN,27754
20191216,34880,3.028,32520,0,6599,11:30,Fine,NaN,NaN,NaN,NaN,NaN,NaN,27802
20191215,35292,3.064,22363,0,7170,11:00,Fine,NaN,NaN,NaN,NaN,NaN,NaN,27861
20191214,23333,2.025,14071,0,7589,10:30,Fine,NaN,NaN,NaN,NaN,NaN,NaN,27929
20191213,15268,1.325,10782,0,4811,11:15,Fine,NaN,NaN,NaN,NaN,NaN,NaN,28006
20191212,16662,1.446,11393,0,5210,09:15,Fine,NaN,NaN,NaN,NaN,NaN,NaN,28094
20191211,9221,0.800,5218,0,2701,10:45,Mostly Cloudy,NaN,NaN,NaN,NaN,NaN,NaN,28190
20191210,32001,2.778,31514,0,6581,10:15,Fine,NaN,NaN,NaN,NaN,NaN,NaN,28297
20191209,14780,1.283,12984,0,5013,11:00,Partly Cloudy,NaN,NaN,NaN,NaN,NaN,NaN,28413
20191208,27403,2.379,17996,0,7601,11:30,Fine,NaN,NaN,NaN,NaN,NaN,NaN,28538
20191207,9023,0.783,4603,0,4158,11:15,Mostly Cloudy,NaN,NaN,NaN,NaN,NaN,NaN,28673
20191206,29780,2.585,28584,0,7605,11:00,Fine,NaN,NaN,NaN,NaN,NaN,NaN,28817
20191205,20663,1.794,19623,0,6111,12:00,Fine,NaN,NaN,NaN,NaN,NaN,NaN,28970
20191204,14474,1.256,13917,0,6348,13:00,Partly Cloudy,NaN,NaN,NaN,NaN,NaN,NaN,29132
20191203,18473,1.604,15437,0,7221,11:15,Fine,NaN,NaN,NaN,NaN,NaN,NaN,29303
20191202,4343,0.377,673,0,1142,12:00,Cloudy,NaN,NaN,NaN,NaN,NaN,NaN,29483
20191201,4943,0.429,523,0,1466,11:15,Cloudy,NaN,NaN,NaN,NaN,NaN,NaN,29672
20191130,4938,0.429,1324,0,1440,10:45,Cloudy,NaN,NaN,NaN,NaN,NaN,NaN,29870
20191129,28703,2.492,22078,0,7595,11:15,Fine,NaN,NaN,NaN,NaN,NaN,NaN,30076
20191128,32290,2.803,22016,0,7601,11:15,Fine,NaN,NaN,NaN,NaN,NaN,NaN,30292
20191127,19384,1.683,11195,0,7566,10:15,Fine,NaN,NaN,NaN,NaN,NaN,NaN,30515
20191126,15510,1.346,9049,0,6487,09:30,Partly Cloudy,NaN,NaN,NaN,NaN,NaN,NaN,30747
20191125,37283,3.236,34331,0,6789,11:15,Fine,NaN,NaN,NaN,NaN,NaN,NaN,30987
20191124,37038,3.215,28056,0,7056,11:15,Fine,NaN,NaN,NaN,NaN,NaN,NaN,31234
20191123,37053,3.216,28802,0,6673,11:15,Fine,NaN,NaN,NaN,NaN,NaN,NaN,31489
20191122,37545,3.259,35483,0,6684,10:45,Fine,NaN,NaN,NaN,NaN,NaN,NaN,31752
20191121,37350,3.242,37002,0,6714,11:00,Fine,NaN,NaN,NaN,NaN,NaN,NaN,32022
20191120,27914,2.423,26056,0,7578,10:30,Fine,NaN,NaN,NaN,NaN,NaN,NaN,32304
20191119,35903,3.117,35431,0,7442,10:30,Fine,NaN,NaN,NaN,NaN,NaN,NaN,32590
20191118,38072,3.305,36179,0,6770,11:00,Fine,NaN,NaN,NaN,NaN,NaN,NaN,32882
20191117,37740,3.276,31829,0,6707,11:00,Fine,NaN,NaN,NaN,NaN,NaN,NaN,33182
20191116,31494,2.734,26675,0,6779,11:00,Fine,NaN,NaN,NaN,NaN,NaN,NaN,33487
20191115,37644,3.268,37195,0,6761,11:15,Fine,NaN,NaN,NaN,NaN,NaN,NaN,33799
20191114,28965,2.514,28380,0,7602,10:15,Fine,NaN,NaN,NaN,NaN,NaN,NaN,34125
20191113,30905,2.683,30591,0,7145,11:15,Fine,NaN,NaN,NaN,NaN,NaN,NaN,34451
20191112,35485,3.080,34131,0,6302,10:00,Fine,NaN,NaN,NaN,NaN,NaN,NaN,34783
20191111,38926,3.379,36612,0,7054,10:45,Fine,NaN,NaN,NaN,NaN,NaN,NaN,35120
20191110,35559,3.087,24253,0,7096,10:45,Fine,NaN,NaN,NaN,NaN,NaN,NaN,35462
20191109,37264,3.235,27419,0,7088,10:45,Fine,NaN,NaN,NaN,NaN,NaN,NaN,35810
20191108,33628,2.919,31983,0,7205,10:45,Fine,NaN,NaN,NaN,NaN,NaN,NaN,36176
20191107,30990,2.690,30303,0,7340,10:30,Fine,NaN,NaN,NaN,NaN,NaN,NaN,36536
20191106,37620,3.266,36885,0,7606,10:15,Fine,NaN,NaN,NaN,NaN,NaN,NaN,36901
20191105,42621,3.700,42189,0,7221,10:45,Fine,NaN,NaN,NaN,NaN,NaN,NaN,37270
20191104,43192,3.749,39250,0,7268,10:45,Fine,NaN,NaN,NaN,NaN,NaN,NaN,37644
20191103,43459,3.772,38910,0,7321,10:45,Fine,NaN,NaN,NaN,NaN,NaN,NaN,36696
20191102,43672,3.791,34039,0,7570,11:30,Fine,NaN,NaN,NaN,NaN,NaN,NaN,38419
20191101,46349,4.023,42680,0,7596,12:00,Fine,NaN,NaN,NaN,NaN,NaN,NaN,38807
20191031,45724,3.969,42159,0,7594,12:00,Fine,NaN,NaN,NaN,NaN,NaN,NaN,39198
20191030,45367,3.938,43074,0,7449,11:45,Fine,NaN,NaN,NaN,NaN,NaN,NaN,39593
20191029,44109,3.829,43561,0,7292,11:15,Fine,NaN,NaN,NaN,NaN,NaN,NaN,40006
20191028,47382,4.113,41935,0,7609,11:15,Fine,NaN,NaN,NaN,NaN,NaN,NaN,40409
20191027,48260,4.189,47126,0,7600,13:00,Fine,NaN,NaN,NaN,NaN,NaN,NaN,40815
20191026,44582,3.870,43964,0,7544,11:30,Fine,NaN,NaN,NaN,NaN,NaN,NaN,41223
20191025,45812,3.977,45220,0,7552,11:45,Fine,NaN,NaN,NaN,NaN,NaN,NaN,41634
20191024,46713,4.055,45110,0,7605,11:45,Fine,NaN,NaN,NaN,NaN,NaN,NaN,42063
20191023,47474,4.121,45103,0,7608,11:15,Fine,NaN,NaN,NaN,NaN,NaN,NaN,42482
20191022,48133,4.178,46396,0,7595,12:15,Fine,NaN,NaN,NaN,NaN,NaN,NaN,42901
20191021,48833,4.239,43825,0,7604,11:00,Fine,NaN,NaN,NaN,NaN,NaN,NaN,43323
20191020,43606,3.785,36505,0,7601,12:00,Fine,NaN,NaN,NaN,NaN,NaN,NaN,43758
20191019,43828,3.805,35679,0,7607,10:45,Fine,NaN,NaN,NaN,NaN,NaN,NaN,44185
20191018,44039,3.823,39211,0,7609,11:00,Fine,NaN,NaN,NaN,NaN,NaN,NaN,44613
20191016,36765,3.191,30424,0,7609,10:45,Fine,NaN,NaN,NaN,NaN,NaN,NaN,45481
20191015,48316,4.194,47739,0,7605,12:30,Fine,NaN,NaN,NaN,NaN,NaN,NaN,45914
20191014,50140,4.352,47671,0,7605,11:45,Fine,NaN,NaN,NaN,NaN,NaN,NaN,46347
20191013,49096,4.262,43772,0,7601,11:30,Fine,NaN,NaN,NaN,NaN,NaN,NaN,46780
20191012,50286,4.365,49362,0,7604,12:30,Fine,NaN,NaN,NaN,NaN,NaN,NaN,47214
20191011,49352,4.284,48676,0,7600,10:45,Fine,NaN,NaN,NaN,NaN,NaN,NaN,47656
20191010,4942,0.429,4284,0,4676,15:15,Showers,NaN,NaN,NaN,NaN,NaN,NaN,48091
20191009,52349,4.544,51434,0,7605,11:15,Fine,NaN,NaN,NaN,NaN,NaN,NaN,48526
20191008,51711,4.489,51265,0,7610,13:15,Fine,NaN,NaN,NaN,NaN,NaN,NaN,48960
20191007,49549,4.301,47995,0,7605,13:00,Fine,NaN,NaN,NaN,NaN,NaN,NaN,49400
20191006,48877,4.243,45589,0,7600,11:30,Fine,NaN,NaN,NaN,NaN,NaN,NaN,49835
20191005,52836,4.586,48709,0,7602,13:30,Fine,NaN,NaN,NaN,NaN,NaN,NaN,50268
20191004,53827,4.672,52226,0,7603,12:30,Fine,NaN,NaN,NaN,NaN,NaN,NaN,50700
20191003,53914,4.680,48516,0,7605,10:15,Fine,NaN,NaN,NaN,NaN,NaN,NaN,51134
20191002,53982,4.686,48564,0,7603,10:15,Fine,NaN,NaN,NaN,NaN,NaN,NaN,51566
20191001,53734,4.664,49473,0,7607,13:30,Fine,NaN,NaN,NaN,NaN,NaN,NaN,51995
20190930,53442,4.639,50786,0,7605,11:15,Fine,NaN,NaN,NaN,NaN,NaN,NaN,52423
20190929,53011,4.602,48101,0,7603,11:00,Fine,NaN,NaN,NaN,NaN,NaN,NaN,52849
20190928,47523,4.125,39801,0,7617,11:00,Fine,NaN,NaN,NaN,NaN,NaN,NaN,53275
20190927,46168,4.008,45282,0,7603,10:15,Partly Cloudy,NaN,NaN,NaN,NaN,NaN,NaN,53698
20190926,53699,4.661,52243,0,7605,12:45,Fine,NaN,NaN,NaN,NaN,NaN,NaN,54119
20190925,52454,4.553,51535,0,7606,13:15,Fine,NaN,NaN,NaN,NaN,NaN,NaN,54537
20190924,54906,4.766,50885,0,7600,10:45,Fine,NaN,NaN,NaN,NaN,NaN,NaN,54953
20190923,54608,4.740,51077,0,7610,13:45,Fine,NaN,NaN,NaN,NaN,NaN,NaN,55367
20190922,52901,4.592,49540,0,7599,10:30,Fine,NaN,NaN,NaN,NaN,NaN,NaN,55778
20190921,56393,4.895,55624,0,7602,13:00,Fine,NaN,NaN,NaN,NaN,NaN,NaN,56187
20190920,56817,4.932,56013,0,7605,12:15,Fine,NaN,NaN,NaN,NaN,NaN,NaN,56591
20190919,57413,4.984,56716,0,7606,12:45,Fine,NaN,NaN,NaN,NaN,NaN,NaN,56994
20190918,28228,2.450,27193,0,7569,14:15,Mostly Cloudy,NaN,NaN,NaN,NaN,NaN,NaN,57394
20190917,58234,5.055,57694,0,7600,13:45,Fine,NaN,NaN,NaN,NaN,NaN,NaN,57791
20190916,42355,3.677,38748,0,7599,11:00,Partly Cloudy,NaN,NaN,NaN,NaN,NaN,NaN,58183
20190915,54278,4.712,47596,0,7601,13:00,Fine,NaN,NaN,NaN,NaN,NaN,NaN,58572
20190914,55770,4.841,41960,0,7609,11:30,Fine,NaN,NaN,NaN,NaN,NaN,NaN,58959
20190913,56000,4.861,51956,0,7607,12:15,Fine,NaN,NaN,NaN,NaN,NaN,NaN,59342
20190912,56374,4.894,55728,0,7606,11:45,Fine,NaN,NaN,NaN,NaN,NaN,NaN,59720
20190911,57018,4.949,55495,0,7610,10:45,Fine,NaN,NaN,NaN,NaN,NaN,NaN,60095
20190910,57783,5.016,57127,0,7609,11:00,Fine,NaN,NaN,NaN,NaN,NaN,NaN,60466
20190909,58538,5.081,55841,0,7605,12:30,Fine,NaN,NaN,NaN,NaN,NaN,NaN,60833
20190908,58594,5.086,51436,0,7606,13:30,Fine,NaN,NaN,NaN,NaN,NaN,NaN,61197
20190907,27137,2.356,23649,0,7597,13:45,Mostly Cloudy,NaN,NaN,NaN,NaN,NaN,NaN,61555
20190906,58971,5.119,58247,0,7608,11:00,Fine,NaN,NaN,NaN,NaN,NaN,NaN,61909
20190905,40471,3.513,39154,0,7607,11:00,Partly Cloudy,NaN,NaN,NaN,NaN,NaN,NaN,62260
20190904,57899,5.026,56917,0,7608,10:45,Fine,NaN,NaN,NaN,NaN,NaN,NaN,62607
20190903,59574,5.171,55169,0,7600,10:30,Fine,NaN,NaN,NaN,NaN,NaN,NaN,62948
20190902,58954,5.118,58954,0,7606,13:00,Fine,NaN,NaN,NaN,NaN,NaN,NaN,63285
20190901,59193,5.138,58626,0,7603,12:00,Fine,NaN,NaN,NaN,NaN,NaN,NaN,63617
20190831,60529,5.254,57718,0,7602,10:45,Fine,NaN,NaN,NaN,NaN,NaN,NaN,63946
20190830,60763,5.275,56244,0,7609,13:45,Fine,NaN,NaN,NaN,NaN,NaN,NaN,64270
20190829,57063,4.953,56133,0,7607,12:00,Fine,NaN,NaN,NaN,NaN,NaN,NaN,64589
20190828,57225,4.967,52291,0,7612,12:30,Fine,NaN,NaN,NaN,NaN,NaN,NaN,64903
20190827,56937,4.942,56315,0,7609,10:15,Fine,NaN,NaN,NaN,NaN,NaN,NaN,65211
20190826,61060,5.300,58826,0,7610,13:45,Fine,NaN,NaN,NaN,NaN,NaN,NaN,65517
20190825,60291,5.234,59090,0,7607,13:00,Fine,NaN,NaN,NaN,NaN,NaN,NaN,65817
20190824,60406,5.244,40457,0,7617,13:30,Fine,NaN,NaN,NaN,NaN,NaN,NaN,66112
20190823,60583,5.259,55922,0,7605,12:45,Fine,NaN,NaN,NaN,NaN,NaN,NaN,66401
20190822,51503,4.471,49939,0,7607,14:00,Fine,NaN,NaN,NaN,NaN,NaN,NaN,66686
20190821,61904,5.374,61225,0,7606,12:30,Fine,NaN,NaN,NaN,NaN,NaN,NaN,66966
20190820,54173,4.703,51989,0,7608,12:15,Fine,NaN,NaN,NaN,NaN,NaN,NaN,67242
20190819,54440,4.726,49697,0,7609,13:45,Fine,NaN,NaN,NaN,NaN,NaN,NaN,67512
20190818,63194,5.486,56451,0,7604,12:00,Fine,NaN,NaN,NaN,NaN,NaN,NaN,67777
20190817,63078,5.476,57543,0,7625,13:15,Fine,NaN,NaN,NaN,NaN,NaN,NaN,68037
20190816,62940,5.464,58157,0,7606,10:30,Fine,NaN,NaN,NaN,NaN,NaN,NaN,68292
20190815,62565,5.431,58040,0,7612,10:30,Fine,NaN,NaN,NaN,NaN,NaN,NaN,68543
20190814,62790,5.451,59598,0,7609,13:15,Fine,NaN,NaN,NaN,NaN,NaN,NaN,68789
20190813,63577,5.519,62312,0,7608,12:00,Fine,NaN,NaN,NaN,NaN,NaN,NaN,69029
20190812,63464,5.509,48727,0,7616,12:30,Fine,NaN,NaN,NaN,NaN,NaN,NaN,69264
20190811,63190,5.485,46823,0,7605,10:15,Fine,NaN,NaN,NaN,NaN,NaN,NaN,69494
20190810,60430,5.246,57181,0,7601,11:00,Fine,NaN,NaN,NaN,NaN,NaN,NaN,69718
20190809,57437,4.986,50252,0,7611,10:45,Fine,NaN,NaN,NaN,NaN,NaN,NaN,69939
20190808,63636,5.524,57560,0,7606,10:30,Fine,NaN,NaN,NaN,NaN,NaN,NaN,70155
20190807,64727,5.619,50061,0,7606,11:30,Fine,NaN,NaN,NaN,NaN,NaN,NaN,70365
20190806,64332,5.584,58270,0,7610,13:30,Fine,NaN,NaN,NaN,NaN,NaN,NaN,70571
20190805,59664,5.179,50999,0,7606,11:45,Fine,NaN,NaN,NaN,NaN,NaN,NaN,70771
20190804,61897,5.373,54758,0,7602,12:30,Fine,NaN,NaN,NaN,NaN,NaN,NaN,70966
20190803,65868,5.718,59650,0,7606,10:15,Fine,NaN,NaN,NaN,NaN,NaN,NaN,71156
20190802,65851,5.716,59116,0,7608,13:45,Fine,NaN,NaN,NaN,NaN,NaN,NaN,71342
20190801,65394,5.677,59997,0,7609,11:30,Fine,NaN,NaN,NaN,NaN,NaN,NaN,71523
20190731,66705,5.790,63677,0,7603,10:15,Fine,NaN,NaN,NaN,NaN,NaN,NaN,71699
20190730,66568,5.778,57677,0,7607,10:30,Fine,NaN,NaN,NaN,NaN,NaN,NaN,71871
20190729,67078,5.823,56432,0,7608,11:45,Fine,NaN,NaN,NaN,NaN,NaN,NaN,72037
20190728,65940,5.724,62842,0,7608,13:15,Fine,NaN,NaN,NaN,NaN,NaN,NaN,72198
20190727,67311,5.843,60089,0,7607,10:30,Fine,NaN,NaN,NaN,NaN,NaN,NaN,72355
20190726,66876,5.805,58769,0,7604,10:00,Fine,NaN,NaN,NaN,NaN,NaN,NaN,72507
20190725,64625,5.610,46245,0,7608,10:45,Fine,NaN,NaN,NaN,NaN,NaN,NaN,72654
20190724,66709,5.791,57871,0,7608,12:30,Fine,NaN,NaN,NaN,NaN,NaN,NaN,72797
20190723,67699,5.877,62549,0,7608,12:45,Fine,NaN,NaN,NaN,NaN,NaN,NaN,72935
20190722,66917,5.809,59867,0,7606,13:45,Fine,NaN,NaN,NaN,NaN,NaN,NaN,73069
20190721,62907,5.461,58356,0,7604,13:45,Fine,NaN,NaN,NaN,NaN,NaN,NaN,73199
20190720,62124,5.393,49980,0,7605,14:30,Fine,NaN,NaN,NaN,NaN,NaN,NaN,73323
20190719,67857,5.890,58725,0,7604,10:15,Fine,NaN,NaN,NaN,NaN,NaN,NaN,73443
20190718,67690,5.876,61048,0,7606,10:00,Fine,NaN,NaN,NaN,NaN,NaN,NaN,73559
20190717,68159,5.917,59433,0,7612,14:00,Fine,NaN,NaN,NaN,NaN,NaN,NaN,73670
20190716,68573,5.953,60148,0,7610,11:00,Fine,NaN,NaN,NaN,NaN,NaN,NaN,73777
20190715,68929,5.983,61383,0,7613,14:45,Fine,NaN,NaN,NaN,NaN,NaN,NaN,73879
20190714,69122,6.000,61842,0,7608,13:45,Fine,NaN,NaN,NaN,NaN,NaN,NaN,73977
20190713,68981,5.988,62851,0,7604,10:30,Fine,NaN,NaN,NaN,NaN,NaN,NaN,74071
20190712,67922,5.896,61005,0,7603,11:45,Fine,NaN,NaN,NaN,NaN,NaN,NaN,74160
20190711,69160,6.003,58961,0,7606,11:45,Fine,NaN,NaN,NaN,NaN,NaN,NaN,74245
20190710,50298,4.366,46841,0,7606,12:45,Partly Cloudy,NaN,NaN,NaN,NaN,NaN,NaN,74326
20190709,69780,6.057,62440,0,7607,12:15,Fine,NaN,NaN,NaN,NaN,NaN,NaN,74403
20190708,69716,6.052,56625,0,7604,12:15,Fine,NaN,NaN,NaN,NaN,NaN,NaN,74475
20190707,59191,5.138,50226,0,7602,13:45,Fine,NaN,NaN,NaN,NaN,NaN,NaN,74544
20190706,69524,6.035,55272,0,7633,12:45,Fine,NaN,NaN,NaN,NaN,NaN,NaN,74608
20190705,69510,6.034,51883,0,7608,10:30,Fine,NaN,NaN,NaN,NaN,NaN,NaN,74668
20190704,69963,6.073,65695,0,7605,11:30,Fine,NaN,NaN,NaN,NaN,NaN,NaN,74725
20190703,70342,6.106,68506,0,7608,11:45,Fine,NaN,NaN,NaN,NaN,NaN,NaN,74777
20190702,71675,6.222,69588,0,7604,13:15,Fine,NaN,NaN,NaN,NaN,NaN,NaN,74825
20190701,70556,6.125,68200,0,7603,09:45,Fine,NaN,NaN,NaN,NaN,NaN,NaN,74869
20190630,70551,6.124,61117,0,7607,10:45,Fine,NaN,NaN,NaN,NaN,NaN,NaN,74909
20190629,67075,5.822,66574,0,7603,10:00,Fine,NaN,NaN,NaN,NaN,NaN,NaN,74945
20190628,55902,4.853,55293,0,7604,13:30,Partly Cloudy,NaN,NaN,NaN,NaN,NaN,NaN,74978
20190627,72156,6.264,69803,0,7602,11:00,Fine,NaN,NaN,NaN,NaN,NaN,NaN,75006
20190626,70828,6.148,70090,0,7603,14:15,Fine,NaN,NaN,NaN,NaN,NaN,NaN,75030
20190625,70596,6.128,68461,0,7604,11:45,Fine,NaN,NaN,NaN,NaN,NaN,NaN,75051
20190624,69016,5.991,65115,0,7608,11:45,Fine,NaN,NaN,NaN,NaN,NaN,NaN,75067
20190623,69858,6.064,69192,0,7603,12:30,Fine,NaN,NaN,NaN,NaN,NaN,NaN,75080
20190622,70441,6.115,68778,0,7606,14:30,Fine,NaN,NaN,NaN,NaN,NaN,NaN,75088
20190621,64605,5.608,60062,0,7606,10:15,Fine,NaN,NaN,NaN,NaN,NaN,NaN,75093
20190620,70416,6.112,69072,0,7607,13:30,Fine,NaN,NaN,NaN,NaN,NaN,NaN,75094
20190619,63160,5.483,60608,0,7609,12:45,Fine,NaN,NaN,NaN,NaN,NaN,NaN,75090
20190618,69626,6.044,68356,0,7609,13:30,Fine,NaN,NaN,NaN,NaN,NaN,NaN,75083
20190617,66838,5.802,63047,0,7605,12:45,Fine,NaN,NaN,NaN,NaN,NaN,NaN,75072
20190616,53968,4.685,53070,0,7600,14:15,Partly Cloudy,NaN,NaN,NaN,NaN,NaN,NaN,75057
20190615,62652,5.439,61874,0,7608,12:30,Fine,NaN,NaN,NaN,NaN,NaN,NaN,75038
20190614,52670,4.572,48409,0,7607,13:30,Partly Cloudy,NaN,NaN,NaN,NaN,NaN,NaN,75015
20190613,69806,6.060,65929,0,7605,10:15,Fine,NaN,NaN,NaN,NaN,NaN,NaN,74988
20190612,69062,5.995,65777,0,7604,14:15,Fine,NaN,NaN,NaN,NaN,NaN,NaN,74957
20190611,67036,5.819,58268,0,7610,09:45,Fine,NaN,NaN,NaN,NaN,NaN,NaN,74922
20190610,66161,5.743,57716,0,7608,13:15,Fine,NaN,NaN,NaN,NaN,NaN,NaN,74882
20190609,68530,5.949,62213,0,7602,13:00,Fine,NaN,NaN,NaN,NaN,NaN,NaN,74839
20190608,71354,6.194,69060,0,7607,14:15,Fine,NaN,NaN,NaN,NaN,NaN,NaN,74792
20190607,69189,6.006,67642,0,7604,14:00,Fine,NaN,NaN,NaN,NaN,NaN,NaN,74741
20190606,71355,6.194,67843,0,7603,12:00,Fine,NaN,NaN,NaN,NaN,NaN,NaN,74686
20190605,70096,6.085,59173,0,7611,11:30,Fine,NaN,NaN,NaN,NaN,NaN,NaN,74626
20190604,69612,6.043,64000,0,7603,13:15,Fine,NaN,NaN,NaN,NaN,NaN,NaN,74563
20190603,63098,5.477,56823,0,7606,11:30,Fine,NaN,NaN,NaN,NaN,NaN,NaN,74495
20190602,67775,5.883,62363,0,7598,08:45,Fine,NaN,NaN,NaN,NaN,NaN,NaN,74423
20190601,68374,5.935,55906,0,7601,11:15,Fine,NaN,NaN,NaN,NaN,NaN,NaN,74346
20190531,67133,5.828,59930,0,7603,11:15,Fine,NaN,NaN,NaN,NaN,NaN,NaN,74265
20190530,56857,4.936,51094,0,7604,12:00,Fine,NaN,NaN,NaN,NaN,NaN,NaN,74180
20190529,65881,5.719,59949,0,7608,10:45,Fine,NaN,NaN,NaN,NaN,NaN,NaN,74090
20190528,60986,5.294,48809,0,7606,09:30,Fine,NaN,NaN,NaN,NaN,NaN,NaN,73996
20190527,45634,3.961,37740,0,7599,11:30,Partly Cloudy,NaN,NaN,NaN,NaN,NaN,NaN,73898
20190526,36333,3.154,28825,0,7599,13:00,Partly Cloudy,NaN,NaN,NaN,NaN,NaN,NaN,73796
20190525,62478,5.423,51885,0,7620,14:30,Fine,NaN,NaN,NaN,NaN,NaN,NaN,73689
20190524,64882,5.632,60314,0,7605,10:45,Fine,NaN,NaN,NaN,NaN,NaN,NaN,73578
20190523,59216,5.140,52274,0,7607,13:00,Fine,NaN,NaN,NaN,NaN,NaN,NaN,73461
20190522,56044,4.865,48949,0,7601,10:30,Fine,NaN,NaN,NaN,NaN,NaN,NaN,73341
20190521,29511,2.562,23083,0,7600,12:15,Mostly Cloudy,NaN,NaN,NaN,NaN,NaN,NaN,73215
20190520,53470,4.641,45299,0,7607,14:00,Partly Cloudy,NaN,NaN,NaN,NaN,NaN,NaN,73085
20190518,25351,2.201,16184,0,6816,08:30,Mostly Cloudy,NaN,NaN,NaN,NaN,NaN,NaN,72809
20190517,37913,3.291,32957,0,7605,10:30,Partly Cloudy,NaN,NaN,NaN,NaN,NaN,NaN,72665
20190516,30799,2.674,25905,0,7596,10:30,Mostly Cloudy,NaN,NaN,NaN,NaN,NaN,NaN,72517
20190515,23068,2.002,18194,0,7226,13:30,Cloudy,NaN,NaN,NaN,NaN,NaN,NaN,72363
20190514,47857,4.154,45039,0,7602,12:15,Partly Cloudy,NaN,NaN,NaN,NaN,NaN,NaN,72204
20190513,66553,5.777,63936,0,7604,12:15,Fine,NaN,NaN,NaN,NaN,NaN,NaN,72040
20190512,60194,5.225,47039,0,7605,10:30,Fine,NaN,NaN,NaN,NaN,NaN,NaN,71872
20190511,62430,5.419,58916,0,7603,10:45,Fine,NaN,NaN,NaN,NaN,NaN,NaN,71698
20190510,58062,5.040,56416,0,7606,12:30,Fine,NaN,NaN,NaN,NaN,NaN,NaN,71519
20190509,35272,3.062,29825,0,5263,13:00,Mostly Cloudy,NaN,NaN,NaN,NaN,NaN,NaN,71335
20190508,53260,4.623,51444,0,7606,11:45,Partly Cloudy,NaN,NaN,NaN,NaN,NaN,NaN,71146
20190507,53315,4.628,49726,0,7603,14:45,Partly Cloudy,NaN,NaN,NaN,NaN,NaN,NaN,70952
20190506,41052,3.564,39248,0,7596,11:45,Partly Cloudy,NaN,NaN,NaN,NaN,NaN,NaN,70754
20190505,59472,5.162,52459,0,7606,10:15,Fine,NaN,NaN,NaN,NaN,NaN,NaN,70550
20190504,62064,5.388,47233,0,7606,14:15,Fine,NaN,NaN,NaN,NaN,NaN,NaN,70341
20190503,65286,5.667,63397,0,7601,11:15,Fine,NaN,NaN,NaN,NaN,NaN,NaN,70126
20190502,66193,5.746,63994,0,7605,12:30,Fine,NaN,NaN,NaN,NaN,NaN,NaN,69907
20190501,66108,5.739,62146,0,7607,15:00,Fine,NaN,NaN,NaN,NaN,NaN,NaN,69682
20190430,57559,4.996,48298,0,7605,15:15,Fine,NaN,NaN,NaN,NaN,NaN,NaN,69452
20190429,65521,5.688,61154,0,7603,13:15,Fine,NaN,NaN,NaN,NaN,NaN,NaN,69216
20190428,58377,5.067,48009,0,7603,12:30,Fine,NaN,NaN,NaN,NaN,NaN,NaN,68976
20190427,61800,5.365,61270,0,7603,10:00,Fine,NaN,NaN,NaN,NaN,NaN,NaN,68730
20190426,64996,5.642,59787,0,7604,11:15,Fine,NaN,NaN,NaN,NaN,NaN,NaN,68480
20190425,62811,5.452,52228,0,7606,11:45,Fine,NaN,NaN,NaN,NaN,NaN,NaN,68224
20190424,63483,5.511,58366,0,7607,11:30,Fine,NaN,NaN,NaN,NaN,NaN,NaN,67963
20190423,63620,5.523,57980,0,7602,10:15,Fine,NaN,NaN,NaN,NaN,NaN,NaN,67697
20190422,64744,5.620,64185,0,7604,12:30,Fine,NaN,NaN,NaN,NaN,NaN,NaN,67425
20190421,64825,5.627,64326,0,7602,11:30,Fine,NaN,NaN,NaN,NaN,NaN,NaN,67148
20190420,32821,2.849,32094,0,7605,14:00,Partly Cloudy,NaN,NaN,NaN,NaN,NaN,NaN,66866
20190419,58674,5.093,48396,0,7599,11:45,Fine,NaN,NaN,NaN,NaN,NaN,NaN,66579
20190418,62755,5.447,58431,0,7605,11:15,Fine,NaN,NaN,NaN,NaN,NaN,NaN,66286
20190417,63890,5.546,61393,0,7609,12:15,Fine,NaN,NaN,NaN,NaN,NaN,NaN,65989
20190416,47921,4.160,43911,0,7601,15:00,Fine,NaN,NaN,NaN,NaN,NaN,NaN,65687
20190415,42619,3.700,40902,0,7601,10:00,Partly Cloudy,NaN,NaN,NaN,NaN,NaN,NaN,65380
20190414,59653,5.178,49049,0,7600,12:00,Fine,NaN,NaN,NaN,NaN,NaN,NaN,65067
20190413,61297,5.321,50466,0,7607,10:45,Fine,NaN,NaN,NaN,NaN,NaN,NaN,64750
20190412,62953,5.465,61774,0,7606,13:15,Fine,NaN,NaN,NaN,NaN,NaN,NaN,64428
20190411,50350,4.371,49040,0,7599,11:00,Fine,NaN,NaN,NaN,NaN,NaN,NaN,64100
20190410,61544,5.342,59851,0,7613,13:30,Fine,NaN,NaN,NaN,NaN,NaN,NaN,63768
20190409,47422,4.116,45231,0,7604,14:30,Fine,NaN,NaN,NaN,NaN,NaN,NaN,63431
20190408,47048,4.084,44147,0,7601,12:45,Fine,NaN,NaN,NaN,NaN,NaN,NaN,63089
20190407,59657,5.179,54859,0,7607,13:00,Fine,NaN,NaN,NaN,NaN,NaN,NaN,62743
20190406,44468,3.860,28855,0,7605,14:45,Fine,NaN,NaN,NaN,NaN,NaN,NaN,62392
20190405,27600,2.396,22986,0,7599,14:45,Mostly Cloudy,NaN,NaN,NaN,NaN,NaN,NaN,62037
20190404,31662,2.748,30162,0,6438,13:00,Partly Cloudy,NaN,NaN,NaN,NaN,NaN,NaN,61678
20190403,31297,2.717,25215,0,7574,10:00,Partly Cloudy,NaN,NaN,NaN,NaN,NaN,NaN,61314
20190402,30550,2.652,21572,0,7630,13:15,Partly Cloudy,NaN,NaN,NaN,NaN,NaN,NaN,60945
20190401,32482,2.820,29618,0,5960,10:15,Partly Cloudy,NaN,NaN,NaN,NaN,NaN,NaN,60573
20190331,59267,5.145,45942,0,7605,11:30,Fine,NaN,NaN,NaN,NaN,NaN,NaN,60196
20190330,58393,5.069,51382,0,7624,13:30,Fine,NaN,NaN,NaN,NaN,NaN,NaN,59815
20190329,52676,4.573,50820,0,7611,12:00,Fine,NaN,NaN,NaN,NaN,NaN,NaN,59430
20190328,39825,3.457,32845,0,7601,12:00,Fine,NaN,NaN,NaN,NaN,NaN,NaN,59041
20190327,19629,1.704,17765,0,7587,15:00,Mostly Cloudy,NaN,NaN,NaN,NaN,NaN,NaN,58649
20190326,42458,3.686,41653,0,7604,11:15,Fine,NaN,NaN,NaN,NaN,NaN,NaN,58252
20190325,32383,2.811,32383,0,6424,10:30,Fine,NaN,NaN,NaN,NaN,NaN,NaN,57853
20190324,48913,4.246,0,0,7598,11:30,Fine,NaN,NaN,NaN,NaN,NaN,NaN,57450
20190323,47475,4.121,46822,0,7605,13:30,Fine,NaN,NaN,NaN,NaN,NaN,NaN,57044
20190322,21189,1.839,16765,0,7232,11:30,Partly Cloudy,NaN,NaN,NaN,NaN,NaN,NaN,56635
20190321,54800,4.757,53745,0,7606,13:45,Fine,NaN,NaN,NaN,NaN,NaN,NaN,56223
20190320,31151,2.704,28843,0,7603,11:15,Fine,NaN,NaN,NaN,NaN,NaN,NaN,55807
20190319,36816,3.196,35091,0,6989,12:00,Fine,NaN,NaN,NaN,NaN,NaN,NaN,55389
20190318,53549,4.648,51418,0,7602,11:45,Fine,NaN,NaN,NaN,NaN,NaN,NaN,54968
20190317,48830,4.239,43439,0,7602,14:30,Fine,NaN,NaN,NaN,NaN,NaN,NaN,54544
20190316,53393,4.635,48615,0,7606,14:00,Fine,NaN,NaN,NaN,NaN,NaN,NaN,54118
20190315,53069,4.607,51834,0,7604,13:45,Fine,NaN,NaN,NaN,NaN,NaN,NaN,53690
20190314,52820,4.585,51945,0,7602,13:30,Fine,NaN,NaN,NaN,NaN,NaN,NaN,53260
20190313,53418,4.637,52790,0,7601,11:45,Fine,NaN,NaN,NaN,NaN,NaN,NaN,52829
20190312,43480,3.774,42848,0,7606,11:45,Fine,NaN,NaN,NaN,NaN,NaN,NaN,52395
20190311,50391,4.374,48740,0,7607,13:15,Fine,NaN,NaN,NaN,NaN,NaN,NaN,51960
20190310,36116,3.135,34670,0,7591,11:00,Fine,NaN,NaN,NaN,NaN,NaN,NaN,51523
20190309,27384,2.377,27121,0,6395,14:15,Partly Cloudy,NaN,NaN,NaN,NaN,NaN,NaN,51085
20190308,31655,2.748,28852,0,7602,13:30,Fine,NaN,NaN,NaN,NaN,NaN,NaN,50645
20190307,16717,1.451,14691,0,7593,11:15,Mostly Cloudy,NaN,NaN,NaN,NaN,NaN,NaN,50205
20190306,14286,1.240,11896,0,4518,12:15,Mostly Cloudy,NaN,NaN,NaN,NaN,NaN,NaN,49764
20190305,17939,1.557,16004,0,6498,12:45,Mostly Cloudy,9,11,NaN,NaN,NaN,NaN,49322
20190304,34738,3.015,34322,0,7083,12:45,Fine,8,14,NaN,NaN,NaN,NaN,48880
20190303,14088,1.223,11657,0,3081,13:15,Mostly Cloudy,9,15,NaN,NaN,NaN,NaN,48438
20190302,16903,1.467,15664,0,6597,11:30,Mostly Cloudy,11,16,NaN,NaN,NaN,NaN,47996
20190301,20638,1.791,17986,0,4021,14:00,Partly Cloudy,6,14,NaN,NaN,NaN,NaN,47554
20190228,31796,2.760,31068,0,7595,10:45,Partly Cloudy,8,14,NaN,NaN,NaN,NaN,47112
20190227,20480,1.778,19501,0,7595,10:15,Mostly Cloudy,10,15,NaN,NaN,NaN,NaN,46670
20190226,9100,0.790,4029,0,2232,13:30,Cloudy,11,15,NaN,NaN,NaN,NaN,46229
20190225,17232,1.496,16306,0,5920,09:00,Mostly Cloudy,8,12,NaN,NaN,NaN,NaN,45789
20190224,40259,3.495,37348,0,7603,13:30,Fine,7,16,NaN,NaN,NaN,NaN,45350
20190223,33204,2.882,31661,0,7603,11:00,Fine,5,15,NaN,NaN,NaN,NaN,44912
20190222,38896,3.376,38436,0,7610,13:00,Fine,3,13,NaN,NaN,NaN,NaN,44477
20190221,35513,3.083,28809,0,7606,11:50,Fine,3,12,NaN,NaN,NaN,NaN,44042
20190220,30212,2.623,25420,0,7602,11:00,Partly Cloudy,6,12,NaN,NaN,NaN,NaN,43610
20190219,38880,3.375,37648,0,7601,12:50,Fine,2,13,NaN,NaN,NaN,NaN,43179
20190218,38515,3.343,35385,0,7602,10:30,Fine,2,12,NaN,NaN,NaN,NaN,42751
20190217,29462,2.557,22279,0,7603,13:00,Partly Cloudy,4,10,NaN,NaN,NaN,NaN,42325
20190216,21150,1.836,16940,0,7603,12:50,Mostly Cloudy,5,10,NaN,NaN,NaN,NaN,41902
20190215,15299,1.328,11825,0,7601,10:30,Mostly Cloudy,5,10,NaN,NaN,NaN,NaN,41481
20190214,8795,0.763,8261,0,4630,14:50,Cloudy,8,17,NaN,NaN,NaN,NaN,41064
20190213,17563,1.525,17196,0,6155,14:50,Mostly Cloudy,10,17,NaN,NaN,NaN,NaN,40650
20190212,9374,0.814,8662,0,2306,11:20,Cloudy,5,14,NaN,NaN,NaN,NaN,40240
20190211,35538,3.085,34962,0,7598,12:20,Fine,4,13,NaN,NaN,NaN,NaN,39833
20190210,28094,2.439,25052,0,7600,11:30,Partly Cloudy,3,10,NaN,NaN,NaN,NaN,39430
20190209,18440,1.601,16730,0,7589,12:30,Mostly Cloudy,4,11,NaN,NaN,NaN,NaN,39031
20190208,11741,1.019,10423,0,4576,10:50,Cloudy,6,11,NaN,NaN,NaN,NaN,38636
20190207,37459,3.252,36808,0,7610,13:00,Fine,4,14,NaN,NaN,NaN,NaN,38246
20190206,37905,3.290,37905,0,7603,12:00,Fine,3,11,NaN,NaN,NaN,NaN,37860
20190205,35724,3.101,35724,0,7603,12:45,Fine,3,9,NaN,NaN,NaN,NaN,37480
20190204,15020,1.304,14785,0,6324,11:45,Mostly Cloudy,4,9,NaN,NaN,NaN,NaN,37104
20190203,15040,1.306,14552,0,5566,12:45,Mostly Cloudy,10,13,NaN,NaN,NaN,NaN,36733
20190202,15359,1.333,15179,0,6903,13:30,Mostly Cloudy,10,14,NaN,NaN,NaN,NaN,36368
20190201,13659,1.186,13483,0,3784,10:15,Cloudy,11,14,NaN,NaN,NaN,NaN,36008
20190131,21181,1.839,21181,0,7604,11:00,Fine,10,17,NaN,NaN,NaN,NaN,35655
20190130,32130,2.789,32130,0,7277,12:15,Fine,9,20,NaN,NaN,NaN,NaN,35307
20190129,30151,2.617,28065,0,7419,11:45,Fine,10,18,NaN,NaN,NaN,NaN,34966
20190128,24052,2.088,24052,0,6962,11:00,Fine,11,19,NaN,NaN,NaN,NaN,34631
20190127,34583,3.002,34583,0,7585,11:15,Fine,9,19,NaN,NaN,NaN,NaN,34302
20190126,29732,2.581,27289,0,5304,13:45,Fine,11,19,NaN,NaN,NaN,NaN,33979
20190125,36421,3.162,36421,0,7207,12:15,Fine,7,19,NaN,NaN,NaN,NaN,33664
20190124,35567,3.087,35563,0,7007,12:00,Fine,8,20,NaN,NaN,NaN,NaN,33356
20190123,35734,3.102,35277,0,7185,12:00,Fine,7,16,NaN,NaN,NaN,NaN,33055
20190122,34978,3.036,34900,0,7549,12:15,Fine,6,14,NaN,NaN,NaN,NaN,32761
20190121,33156,2.878,33156,0,7599,11:45,Fine,7,13,NaN,NaN,NaN,NaN,32475
20190120,11249,0.976,9473,0,3154,15:30,Mostly Cloudy,7,16,NaN,NaN,NaN,NaN,32196
20190119,32147,2.791,32147,0,7224,12:00,Fine,12,20,NaN,NaN,NaN,NaN,31925
20190118,25010,2.171,25010,0,6807,11:45,Fine,11,18,NaN,NaN,NaN,NaN,31662
20190117,11049,0.959,11049,0,3389,12:15,Mostly Cloudy,11,14,NaN,NaN,NaN,NaN,31407
20190116,10949,0.950,10949,0,3942,11:15,Mostly Cloudy,12,16,NaN,NaN,NaN,NaN,31161
20190115,6394,0.555,6262,0,1402,10:20,Cloudy,11,13,NaN,NaN,NaN,NaN,30922
20190114,12995,1.128,12963,0,4800,12:55,Mostly Cloudy,10,13,NaN,NaN,NaN,NaN,30692
20190113,22971,1.994,22924,0,4956,10:10,Fine,9,16,NaN,NaN,NaN,NaN,30470
20190112,27428,2.381,26904,0,6780,11:30,Fine,10,16,NaN,NaN,NaN,NaN,30257
20190111,15506,1.346,15506,0,4036,11:00,Partly Cloudy,10,18,NaN,NaN,NaN,NaN,30053
20190110,33022,2.866,33022,0,6884,11:45,Fine,8,17,NaN,NaN,NaN,NaN,29858
20190109,19086,1.657,19033,0,7035,11:20,Partly Cloudy,11,16,NaN,NaN,NaN,NaN,29672
20190108,6183,0.537,6159,0,1707,12:35,Cloudy,13,15,NaN,NaN,NaN,NaN,29495
20190107,21966,1.907,21934,0,5940,12:05,Fine,10,15,NaN,NaN,NaN,NaN,29327
20190106,3384,0.294,2843,0,1056,11:05,Showers,9,14,NaN,NaN,NaN,NaN,29169
20190105,7008,0.608,5889,0,2337,10:20,Cloudy,9,13,NaN,NaN,NaN,NaN,29019
20190104,30609,2.657,30541,0,7044,11:50,Fine,5,17,NaN,NaN,NaN,NaN,28879
20190103,33264,2.888,33264,0,6812,11:50,Fine,5,14,NaN,NaN,NaN,NaN,28749
20190102,32451,2.817,32085,0,6816,11:50,Fine,5,14,NaN,NaN,NaN,NaN,28628
20190101,34185,2.967,34185,0,7140,11:50,Fine,3,13,NaN,NaN,NaN,NaN,28517
20181231,33393,2.899,33393,0,7213,11:50,Fine,4,12,NaN,NaN,NaN,NaN,28415
20181230,24162,2.097,23903,0,7582,11:35,Fine,6,13,NaN,NaN,NaN,NaN,28323
20181229,30387,2.638,30387,0,6427,11:50,Fine,6,15,NaN,NaN,NaN,NaN,28241
20181228,31617,2.745,31617,0,6672,11:50,Fine,6,14,NaN,NaN,NaN,NaN,28169
20181227,32736,2.842,32721,0,6992,11:50,Fine,6,14,NaN,NaN,NaN,NaN,28106
20181226,28497,2.474,28497,0,6586,11:35,Fine,7,13,NaN,NaN,NaN,NaN,28054
20181225,32166,2.792,31616,0,6825,11:35,Fine,7,13,NaN,NaN,NaN,NaN,28011
20181224,9678,0.840,9610,0,4470,12:05,Mostly Cloudy,10,14,NaN,NaN,NaN,NaN,27978
20181223,24906,2.162,24901,0,6548,11:35,Fine,8,15,NaN,NaN,NaN,NaN,27956
20181222,28815,2.501,28815,0,6543,11:35,Fine,7,15,NaN,NaN,NaN,NaN,27943
20181221,15951,1.385,15617,0,6788,12:05,Fine,10,15,NaN,NaN,NaN,NaN,27940
20181220,12210,1.060,12210,0,3858,08:35,Partly Cloudy,8,11,NaN,NaN,NaN,NaN,27946
20181218,31191,2.708,31186,0,6552,11:35,Fine,8,17,NaN,NaN,NaN,NaN,27990
20181217,30318,2.632,30318,0,6613,11:35,Fine,9,15,NaN,NaN,NaN,NaN,28027
20181216,8355,0.725,8328,0,4968,09:05,Mostly Cloudy,11,16,NaN,NaN,NaN,NaN,28074
20181215,25608,2.223,24634,0,7294,11:20,Fine,10,17,NaN,NaN,NaN,NaN,28130
20181214,11308,0.982,10634,0,4575,14:20,Partly Cloudy,10,16,NaN,NaN,NaN,NaN,28196
20181213,30240,2.625,30240,0,6325,11:35,Fine,8,18,NaN,NaN,NaN,NaN,28273
20181212,20238,1.757,20238,0,7567,11:35,Fine,10,16,NaN,NaN,NaN,NaN,28358
20181211,26958,2.340,26958,0,6839,10:05,Fine,5,14,NaN,NaN,NaN,NaN,28454
20181210,17019,1.477,17009,0,4936,12:05,Fine,6,14,NaN,NaN,NaN,NaN,28559
20181209,21522,1.868,21435,0,6206,10:20,Fine,8,12,NaN,NaN,NaN,NaN,28674
20181208,32292,2.803,32249,0,6585,11:35,Fine,8,17,NaN,NaN,NaN,NaN,28798
20181207,31527,2.737,31527,0,6771,11:20,Fine,9,17,NaN,NaN,NaN,NaN,28932
20181206,30018,2.606,30018,0,6578,11:35,Fine,9,16,NaN,NaN,NaN,NaN,29075
20181205,18420,1.599,18307,0,7596,12:05,Fine,8,15,NaN,NaN,NaN,NaN,29227
20181204,7347,0.638,7281,0,2044,13:05,Mostly Cloudy,8,14,NaN,NaN,NaN,NaN,29389
20181203,30717,2.666,30704,0,6849,11:50,Fine,6,15,NaN,NaN,NaN,NaN,29560
20181202,32820,2.849,32767,0,6867,11:35,Fine,6,14,NaN,NaN,NaN,NaN,29740
20181201,15561,1.351,15455,0,7592,12:05,Fine,8,13,NaN,NaN,NaN,NaN,29928
20181130,33099,2.873,33099,0,7288,11:35,Fine,9,14,NaN,NaN,NaN,NaN,30126
20181129,8538,0.741,8534,0,6147,13:50,Mostly Cloudy,11,14,NaN,NaN,NaN,NaN,30332
20181128,10527,0.914,10492,0,4137,14:20,Mostly Cloudy,13,16,NaN,NaN,NaN,NaN,30548
20181127,12630,1.096,12628,0,3276,11:35,Partly Cloudy,10,16,NaN,NaN,NaN,NaN,30771
20181126,29706,2.579,29535,0,6351,12:50,Fine,10,20,NaN,NaN,NaN,NaN,31003
20181125,33426,2.902,33426,0,6824,11:20,Fine,9,18,NaN,NaN,NaN,NaN,31244
20181124,18300,1.589,17607,0,5731,10:35,Fine,10,16,NaN,NaN,NaN,NaN,31492
20181123,6879,0.597,5300,0,2153,11:50,Cloudy,12,15,NaN,NaN,NaN,NaN,31748
20181122,23616,2.050,17309,0,7528,10:20,Fine,12,18,NaN,NaN,NaN,NaN,32011
20181121,7830,0.680,3108,0,3219,11:20,Mostly Cloudy,13,17,NaN,NaN,NaN,NaN,32282
20181120,29502,2.561,26959,0,5861,11:50,Fine,8,19,NaN,NaN,NaN,NaN,32565
20181119,27633,2.399,6545,0,5692,11:20,Fine,9,19,NaN,NaN,NaN,NaN,32852
20181118,28215,2.449,23876,0,6422,11:50,Fine,7,17,NaN,NaN,NaN,NaN,33146
20181117,31053,2.696,23836,0,5989,11:35,Fine,9,18,NaN,NaN,NaN,NaN,33446
20181116,30024,2.606,14444,0,5970,11:35,Fine,9,20,NaN,NaN,NaN,NaN,33753
20181115,27963,2.427,23594,0,6015,11:20,Fine,10,19,NaN,NaN,NaN,NaN,34066
20181114,32814,2.848,29542,0,6293,11:35,Fine,9,19,NaN,NaN,NaN,NaN,34395
20181113,21064,1.828,19847,0,5385,10:50,Fine,11,16,NaN,NaN,NaN,NaN,34722
20181112,35132,3.050,35132,0,6672,11:25,Fine,NaN,NaN,NaN,NaN,NaN,NaN,35056
20181111,0,0.000,0,0,NaN,NaN,Not Sure,9,21,NaN,NaN,NaN,NaN,35395
20181110,0,0.000,0,0,NaN,NaN,Not Sure,10,15,NaN,NaN,NaN,NaN,35740
20181109,0,0.000,0,0,NaN,NaN,Not Sure,11,19,NaN,NaN,NaN,NaN,36090
20181108,0,0.000,0,0,NaN,NaN,Not Sure,13,22,NaN,NaN,NaN,NaN,36457
20181107,0,0.000,0,0,NaN,NaN,Not Sure,14,23,NaN,NaN,NaN,NaN,36820
20181106,0,0.000,0,0,NaN,NaN,Not Sure,11,27,NaN,NaN,NaN,NaN,37188
20181105,0,0.000,0,0,NaN,NaN,Not Sure,12,23,NaN,NaN,NaN,NaN,37560
20181104,0,0.000,0,0,NaN,NaN,Not Sure,13,22,NaN,NaN,NaN,NaN,36433
20181103,0,0.000,0,0,NaN,NaN,Not Sure,14,25,NaN,NaN,NaN,NaN,38329
20181102,0,0.000,0,0,NaN,NaN,Not Sure,14,25,NaN,NaN,NaN,NaN,38716
20181101,0,0.000,0,0,NaN,NaN,Not Sure,17,28,NaN,NaN,NaN,NaN,39107
20181031,0,0.000,0,0,NaN,NaN,Not Sure,12,24,NaN,NaN,NaN,NaN,39501
20181030,0,0.000,0,0,NaN,NaN,Not Sure,10,21,NaN,NaN,NaN,NaN,39899
20181029,0,0.000,0,0,NaN,NaN,Not Sure,11,19,NaN,NaN,NaN,NaN,40315
20181028,0,0.000,0,0,NaN,NaN,Not Sure,13,22,NaN,NaN,NaN,NaN,40722
20181027,0,0.000,0,0,NaN,NaN,Not Sure,14,24,NaN,NaN,NaN,NaN,41131
20181026,0,0.000,0,0,NaN,NaN,Not Sure,12,26,NaN,NaN,NaN,NaN,41543
20181025,0,0.000,0,0,NaN,NaN,Not Sure,12,24,NaN,NaN,NaN,NaN,41958
20181024,0,0.000,0,0,NaN,NaN,Not Sure,10,22,NaN,NaN,NaN,NaN,42390
20181023,0,0.000,0,0,NaN,NaN,Not Sure,10,19,NaN,NaN,NaN,NaN,42812
20181022,0,0.000,0,0,NaN,NaN,Not Sure,11,20,NaN,NaN,NaN,NaN,43236
20181021,0,0.000,0,0,NaN,NaN,Not Sure,10,20,NaN,NaN,NaN,NaN,43661
20181020,0,0.000,0,0,NaN,NaN,Not Sure,12,25,NaN,NaN,NaN,NaN,44099
20181019,0,0.000,0,0,NaN,NaN,Not Sure,13,26,NaN,NaN,NaN,NaN,44530
20181018,0,0.000,0,0,NaN,NaN,Not Sure,10,22,NaN,NaN,NaN,NaN,44963
20181017,0,0.000,0,0,NaN,NaN,Not Sure,10,24,NaN,NaN,NaN,NaN,45396
20181016,0,0.000,0,0,NaN,NaN,Not Sure,14,26,NaN,NaN,NaN,NaN,45839
20181015,0,0.000,0,0,NaN,NaN,Not Sure,13,27,NaN,NaN,NaN,NaN,46276
20181014,0,0.000,0,0,NaN,NaN,Not Sure,10,23,NaN,NaN,NaN,NaN,46713
20181013,0,0.000,0,0,NaN,NaN,Not Sure,14,26,NaN,NaN,NaN,NaN,47150
20181012,0,0.000,0,0,NaN,NaN,Not Sure,12,27,NaN,NaN,NaN,NaN,47589
20181011,0,0.000,0,0,NaN,NaN,Not Sure,11,21,NaN,NaN,NaN,NaN,48035
20181010,0,0.000,0,0,NaN,NaN,Not Sure,12,21,NaN,NaN,NaN,NaN,48474
20181009,0,0.000,0,0,NaN,NaN,Not Sure,13,26,NaN,NaN,NaN,NaN,48913
20181008,0,0.000,0,0,NaN,NaN,Not Sure,16,28,NaN,NaN,NaN,NaN,49352
20181007,0,0.000,0,0,NaN,NaN,Not Sure,15,26,NaN,NaN,NaN,NaN,49796
20181006,0,0.000,0,0,NaN,NaN,Not Sure,13,22,NaN,NaN,NaN,NaN,50235
20181005,0,0.000,0,0,NaN,NaN,Not Sure,11,23,NaN,NaN,NaN,NaN,50674
20181004,0,0.000,0,0,NaN,NaN,Not Sure,-17,22,NaN,NaN,NaN,NaN,51110
20181003,0,0.000,0,0,NaN,NaN,Not Sure,16,25,NaN,NaN,NaN,NaN,51549
20181002,0,0.000,0,0,NaN,NaN,Not Sure,17,27,NaN,NaN,NaN,NaN,51985
20181001,0,0.000,0,0,NaN,NaN,Not Sure,14,26,NaN,NaN,NaN,NaN,52419
20180930,0,0.000,0,0,NaN,NaN,Not Sure,13,24,NaN,NaN,NaN,NaN,52852
20180929,0,0.000,0,0,NaN,NaN,Not Sure,12,24,NaN,NaN,NaN,NaN,53283
20180928,0,0.000,0,0,NaN,NaN,Not Sure,12,21,NaN,NaN,NaN,NaN,53713
20180927,0,0.000,0,0,NaN,NaN,Not Sure,-17,25,NaN,NaN,NaN,NaN,54141
20180926,0,0.000,0,0,NaN,NaN,Not Sure,-17,30,NaN,NaN,NaN,NaN,54566
20180925,0,0.000,0,0,NaN,NaN,Not Sure,12,28,NaN,NaN,NaN,NaN,54989
20180924,0,0.000,0,0,NaN,NaN,Not Sure,-17,31,NaN,NaN,NaN,NaN,55410
20180923,0,0.000,0,0,NaN,NaN,Not Sure,-17,27,NaN,NaN,NaN,NaN,55829
20180922,0,0.000,0,0,NaN,NaN,Not Sure,12,27,NaN,NaN,NaN,NaN,56245
20180921,4035,0.350,3863,0,3936,08:50,Showers,-17,30,NaN,NaN,NaN,NaN,56658
20180920,50823,4.412,48209,0,7607,12:50,Fine,15,32,NaN,NaN,NaN,NaN,57068
20180919,52260,4.536,51688,0,7603,13:20,Fine,9,26,NaN,NaN,NaN,NaN,57476
20180918,52842,4.587,51589,0,7607,12:05,Fine,-17,24,NaN,NaN,NaN,NaN,57880
20180917,53001,4.601,51637,0,7600,12:05,Fine,11,23,NaN,NaN,NaN,NaN,58282
20180916,53622,4.655,47712,0,7604,13:50,Fine,11,23,NaN,NaN,NaN,NaN,58679
20180915,53784,4.669,51623,0,7603,14:05,Fine,11,21,NaN,NaN,NaN,NaN,59073
20180914,51786,4.495,50731,0,7602,10:20,Fine,11,25,NaN,NaN,NaN,NaN,59464
20180913,50664,4.398,47810,0,7609,13:50,Fine,12,22,NaN,NaN,NaN,NaN,59852
20180912,54681,4.747,53643,0,7605,11:35,Fine,12,22,NaN,NaN,NaN,NaN,60235
20180911,54831,4.760,53179,0,7605,12:35,Fine,13,28,NaN,NaN,NaN,NaN,60614
20180910,55137,4.786,54030,0,7602,13:50,Fine,12,29,NaN,NaN,NaN,NaN,60990
20180909,54954,4.770,50903,0,7605,10:50,Fine,12,28,NaN,NaN,NaN,NaN,61362
20180908,55482,4.816,50321,0,7606,12:35,Fine,14,29,NaN,NaN,NaN,NaN,61730
20180907,56031,4.864,53062,0,7607,13:05,Fine,13,29,NaN,NaN,NaN,NaN,62094
20180906,52638,4.569,52052,0,7610,12:35,Fine,12,25,NaN,NaN,NaN,NaN,62452
20180905,39910,3.464,37541,0,7604,13:05,Partly Cloudy,-17,26,NaN,NaN,NaN,NaN,62807
20180904,53037,4.604,48296,0,7604,11:05,Fine,-17,27,NaN,NaN,NaN,NaN,63159
20180903,55611,4.827,49386,0,7606,13:35,Fine,12,26,NaN,NaN,NaN,NaN,63505
20180902,56349,4.891,51316,0,7601,12:35,Fine,12,28,NaN,NaN,NaN,NaN,63846
20180901,52947,4.596,47664,0,7602,10:35,Fine,-17,26,NaN,NaN,NaN,NaN,64183
20180831,54813,4.758,51061,0,7603,13:05,Fine,14,26,NaN,NaN,NaN,NaN,64516
20180830,52869,4.589,48168,0,7608,11:20,Fine,14,23,NaN,NaN,NaN,NaN,64844
20180829,59466,5.162,57533,0,7606,11:05,Fine,13,26,NaN,NaN,NaN,NaN,65168
20180828,48066,4.172,47142,0,7607,12:05,Partly Cloudy,14,23,NaN,NaN,NaN,NaN,65486
20180827,59292,5.147,58808,0,7610,10:35,Fine,12,25,NaN,NaN,NaN,NaN,65799
20180826,59943,5.203,54290,0,7617,10:35,Fine,11,26,NaN,NaN,NaN,NaN,66108
20180825,53841,4.674,47348,0,7601,11:50,Fine,-17,26,NaN,NaN,NaN,NaN,66412
20180824,53607,4.653,50358,0,7609,12:05,Fine,14,24,NaN,NaN,NaN,NaN,66712
20180823,50613,4.393,46977,0,7608,11:20,Fine,-17,24,NaN,NaN,NaN,NaN,67005
20180822,51504,4.471,49566,0,7605,10:35,Fine,-17,26,NaN,NaN,NaN,NaN,67294
20180821,45582,3.957,41642,0,7606,13:20,Partly Cloudy,13,23,NaN,NaN,NaN,NaN,67578
20180820,53916,4.680,50348,0,7608,10:20,Fine,11,27,NaN,NaN,NaN,NaN,67858
20180819,59796,5.191,57565,0,7606,14:20,Fine,12,28,NaN,NaN,NaN,NaN,68132
20180818,61575,5.345,54642,0,7608,10:20,Fine,14,31,NaN,NaN,NaN,NaN,68401
20180817,60075,5.215,58439,0,7608,12:20,Fine,13,30,NaN,NaN,NaN,NaN,68665
20180816,61026,5.297,58943,0,7607,11:50,Fine,14,26,NaN,NaN,NaN,NaN,68924
20180815,54195,4.704,52954,0,7604,12:20,Fine,15,23,NaN,NaN,NaN,NaN,69178
20180814,58788,5.103,40541,0,7603,13:20,Fine,13,22,NaN,NaN,NaN,NaN,69428
20180813,62127,5.393,57650,0,7606,11:35,Fine,14,25,NaN,NaN,NaN,NaN,69672
20180812,61788,5.364,58850,0,7606,12:35,Fine,16,31,NaN,NaN,NaN,NaN,69910
20180811,58629,5.089,50360,0,7604,13:35,Fine,17,32,NaN,NaN,NaN,NaN,70144
20180810,62985,5.467,58039,0,7608,11:50,Fine,14,33,NaN,NaN,NaN,NaN,70372
20180809,62211,5.400,57578,0,7603,11:50,Fine,12,33,NaN,NaN,NaN,NaN,70596
20180808,59052,5.126,51514,0,7621,14:05,Fine,-17,29,NaN,NaN,NaN,NaN,70815
20180807,52929,4.595,44676,0,6748,10:35,Fine,13,26,NaN,NaN,NaN,NaN,71029
20180806,59091,5.129,53394,0,7606,12:35,Fine,14,31,NaN,NaN,NaN,NaN,71237
20180805,65466,5.683,61961,0,7602,10:35,Fine,13,29,NaN,NaN,NaN,NaN,71441
20180804,64830,5.628,63316,0,7605,11:05,Fine,18,30,NaN,NaN,NaN,NaN,71639
20180803,64881,5.632,59825,0,7608,11:35,Fine,13,31,NaN,NaN,NaN,NaN,71832
20180802,65817,5.713,55469,0,7609,11:05,Fine,11,28,NaN,NaN,NaN,NaN,72021
20180801,65508,5.686,64463,0,7608,10:20,Fine,12,27,NaN,NaN,NaN,NaN,72205
20180731,65178,5.658,60959,0,7607,12:35,Fine,13,27,NaN,NaN,NaN,NaN,72384
20180730,66768,5.796,66283,0,7608,09:35,Fine,12,28,NaN,NaN,NaN,NaN,72559
20180729,62028,5.384,61641,0,7606,12:20,Fine,12,27,NaN,NaN,NaN,NaN,72728
20180728,60459,5.248,59829,0,7605,11:35,Fine,11,27,NaN,NaN,NaN,NaN,72892
20180727,63480,5.510,62799,0,7601,12:35,Fine,13,27,NaN,NaN,NaN,NaN,73051
20180726,66006,5.730,65491,0,7607,09:50,Fine,13,27,NaN,NaN,NaN,NaN,73206
20180725,67095,5.824,66572,0,7610,10:05,Fine,14,32,NaN,NaN,NaN,NaN,73356
20180724,66915,5.809,66422,0,7610,13:35,Fine,14,30,NaN,NaN,NaN,NaN,73501
20180723,67260,5.839,66637,0,7611,13:50,Fine,15,29,NaN,NaN,NaN,NaN,73642
20180722,66402,5.764,65897,0,7607,12:20,Fine,15,28,NaN,NaN,NaN,NaN,73778
20180720,65601,5.695,65008,0,7609,13:20,Fine,15,31,NaN,NaN,NaN,NaN,74037
20180719,64119,5.566,53314,0,7605,11:05,Fine,14,31,NaN,NaN,NaN,NaN,74159
20180718,67803,5.886,65478,0,7601,11:50,Fine,13,29,NaN,NaN,NaN,NaN,74277
20180717,64668,5.614,59108,0,7609,13:20,Fine,13,28,NaN,NaN,NaN,NaN,74391
20180716,68208,5.921,57446,0,7608,13:35,Fine,13,28,NaN,NaN,NaN,NaN,74500
20180715,66465,5.770,63848,0,7605,13:05,Fine,14,26,NaN,NaN,NaN,NaN,74604
20180714,64875,5.632,63783,0,7605,13:35,Fine,15,27,NaN,NaN,NaN,NaN,74704
20180713,61698,5.356,0,0,7608,10:35,Fine,17,29,NaN,NaN,NaN,NaN,74800
20180712,63453,5.508,0,0,7605,12:20,Fine,14,30,NaN,NaN,NaN,NaN,74891
20180711,69429,6.027,0,0,7609,13:20,Fine,13,30,NaN,NaN,NaN,NaN,74978
20180710,69585,6.040,0,0,7608,09:50,Fine,16,31,NaN,NaN,NaN,NaN,75061
20180709,69672,6.048,68531,0,7606,11:35,Fine,14,32,NaN,NaN,NaN,NaN,75139
20180708,69963,6.073,64614,0,7604,13:20,Fine,13,30,NaN,NaN,NaN,NaN,75213
20180707,64281,5.580,60525,0,7608,11:50,Fine,16,30,NaN,NaN,NaN,NaN,75284
20180706,59562,5.170,52151,0,7610,13:05,Fine,17,31,NaN,NaN,NaN,NaN,75349
20180705,67026,5.818,61357,0,7608,10:20,Fine,11,28,NaN,NaN,NaN,NaN,75411
20180704,69930,6.070,66327,0,7606,10:50,Fine,12,26,NaN,NaN,NaN,NaN,75469
20180703,70842,6.149,64800,0,7609,10:50,Fine,11,27,NaN,NaN,NaN,NaN,75523
20180702,60213,5.227,53188,0,7603,12:50,Fine,13,25,NaN,NaN,NaN,NaN,75572
20180701,70173,6.091,65501,0,7606,11:05,Fine,14,27,NaN,NaN,NaN,NaN,75618
20180630,70230,6.096,67716,0,7606,14:20,Fine,15,32,NaN,NaN,NaN,NaN,75659
20180629,70395,6.111,63910,0,7607,12:35,Fine,11,31,NaN,NaN,NaN,NaN,75697
20180628,71421,6.200,68356,0,7609,09:20,Fine,10,25,NaN,NaN,NaN,NaN,75730
20180627,72003,6.250,67846,0,7606,10:50,Fine,10,25,NaN,NaN,NaN,NaN,75760
20180626,71895,6.241,68734,0,7610,14:05,Fine,12,27,NaN,NaN,NaN,NaN,75785
20180625,60531,5.254,55725,0,7604,13:50,Fine,14,27,NaN,NaN,NaN,NaN,75807
20180624,70605,6.129,67821,0,7626,10:50,Fine,13,29,NaN,NaN,NaN,NaN,75824
20180623,70935,6.158,65090,0,7605,12:50,Fine,16,37,NaN,NaN,NaN,NaN,75838
20180622,71646,6.219,71646,0,7607,12:05,Fine,13,33,NaN,NaN,NaN,NaN,75848
20180621,72468,6.291,0,0,7608,09:05,Fine,9,27,NaN,NaN,NaN,NaN,75853
20180620,69039,5.993,0,0,7608,10:50,Fine,11,24,NaN,NaN,NaN,NaN,75855
20180619,66750,5.794,0,0,7603,14:05,Fine,12,26,NaN,NaN,NaN,NaN,75853
20180618,65997,5.729,0,0,7607,09:50,Fine,12,26,NaN,NaN,NaN,NaN,75846
20180617,55845,4.848,0,0,7603,11:35,Partly Cloudy,12,23,NaN,NaN,NaN,NaN,75836
20180616,72024,6.252,0,0,7604,12:50,Fine,11,23,NaN,NaN,NaN,NaN,75822
20180615,71985,6.249,71825,0,7608,10:50,Fine,10,24,NaN,NaN,NaN,NaN,75804
20180614,71853,6.237,68518,0,7602,13:20,Fine,12,29,NaN,NaN,NaN,NaN,75781
20180613,71907,6.242,62495,0,7611,09:20,Fine,12,30,NaN,NaN,NaN,NaN,75755
20180612,71556,6.211,68908,0,7610,12:50,Fine,-17,33,NaN,NaN,NaN,NaN,75724
20180611,71802,6.233,67935,0,7608,14:05,Fine,10,27,NaN,NaN,NaN,NaN,75690
20180610,71334,6.192,69173,0,7605,13:50,Fine,10,22,NaN,NaN,NaN,NaN,75651
20180609,55773,4.841,51585,0,7627,12:20,Partly Cloudy,-17,19,NaN,NaN,NaN,NaN,75608
20180608,71358,6.194,68400,0,7609,14:50,Fine,11,25,NaN,NaN,NaN,NaN,75561
20180607,57078,4.955,52745,0,7605,14:35,Partly Cloudy,12,22,NaN,NaN,NaN,NaN,75511
20180606,65705,5.704,62641,0,7607,10:50,Fine,9,19,NaN,NaN,NaN,NaN,75456
20180605,71457,6.203,65856,0,7610,09:35,Fine,10,23,NaN,NaN,NaN,NaN,75397
20180604,71916,6.243,68311,0,7607,10:50,Fine,13,24,NaN,NaN,NaN,NaN,75334
20180603,70389,6.110,69735,0,7604,12:20,Fine,15,32,NaN,NaN,NaN,NaN,75266
20180602,70875,6.152,70349,0,7608,10:20,Fine,15,32,NaN,NaN,NaN,NaN,75195
20180601,71583,6.214,68751,0,7619,09:20,Fine,8,25,NaN,NaN,NaN,NaN,75118
20180531,46362,4.024,43974,0,7601,12:20,Partly Cloudy,9,16,NaN,NaN,NaN,NaN,75038
20180530,67950,5.898,65741,0,7605,09:50,Fine,10,19,NaN,NaN,NaN,NaN,74953
20180529,70101,6.085,64662,0,7606,13:50,Fine,14,30,NaN,NaN,NaN,NaN,74863
20180528,70230,6.096,67787,0,7605,10:05,Fine,14,32,NaN,NaN,NaN,NaN,74769
20180527,70791,6.145,67391,0,7603,14:50,Fine,10,26,NaN,NaN,NaN,NaN,74671
20180526,42630,3.701,40476,0,7595,14:50,Partly Cloudy,11,19,NaN,NaN,NaN,NaN,74569
20180525,30072,2.610,27241,0,7573,11:35,Mostly Cloudy,11,16,NaN,NaN,NaN,NaN,74462
20180524,29049,2.522,26896,0,6050,13:50,Mostly Cloudy,11,16,NaN,NaN,NaN,NaN,74350
20180523,44925,3.900,43771,0,7603,14:05,Partly Cloudy,11,20,NaN,NaN,NaN,NaN,74234
20180522,48066,4.172,45113,0,7606,10:50,Partly Cloudy,11,19,NaN,NaN,NaN,NaN,74113
20180521,67857,5.890,66004,0,7608,11:35,Fine,11,22,NaN,NaN,NaN,NaN,73988
20180520,52206,4.532,47197,0,7602,14:20,Partly Cloudy,10,18,NaN,NaN,NaN,NaN,73857
20180519,59928,5.202,54454,0,7607,11:20,Fine,11,19,NaN,NaN,NaN,NaN,73722
20180518,48138,4.179,48138,0,7609,12:35,Partly Cloudy,11,20,NaN,NaN,NaN,NaN,73581
20180517,65310,5.669,0,0,7609,12:05,Fine,10,21,NaN,NaN,NaN,NaN,73437
20180516,56652,4.918,55734,0,7608,10:35,Fine,9,19,NaN,NaN,NaN,NaN,73288
20180515,55230,4.794,54568,0,7608,14:50,Fine,10,20,NaN,NaN,NaN,NaN,73134
20180514,56835,4.934,56012,0,7607,10:20,Fine,10,12,NaN,NaN,NaN,NaN,72974
20180513,68187,5.919,64200,0,7607,11:20,Fine,NaN,NaN,NaN,NaN,NaN,NaN,72810
20180512,68466,5.943,64017,0,7608,11:20,Fine,NaN,NaN,NaN,NaN,NaN,NaN,72641
20180511,67914,5.895,62348,0,7608,14:20,Fine,8,24,NaN,NaN,NaN,NaN,72467
20180510,67962,5.899,65363,0,7608,10:50,Fine,9,23,NaN,NaN,NaN,NaN,72287
20180509,69054,5.994,67850,0,7606,09:35,Fine,12,21,NaN,NaN,NaN,NaN,72102
20180508,67572,5.866,66357,0,7607,09:50,Fine,10,23,NaN,NaN,NaN,NaN,71912
20180507,67701,5.877,66277,0,7606,11:05,Fine,10,25,NaN,NaN,NaN,NaN,71718
20180506,64290,5.581,60583,0,7608,09:50,Fine,9,19,NaN,NaN,NaN,NaN,71519
20180505,51267,4.450,48629,0,7603,14:35,Partly Cloudy,10,21,NaN,NaN,NaN,NaN,71314
20180504,62808,5.452,62396,0,7607,12:50,Fine,9,25,NaN,NaN,NaN,NaN,71104
20180503,48459,4.207,0,0,7606,14:20,Partly Cloudy,8,20,NaN,NaN,NaN,NaN,70889
20180502,67077,5.823,0,0,7605,10:05,Fine,9,21,NaN,NaN,NaN,NaN,70668
20180501,62031,5.385,0,0,7607,12:05,Fine,7,20,NaN,NaN,NaN,NaN,70443
20180430,49413,4.289,0,0,7610,14:20,Fine,9,17,NaN,NaN,NaN,NaN,70211
20180429,38427,3.336,0,0,7612,15:35,Partly Cloudy,10,17,NaN,NaN,NaN,NaN,69975
20180428,44034,3.822,0,0,7603,14:20,Fine,9,17,NaN,NaN,NaN,NaN,69733
20180427,55713,4.836,0,0,7603,11:35,Fine,10,19,NaN,NaN,NaN,NaN,69486
20180426,56613,4.914,0,0,7603,12:05,Fine,10,19,NaN,NaN,NaN,NaN,69235
20180425,54690,4.747,54366,0,7603,13:35,Fine,9,21,NaN,NaN,NaN,NaN,68978
20180424,55590,4.826,55075,0,7606,13:20,Fine,9,22,NaN,NaN,NaN,NaN,68715
20180423,61839,5.368,60237,0,7604,10:20,Fine,12,28,NaN,NaN,NaN,NaN,68447
20180422,65271,5.666,63401,0,7601,09:35,Fine,11,27,NaN,NaN,NaN,NaN,68174
20180421,65073,5.649,64391,0,7605,14:05,Fine,8,26,NaN,NaN,NaN,NaN,67896
20180420,64602,5.608,55592,0,7605,13:05,Fine,7,23,NaN,NaN,NaN,NaN,67612
20180419,65058,5.647,64117,0,7609,11:05,Fine,7,17,NaN,NaN,NaN,NaN,67323
20180418,43149,3.746,41208,0,7604,11:20,Partly Cloudy,7,14,NaN,NaN,NaN,NaN,67029
20180417,61995,5.382,59457,0,7608,09:35,Fine,5,17,NaN,NaN,NaN,NaN,66730
20180416,34548,2.999,32403,0,7609,10:50,Partly Cloudy,5,12,NaN,NaN,NaN,NaN,66426
20180415,63255,5.491,57851,0,7598,12:05,Fine,9,20,NaN,NaN,NaN,NaN,66117
20180414,63477,5.510,63477,0,7607,11:35,Fine,10,24,NaN,NaN,NaN,NaN,65803
20180413,62913,5.461,62563,0,7609,10:50,Fine,6,19,NaN,NaN,NaN,NaN,65483
20180412,55971,4.859,54109,0,7605,14:35,Fine,6,14,NaN,NaN,NaN,NaN,65159
20180411,54771,4.754,54115,0,7593,10:20,Fine,7,18,NaN,NaN,NaN,NaN,64829
20180410,46146,4.006,44919,0,7608,11:05,Fine,10,20,NaN,NaN,NaN,NaN,64495
20180409,58893,5.112,54060,0,7604,14:35,Fine,9,27,NaN,NaN,NaN,NaN,64156
20180408,62109,5.391,59831,0,7604,09:35,Fine,9,18,NaN,NaN,NaN,NaN,63812
20180407,49803,4.323,45224,0,7608,13:35,Fine,11,19,NaN,NaN,NaN,NaN,63463
20180406,13311,1.155,10276,0,3612,12:05,Cloudy,13,17,NaN,NaN,NaN,NaN,63109
20180405,36414,3.161,32527,0,7593,10:35,Partly Cloudy,10,18,NaN,NaN,NaN,NaN,62752
20180404,54717,4.750,47464,0,7610,10:20,Fine,9,20,NaN,NaN,NaN,NaN,62390
20180403,59367,5.153,56414,0,7608,10:35,Fine,8,23,NaN,NaN,NaN,NaN,62023
20180402,57273,4.972,57273,0,7599,14:35,Fine,9,20,NaN,NaN,NaN,NaN,61652
20180401,59517,5.166,56833,0,7603,10:50,Fine,9,23,NaN,NaN,NaN,NaN,61277
20180331,49728,4.317,44519,0,7605,11:05,Fine,11,25,NaN,NaN,NaN,NaN,60897
20180330,56706,4.922,53545,0,7605,14:05,Fine,14,27,NaN,NaN,NaN,NaN,60514
20180329,58161,5.049,57662,0,7605,11:35,Fine,12,28,NaN,NaN,NaN,NaN,60126
20180328,57732,5.011,54793,0,7611,11:50,Fine,11,26,NaN,NaN,NaN,NaN,59734
20180327,56907,4.940,53546,0,7607,12:50,Fine,8,22,NaN,NaN,NaN,NaN,59338
20180326,58302,5.061,56193,0,7606,11:05,Fine,4,18,NaN,NaN,NaN,NaN,58939
20180325,54555,4.736,52911,0,7608,14:20,Fine,4,13,NaN,NaN,NaN,NaN,58536
20180324,25194,2.187,22903,0,5749,12:50,Partly Cloudy,7,12,NaN,NaN,NaN,NaN,58130
20180323,55659,4.832,52819,0,7607,11:50,Fine,5,15,NaN,NaN,NaN,NaN,57721
20180322,17853,1.550,16339,0,4574,10:50,Mostly Cloudy,7,16,NaN,NaN,NaN,NaN,57308
20180321,24795,2.152,24795,0,5973,11:20,Partly Cloudy,13,19,NaN,NaN,NaN,NaN,56893
20180320,8760,0.760,0,0,1872,09:35,Cloudy,10,13,NaN,NaN,NaN,NaN,56474
20180319,52800,4.583,50037,0,7608,11:35,Fine,5,20,NaN,NaN,NaN,NaN,56052
20180318,42741,3.710,36120,0,7607,12:50,Fine,4,13,NaN,NaN,NaN,NaN,55627
20180317,29577,2.567,28332,0,7603,11:20,Partly Cloudy,6,12,NaN,NaN,NaN,NaN,55200
20180316,21423,1.860,19791,0,7562,12:05,Partly Cloudy,7,12,NaN,NaN,NaN,NaN,54770
20180315,28260,2.453,27805,0,7609,14:35,Partly Cloudy,5,12,NaN,NaN,NaN,NaN,54338
20180314,24318,2.111,19877,0,7585,14:50,Partly Cloudy,8,12,NaN,NaN,NaN,NaN,53904
20180313,9823,0.853,8714,0,2105,15:20,Cloudy,10,17,NaN,NaN,NaN,NaN,53469
20180312,37123,3.222,3438,0,7603,10:35,Fine,11,23,NaN,NaN,NaN,NaN,53031
20180311,50091,4.348,46018,0,7601,12:05,Fine,16,74,NaN,NaN,NaN,NaN,52592
20180310,12497,1.085,0,0,3472,12:00,Cloudy,18,34,NaN,NaN,NaN,NaN,52151
20180309,47397,4.114,0,0,7608,12:45,Fine,16,68,NaN,NaN,NaN,NaN,51709
20180308,48698,4.227,0,0,7605,12:45,Fine,20,74,NaN,NaN,NaN,NaN,51265
20180307,43374,3.765,0,0,7607,11:00,Fine,NaN,NaN,NaN,NaN,NaN,NaN,50821
20180306,48126,4.178,0,0,7602,12:15,Fine,NaN,NaN,NaN,NaN,NaN,NaN,50375
20180305,50791,4.409,0,0,7607,10:05,Partly Cloudy,NaN,NaN,NaN,NaN,NaN,NaN,49929
20180304,45249,3.928,0,0,7608,11:50,Mostly Cloudy,NaN,NaN,NaN,NaN,NaN,NaN,49482
